T	U	Steps
0.0005786384597784249	-21.315087030347012	832
0.0005468939917279943	-20.998420657090772	1153
0.00029935670499294404	-18.50682231636942	729
0.0003061857030641071	-18.585584013019847	397
0.00030014534774701427	-18.51081083010765	336
0.000314978419699742	-18.64300652862218	434
0.00032272609164774816	-18.5619651499985	1136
0.0003084464605467147	-18.55042701141502	136
0.00031408990656827583	-18.576388385871997	117
0.0005866603284368779	-21.408179340601034	1135
0.000322346452998523	-18.666746557938175	508
0.0003179089539733233	-18.56908133828735	351
0.0003134615363141663	-18.508315835631436	795
0.0003018539084371586	-18.508577513050454	182
0.00031592369270491683	-18.536622819888446	272
0.0003265844867212778	-18.524625775025264	445
0.0005998129068341185	-21.498673273240904	1
0.0003241428671832559	-18.606021145205958	551
0.0005899782648046906	-21.41121682880324	13
0.00030668258360724946	-18.527844270824822	168
0.0005902808526848119	-21.41621443851663	65
0.0005973495837843636	-21.486357648807104	1
0.00030393004805575734	-18.549892269716807	471
0.00059573429145226	-21.47828183686073	1
0.0005931942570811578	-21.440478812666253	455
0.0005985430678655627	-21.492324589161612	1
0.0003084754987802511	-18.527696330265094	476
0.0005996785722671794	-21.498001654439197	1
0.0005692410097638622	-21.196499045154113	113
0.0005999543691016079	-21.49938052767841	1
0.0002990148019183484	-18.537908279918685	1237
0.0005999099721393234	-21.499158560724645	1
0.0005983104669580076	-21.491161678182195	1
0.0005967410108208489	-21.48331502877399	1
0.0005953160399538661	-21.476190747600793	1
0.00032290378708977013	-18.740827258155793	128
0.0005935481956335909	-21.436422671687566	7
0.00029875349142241824	-18.51605227741439	145
0.0005941535573849037	-21.44658219031319	201
0.0003060738854145018	-18.522219445929363	253
0.00030951782377762157	-18.623942383076045	857
0.0005941240543148671	-21.470231298854575	1
0.0005977040016471732	-21.48812959556473	1
0.00030449774568877904	-18.524620290180998	158
0.0005989121079945819	-21.492034099735342	2
0.00033020289140603485	-18.51652186480332	98
0.0003095512570631113	-18.517102077825065	594
0.0003021651262865054	-18.524843900444715	795
0.000306121357524918	-18.50154048067888	997
0.0005780178378936061	-21.220321393696114	363
0.0003124192581494287	-18.6196753273049	343
0.0003126475975474264	-18.59214429246784	613
0.0003400152049450381	-18.548400237387025	368
0.0005766316831320875	-21.325292639095636	1402
0.0005975626637021423	-21.487422962689507	1
0.0003048241622952098	-18.557096131979822	167
0.0003170445272193163	-18.660470282632463	57
0.00030221953183511886	-18.518949696910894	279
0.00031949316431055747	-18.57653896657223	538
0.0005997468860383727	-21.498343195817522	1
0.0003238880562455155	-18.670052495419935	574
0.000596504856890824	-21.48213435411135	1
0.0003211019858908204	-18.765518858226745	828
0.0003048429142235973	-18.5599387782627	642
0.0002988939315268889	-18.513439174842933	542
0.000598903258167222	-21.494125395791652	1
0.000596624322719322	-21.482731635201457	1
0.000298991233826889	-18.53285985660679	1342
0.0003308310107248927	-18.698290024647683	1278
0.00031067347322008283	-18.649969224458836	888
0.0003205044336987288	-18.648645684274104	532
0.0005600163077700775	-21.07721837995025	589
0.0005997698821217418	-21.498458166984722	1
0.00030498696679755893	-18.553570461570807	924
0.0002989741518571887	-18.51141838950337	1296
0.0003087733015919537	-18.545146522204533	889
0.0005746251119033927	-21.28008866917209	155
0.000305920309880338	-18.525787270413545	203
0.0003084965096393931	-18.591949001956696	915
0.0002985140623334214	-18.522417295875922	1402
0.0003083699998129484	-18.594740097909607	206
0.00035792700797608183	-18.98488449737082	371
0.0003391603019552172	-18.654198591972577	973
0.00030814635168863766	-18.517401616082104	376
0.0006000612682566546	-21.499914980455923	1
0.00031499583265096645	-18.623503975521338	896
0.0005993693662078733	-21.496455748513682	1
0.00031974071893232133	-18.53432114117555	185
0.0005976576482082254	-21.487897847014594	1
0.0005980229767069956	-21.489724342563466	1
0.00029747679452755217	-18.52260971351983	1022
0.0003567527545812578	-18.853488599380675	446
0.0003086162788482849	-18.623759756712342	497
0.00029488082130071653	-18.500402274610696	1606
0.0003161375270970317	-18.54583386771319	411
0.0003071587939045588	-18.507614490946903	142
0.00030960033530848783	-18.599033094827334	423
0.00030130086673322784	-18.53357198616402	412
0.0003166565228154443	-18.635576311235074	910
0.0005841697754278802	-21.36325351121298	316
0.0005976160823961787	-21.48769003467325	1
0.0003028426589732648	-18.512335668340576	114
0.0003066944705267993	-18.563499764601453	103
0.0005989632113694835	-21.494425137688168	1
0.0003086028127253978	-18.549595958712736	1101
0.0003066124615530535	-18.577748514538357	162
0.0003141723929592872	-18.66606900913726	844
0.0005999543149324671	-21.499380256854497	1
0.0003040591220515413	-18.511562982419346	335
0.0005946017837644125	-21.45062603453789	107
0.0005678181974196326	-21.217081491070207	955
0.00030508706309081046	-18.57107709753948	312
0.0005989733786414935	-21.494475969958664	1
0.0003016486199402718	-18.537433266291785	405
0.0005988214466805706	-21.493716371265183	1
0.00038452755073901967	-18.749654318930702	156
0.0003012001649524638	-18.519045727744842	756
0.0003087890531705801	-18.544456009506867	849
0.0003163706873129458	-18.50944185149553	409
0.0003566075759036264	-18.87176796465426	646
0.00030994245312300256	-18.625078934062625	367
0.0005909421542967612	-21.375234063649486	1004
0.00030643617253709257	-18.55437591766575	362
0.00029806666036051816	-18.516887130226333	674
0.00029951173129213365	-18.50587049553164	309
0.00032191520500819676	-18.5462219685923	344
0.0003201847400217364	-18.734867565337385	1503
0.0003131082868918931	-18.626875498106223	533
0.00030347180185498344	-18.51974023592166	364
0.00031524945772161655	-18.543600562716485	713
0.0003523823208959458	-18.778191660321905	327
0.0005979659584133372	-21.489439274029472	1
0.00030634423706817266	-18.501080116258677	87
0.0003226487293950084	-18.55032003262987	106
0.0003232711277978943	-18.7455040563606	695
0.0005705617072072104	-21.234259555994353	7
0.0005944057504051503	-21.449432076982806	34
0.00030842124358434683	-18.511551457175074	391
0.0005990069788390257	-21.494643957431418	1
0.00031061499156667736	-18.573580325423634	571
0.0003137402972329235	-18.611164090823987	419
0.00030264113089763543	-18.535863292730994	295
0.00029975050767973933	-18.50152434032623	468
0.0005863182637706107	-21.403792105054453	373
0.00031905251049678943	-18.535694661210286	128
0.00031122547795464883	-18.576953957236533	205
0.0003269708426794309	-18.676745440063307	311
0.000573651298341175	-21.265095073924197	27
0.0005992094039994467	-21.495656001812666	1
0.00030485384668844966	-18.520087876792726	851
0.00030341269903265037	-18.570393464245576	1344
0.0005999653216710616	-21.49943528612026	1
0.0002974522370474254	-18.50089693225482	687
0.00030163901314170976	-18.502091639524146	864
0.0003009793065705819	-18.50260151454874	350
0.0003174451744365437	-18.67775577173368	1017
0.00030891880593053724	-18.615230496875377	516
0.0005969230583450232	-21.484225193170438	1
0.0003031498240688057	-18.5328579275381	632
0.0003002120000182415	-18.515022362636667	378
0.0003311293364393828	-18.784326791262618	132
0.0003129646646923316	-18.516971349166685	468
0.00031297492660761544	-18.543691876608765	272
0.000346019239098796	-18.820800568407336	621
0.00030675445819713666	-18.61419227143894	207
0.00030714864598276655	-18.563568216415284	457
0.0003418810649338911	-18.865824394807532	831
0.0003139348945538846	-18.590732841867933	255
0.00029952330518270484	-18.561248924075855	360
0.0005976573959046333	-21.487896585598115	1
0.00031598294983316	-18.653907835185983	182
0.0005522217687353543	-21.073779213626786	1074
0.0005833377897369738	-21.416304314491658	1
0.00030292927963759873	-18.517807586986162	344
0.0002999831825853014	-18.53345336788905	1203
0.00032434897887688885	-18.777891055996978	912
0.0003133184360777996	-18.65125322429597	488
0.0003281757941774542	-18.639354568516193	404
0.0003178928753693452	-18.667382912180244	293
0.0003063524129447626	-18.56807261486403	218
0.000314372274750186	-18.53860094933718	1502
0.00030652119879362834	-18.566376006445406	239
0.00030883770741709394	-18.5985550300945	368
0.0005987842527021206	-21.493530416333353	1
0.0003146934502559559	-18.57114788904034	696
0.0003345514345652945	-18.650001409714925	523
0.00031468593249050965	-18.643167133395742	186
0.00030385074169366464	-18.544761424947623	327
0.00059879917217386	-21.493605007691038	1
0.0003080433058205593	-18.532978952962075	141
0.0002981880029716964	-18.543409230072527	1978
0.0005997232329283112	-21.49822493978113	1
0.0003074932218287492	-18.557839436652234	569
0.0005989548385236955	-21.49438327682701	1
0.0003036236706331254	-18.547898491921885	388
0.0005992187256083036	-21.495702606107546	1
0.0005982699869308529	-21.49095929432858	1
0.0003081994341437187	-18.544618256503583	840
0.0005648047854637138	-21.14971851161076	42
0.0005965462811757795	-21.481963376626418	2
0.00031519455298704177	-18.66292867143649	535
0.0005972176382825318	-21.485697974369984	1
0.0005977027092775757	-21.488123134236567	1
0.00030866460713468514	-18.508183975872818	968
0.0003119025516472887	-18.61238865123913	540
0.0005891439122973288	-21.395694027748227	7
0.0005998561474162735	-21.49888945875915	1
0.0003081944798083033	-18.602680303123826	310
0.0003001745695448635	-18.537217403679076	377
0.00030805996722413814	-18.625046966131073	1146
0.000305433376988801	-18.569945493807154	391
0.0005970326178278331	-21.48477294651671	1
0.00031172250991161793	-18.51812102414376	70
0.00030234933856243285	-18.52477105589685	207
0.0003002018665067337	-18.536577166103868	184
0.000598952962038819	-21.4943738951574	1
0.0005897966825584256	-21.40966811190731	234
0.0005980157411906696	-21.489688167892158	1
0.00032434766801521796	-18.514458470385925	622
0.00030472038626108564	-18.520970678464373	481
0.00030567546722429223	-18.576310370241508	640
0.0005991016002764107	-21.49511702655905	1
0.0005765659729319302	-21.275193470184902	23
0.00031844548560347566	-18.58679937613989	435
0.00031826713383404645	-18.672285946301773	678
0.00031016994276876817	-18.62360187496233	796
0.0003124482029800757	-18.603521375568114	254
0.0003164601590376064	-18.613718526111015	199
0.00029477564266673813	-18.504594932530537	1623
0.0003095200672708175	-18.531979145277365	261
0.00030666604732308613	-18.541649097178855	165
0.000303788285059893	-18.50027444714248	234
0.0003234216367704536	-18.752941201894348	463
0.0005969454685900998	-21.484337235381815	1
0.00031580965999895513	-18.51103041835527	337
0.0005976410373580498	-21.487814799445047	1
0.00030348819768800874	-18.51400744725662	270
0.0003499262515004044	-18.925418414985145	1121
0.0003227431494652823	-18.59970230437478	1011
0.0005735016040559072	-21.24575289819629	117
0.00030428509280331923	-18.51559628974226	219
0.0003002319080130116	-18.518494878383432	563
0.00030049844588966445	-18.506614015507157	575
0.000327398081121465	-18.706902878447018	617
0.00030813282490542345	-18.595689681394752	1004
0.0003055753912601992	-18.572323197659493	849
0.0005912050561018319	-21.455637481889212	1
0.0002996207899631229	-18.538290241063656	1458
0.0005480327857687564	-20.99415295036782	35
0.0005988541033871241	-21.49387964166254	1
0.000595607204171359	-21.47764645157416	1
0.0005956053272775345	-21.477637067859973	1
0.0005995162713884044	-21.497190215327112	1
0.00031531601001144366	-18.61290759780114	749
0.0005675298108267553	-21.215060415139373	11
0.0005943035235837863	-21.47112857301179	1
0.0003063158532056113	-18.55413830981567	548
0.00033564707129277654	-18.57283317370924	467
0.0005949076385449882	-21.474148904826468	1
0.00031982741161193194	-18.533496824874923	323
0.0005955758416164991	-21.477489651414725	1
0.00030462002598190713	-18.52055256231919	42
0.0003206657767204876	-18.704499896897516	585
0.0003268944448211458	-18.604625125950626	453
0.0003021588264835426	-18.535713335812257	1525
0.0005744217991708853	-21.260092796462445	548
0.0003063815914424656	-18.571584211393553	323
0.0002953472890918664	-18.531440380120923	1330
0.000556482083888452	-21.073035149523516	9
0.000312437777750561	-18.636739664036256	600
0.000572238358862292	-21.248378819984765	434
0.00031419606117473	-18.613064649550033	509
0.000305364588320255	-18.526945578665813	234
0.0003179574160678135	-18.607228451411164	202
0.0005982052341343168	-21.49063555639122	1
0.0005959145350625983	-21.47918298241358	1
0.0003226290694396444	-18.646805958143798	154
0.000302265082458731	-18.516126453053385	338
0.00031848652008898364	-18.671126366880845	532
0.0006000435034205615	-21.499826163420952	1
0.0003297530089935002	-18.75704140957043	243
0.0003016766238390375	-18.507352435943424	213
0.00031117169859231996	-18.60765409990614	270
0.00030859419593287364	-18.5838313794488	843
0.0005998213008632968	-21.49871524001049	1
0.0003002077636418212	-18.503791615188824	537
0.0005974564575061224	-21.486891974428403	1
0.0005990572079624362	-21.494895082844963	1
0.00030545822580232713	-18.539012578854653	120
0.0003457595087574871	-18.650447087796657	130
0.0005896369867237476	-21.423401277555154	785
0.0003195821461929653	-18.590218157029714	309
0.0005575543437203505	-21.086330543914123	430
0.0005998743256757592	-21.498980342744794	1
0.00030381730825659685	-18.52796566072857	324
0.00030468302633237756	-18.555676761809373	386
0.0002985609504988848	-18.505051881042462	547
0.0005880436074384105	-21.391759016895087	19
0.00036789799152583263	-18.966803824687684	376
0.0003188799395055058	-18.710141711520393	241
0.00031245664227906654	-18.57848220050517	736
0.00029624323941709153	-18.501524698236324	1071
0.0003300308416862491	-18.77833838265435	535
0.00031111150031775195	-18.600908324255983	286
0.00031259967572607014	-18.593742036084834	330
0.00030025388709637005	-18.50688548999799	260
0.0003010440149911089	-18.511530905539786	487
0.0005984980242944522	-21.4920993894238	1
0.0005908171104686644	-21.409997223956605	98
0.0005996343375468891	-21.497780498630142	1
0.0006000165332112974	-21.49969132322278	1
0.0005906713803064529	-21.413657617460366	121
0.0003037002560152049	-18.516090065344464	235
0.000596336636234911	-21.481293318494668	1
0.000340503743121538	-18.624504768496806	725
0.0005999740043355951	-21.49947869595053	1
0.0005993809525988926	-21.49651367580842	1
0.00033008659503237206	-18.77592783450825	565
0.0005965060339168225	-21.482140238767908	1
0.0003202388254780568	-18.70266219659211	789
0.00030500888387633394	-18.524671500752287	1111
0.0005980614414769341	-21.48991665094159	1
0.0003487779997488412	-18.99222650007806	766
0.0003075077653587146	-18.543220656471544	293
0.00031407937253001144	-18.611620381888752	262
0.0003302451840286498	-18.730142724664482	587
0.0003071364565611326	-18.57981747429256	503
0.0003082391171579032	-18.570754350157284	459
0.0005898618804553121	-21.431327457678023	1093
0.0005980981800495109	-21.490100329027232	1
0.00034831652273530203	-18.876347072296664	541
0.000577307123113982	-20.94319291781261	678
0.000303467087551657	-18.535841249202782	935
0.00030637974767350727	-18.545571233229293	509
0.0005974458541360009	-21.486838961842757	1
0.0003116433703803749	-18.539191418615665	361
0.0003037063593719369	-18.533054815615113	348
0.000596436294987249	-21.48179157217092	1
0.000539646461782915	-20.90166377916291	57
0.0003038224046756376	-18.57059414951322	1337
0.0005962713102825617	-21.48096671500878	1
0.00032852635971285677	-18.60329542438303	930
0.0003230764809482073	-18.647542894850623	404
0.000597132198118103	-21.48527080791418	1
0.00033193557599951084	-18.61537050144597	344
0.0003175465918512258	-18.594932629980143	625
0.0005995563404519399	-21.49739054452793	1
0.0005982212262664498	-21.490715510619417	1
0.0003211805413939882	-18.63158295222726	257
0.0005989607104227833	-21.49441263396061	1
0.000598039347120218	-21.48980618804496	1
0.0005778534549760082	-21.30954123707109	790
0.0005991156160384353	-21.495187099731655	1
0.00030927148692448756	-18.588822812319368	607
0.0005979341745999263	-21.47964865904448	7
0.000310095356064731	-18.611462879578088	369
0.00032115301603548166	-18.552552305620406	115
0.0003082991582403272	-18.532498723830024	552
0.0005761311610302119	-21.272488338781216	160
0.00030645465846117665	-18.567077422390682	589
0.0005979600226057976	-21.489409597379314	1
0.0003012022806014154	-18.505534960052604	299
0.0005951779649874811	-21.475500428306347	1
0.000316394551296082	-18.648725149983054	184
0.00030796046159272685	-18.613778877217413	1525
0.00030020492396534227	-18.519136665456898	418
0.00031153216884143107	-18.60344424170217	573
0.0003056099535977508	-18.5823420279841	671
0.00032949199583172514	-18.61366036294686	468
0.00034430914242681784	-18.636898062075346	159
0.0003019566465226777	-18.53153446832982	1020
0.00031007514819217033	-18.56196873113339	49
0.0005694755579348281	-21.224997160325348	521
0.0003291168050865025	-18.64327468700494	422
0.0003156020756923655	-18.675063864281242	232
0.0003037901459620919	-18.573197199732583	1469
0.000305343177811216	-18.544064413043067	839
0.0005881860609670759	-21.42906752557402	1063
0.00030725487713193113	-18.516179797207005	683
0.0003046807995384536	-18.517518790266045	573
0.0005967174890231365	-21.48319742924653	1
0.0005934867371181502	-21.43764828995072	217
0.0003333820392020727	-18.740410747666104	107
0.00031580754557692856	-18.601199080319876	602
0.0002971037273488762	-18.531676535052775	463
0.0003013018391607885	-18.51680976228362	740
0.00030252650766626337	-18.53286895104291	492
0.00033312887806276803	-18.776815978962063	107
0.0005998992290003292	-21.499104849350857	1
0.0005996512104822422	-21.497864856520156	1
0.00031834983784510384	-18.65760519344217	256
0.00030247009196400276	-18.5281606307486	259
0.0005983760435720276	-21.491489534875612	1
0.000313761120911819	-18.582869809084322	11
0.00033236234514969295	-18.648456409711123	406
0.0003058451336793699	-18.516070476549082	547
0.00030285169765528416	-18.528940563014256	664
0.0003045651296534898	-18.527061934305312	129
0.00031699856625262446	-18.549949092072055	439
0.0003077928802422254	-18.609185312733235	842
0.00030508627236573775	-18.557903806270446	340
0.00031752590151223214	-18.63469952291035	1028
0.00031160556736036074	-18.577776974819507	494
0.0003021719653174335	-18.56493501790364	513
0.00032929538557435755	-18.689440989517173	266
0.0005988084200380457	-21.493651243292224	1
0.0005627724068847443	-21.186723730084644	57
0.0005867748910081966	-21.381796061201804	5
0.0005925407907419425	-21.462315617821268	1
0.0003180650542517812	-18.62580956830422	350
0.0005988131391830096	-21.493674837118878	1
0.000596444493085726	-21.481832559365806	1
0.0003044031598660299	-18.568194216445224	608
0.00030275466406875536	-18.522493596503352	1394
0.00032009826321067325	-18.66833630153323	425
0.00031523049278379175	-18.63373480731189	109
0.00031648500970288056	-18.635679767787554	148
0.0005997223216120635	-21.49822038356645	1
0.0005991555663061072	-21.49538683500094	1
0.0003258077007383788	-18.730195812854575	166
0.000597283926185218	-21.486029387220633	1
0.00036061951421357375	-18.88867884533771	307
0.0003218640891870803	-18.691546314260606	181
0.00034424722670969605	-18.85365033004649	529
0.0005960192636391463	-21.479706583171662	1
0.0003046870360677896	-18.52253623974592	298
0.00031209139855202425	-18.60362679895099	107
0.0005982778622855572	-21.49099866793442	1
0.000599928193939419	-21.499249662395826	1
0.0003052349296520043	-18.527993771599117	273
0.0003086042370170616	-18.580462273090152	90
0.00030442449029339646	-18.558594840491526	150
0.0003206914887890488	-18.626960542534437	89
0.0003050379765544673	-18.535335354910117	517
0.000317133112879743	-18.54522204965829	326
0.0005743019007967342	-21.263140892139774	96
0.00030470315260245094	-18.540463642686735	800
0.0005998382075019962	-21.498799766403682	1
0.0003513970432516375	-18.59873731763045	691
0.0005971300772820168	-21.485260204586805	1
0.0003181994124747966	-18.561890478169573	661
0.0003209236025930441	-18.58661912150762	249
0.0005978097766584402	-21.4886584280755	1
0.000301682793248928	-18.501392237368123	738
0.00032015828817736535	-18.592712014079247	430
0.0003412099346403678	-18.92697328210264	305
0.0005929450250968081	-21.464336627001636	1
0.0002990590231697468	-18.500625713628256	119
0.000590079955742398	-21.450012432637756	1
0.0005990711741460051	-21.49496490814523	1
0.0005819110867355597	-21.35737110880946	1181
0.0005982229899275791	-21.490724328215673	1
0.0005820349392691951	-21.3370074739383	137
0.0005999881165066339	-21.499549251129427	1
0.00030849678496071704	-18.520263661789933	599
0.0003084362014355412	-18.531663003400926	456
0.0005984863559506426	-21.492041052398072	1
0.00031106782928754824	-18.53219538611397	696
0.0005985425178655331	-21.492321839382686	1
0.0005878916672047911	-21.404143970696424	142
0.0005934840062941008	-21.46703131619532	1
0.00030403576286747825	-18.512818274350586	120
0.0005997955115784068	-21.498586303959186	1
0.0005929230489462485	-21.464226755088237	1
0.000329204082918851	-18.638042203371796	224
0.0005999982179667798	-21.499599754367075	1
0.0002995285149151998	-18.52491337018212	800
0.000600066556449897	-21.49994141929508	1
0.00030376444451613884	-18.553925695188205	237
0.0005666838548464315	-21.169800844106128	6
0.0003019284417833296	-18.54776012075353	824
0.0005965656341306839	-21.482438215864402	1
0.00031077191217414557	-18.51392415029543	442
0.00032966028084314953	-18.741316254476754	857
0.0003080035043476912	-18.526762666975785	1259
0.00030606695509204085	-18.555387345942027	158
0.0005983043394522571	-21.491131043118088	1
0.00031354663514158765	-18.563257943103544	147
0.0003415277806867957	-18.685579460004924	583
0.00031171852890781994	-18.62645969647956	531
0.00030765649983214227	-18.57224016833756	232
0.0005800121748086436	-21.325499933359538	804
0.00029618136579762663	-18.500761906457157	937
0.0003388900206894282	-18.69206581843788	113
0.0005994827961799725	-21.497022852749584	1
0.00030062204765470246	-18.525459818806596	304
0.0003074548785769009	-18.576205431322002	250
0.00030703618135072573	-18.541742756478932	342
0.0002948990372498949	-18.50140493549803	1283
0.0003134826075171947	-18.526990009072637	243
0.0005973592949056257	-21.48640620050734	1
0.00030047475814090515	-18.525957195309807	433
0.00029773473891446474	-18.500198378581565	377
0.00030100275767849967	-18.532017653055473	48
0.00030357458558087045	-18.53920954945156	717
0.0003078940905700257	-18.505968942543426	1107
0.00031825054480275115	-18.6760849675816	329
0.00032423223210257954	-18.65966631825827	470
0.0003353981733047629	-18.604286980112303	896
0.0005823206504448603	-21.329348230750302	2
0.00030143942748637987	-18.54448746124366	531
0.0004388917391595702	-19.937951363129827	2575
0.0003274715421398624	-18.77511608995662	200
0.0003366623901501885	-18.68266078392747	267
0.0006000463896244017	-21.499840593279245	1
0.000595133075413874	-21.47527599849411	1
0.0003426452584742102	-18.740745766123595	896
0.00031094679059688216	-18.5139916329018	168
0.0003040524265919829	-18.53013082197348	800
0.0005925481994587358	-21.462352658425246	1
0.00033408430170029973	-18.700600419199073	433
0.0005988030438206268	-21.49362436436759	1
0.00030869828510463276	-18.54468742634394	449
0.0002979973550895877	-18.503787865076227	573
0.0005987780481065044	-21.49349939585093	1
0.0003132436454314883	-18.626288374919547	365
0.0002990530957290465	-18.51075719757349	407
0.000600041994000166	-21.499818616926103	1
0.00031663644786575026	-18.687856349262926	258
0.00030351628457332924	-18.527429592638324	752
0.0003021133021281128	-18.5470729465942	835
0.0005774469882983482	-21.293377227736784	211
0.0002997349050226161	-18.514198142155394	245
0.0005833569801361825	-21.33294001732462	532
0.0003518214903151657	-19.015455591356556	735
0.00030753721159644434	-18.580783040417337	200
0.0003118353754672253	-18.65289127061876	439
0.00030692733810782567	-18.56712846687257	303
0.000326022682518742	-18.61799765977572	285
0.0005993854279638334	-21.49653605083301	1
0.0003050897630500023	-18.586431503844306	515
0.00030097590473856357	-18.50813884278337	48
0.0003184081402531174	-18.64072900473178	330
0.0003188350865347088	-18.600821902554635	241
0.00031469570654805366	-18.67397477719242	1454
0.0003049707735689694	-18.501232898424423	1516
0.00029913522512880467	-18.513225959297458	717
0.0005999164181721772	-21.499190788296147	1
0.0005836323129533425	-21.338154004594003	13
0.0005977850603811374	-21.48853485663054	1
0.00030676050837416454	-18.558357662214117	430
0.00030675659967754676	-18.520466109071226	425
0.0005804156014198028	-21.321859274231283	618
0.0002993138247844509	-18.508327055638116	420
0.0003186346456202362	-18.56803987489403	239
0.0003017426529208885	-18.53950897154476	195
0.0003113590965633999	-18.6007601992716	295
0.0005659961889403055	-21.17785640424625	571
0.000309622759193394	-18.54792556821483	614
0.00034409536898613753	-18.79974544946825	276
0.0003007759794602351	-18.54319657139516	429
0.0005918120081868896	-21.423145602257204	36
0.000579616541538843	-21.326329320096665	13
0.00031396589872640605	-18.53138936618976	438
0.00034165294237057623	-18.503258385950765	178
0.0005648399785089202	-21.200191898051173	36
0.0005830041205398604	-21.345437154468733	375
0.0003077372386006843	-18.535933417998766	296
0.0003030319744197654	-18.54441325030266	277
0.0005958772043689383	-21.47899634396069	1
0.0005982092300842818	-21.490655534533765	1
0.0005989721913448632	-21.494470033953075	1
0.0005943953973189313	-21.45062628816185	13
0.0003304873217163118	-18.605703389845925	396
0.00032974147713976876	-18.716679041754578	656
0.0005849996461598006	-21.371758053567355	3
0.0005880737251354389	-21.400897645747936	67
0.0005998843730041462	-21.499030575345422	1
0.000599139733230849	-21.49530767599314	1
0.00030871586313308425	-18.610577241178582	265
0.000300980576226111	-18.561721628834345	450
0.0005767586664170951	-21.14522914689998	241
0.0005989663835586336	-21.49204213226566	2
0.0003151995538094924	-18.630397944272918	366
0.0005929540929260335	-21.464381962500436	1
0.0003041930723857651	-18.543965412328788	1414
0.0003251215556120799	-18.52861014490951	725
0.0005955332582432242	-21.47727675167653	1
0.00030802379133570653	-18.549899181189126	321
0.0005980752217333985	-21.489985546681122	1
0.000598953091657724	-21.49437454319979	1
0.00030464383335491	-18.51363426299144	295
0.00031002552941468295	-18.649943966298103	1274
0.0003223708504657575	-18.7026813470969	205
0.0003056025411893436	-18.523989093938127	148
0.0002979633636895889	-18.501823291300774	678
0.0005858697759440075	-21.363735977798672	328
0.0005997697292683747	-21.49845740277937	1
0.0005985659095965795	-21.492438788629133	1
0.0003221262472058976	-18.66539476116101	235
0.0005903967566724996	-21.405305463819914	12
0.0005872252081255499	-21.383919255900583	343
0.0005969500204496377	-21.484359992848624	1
0.00031186769278226435	-18.603758750623772	582
0.00030237083219827757	-18.55208832338082	599
0.00030102056078685607	-18.500635556390296	204
0.0006000243329438858	-21.49973031874846	1
0.0005854316528749469	-21.37999219245767	70
0.0003513721955836635	-18.67414246158017	230
0.0003030239815016433	-18.536445641428305	1141
0.0003028183214431678	-18.561725621254837	395
0.00030575357224970256	-18.537940839643493	356
0.0003062700807762055	-18.513493321452657	1134
0.0005988839403595972	-21.49402881452367	1
0.00030366039241978745	-18.517972895336033	138
0.00036372318015064	-19.067014546576974	301
0.0003019896258074515	-18.503841667801332	127
0.0003004381885881225	-18.50879038280268	672
0.0002977504892851958	-18.54224510193967	1951
0.0003245452341984426	-18.567231052190323	153
0.00032306306110446595	-18.724786213615065	175
0.0003052085629269412	-18.539439177161576	550
0.0003398640787848438	-18.815752018910906	897
0.0003076366613119652	-18.58615964422536	593
0.0005971705295575956	-21.485462449693703	1
0.00029480665680413267	-18.504358082389366	1789
0.0003018928423234316	-18.513462984838878	426
0.0005924504021594828	-21.461863711265696	1
0.0003134282703874658	-18.679499344814882	1097
0.0006000474280413613	-21.499845784946363	1
0.0003011469322628961	-18.523969582758777	667
0.0005947840924398959	-21.47353122399458	1
0.0003136564421176898	-18.584918981627787	157
0.00030403569213263536	-18.544432697517056	133
0.00030995154168577364	-18.63394939121046	569
0.0005965497573924896	-21.48235883855948	1
0.0002988180685667549	-18.510216872568996	642
0.0005987657436339191	-21.49343787843719	1
0.0003226761789678805	-18.62941677772559	957
0.0005766270537448724	-21.291402085295775	2
0.00030175674982152017	-18.542470301725693	519
0.00030192317538481935	-18.533753073216225	534
0.0005753355329771333	-21.232654594542424	1511
0.0003379046213897489	-18.841426043606585	468
0.000322284098523807	-18.551452789849538	415
0.0003549204097144938	-18.772098363893857	370
0.0003097067967248669	-18.55693007502718	368
0.0005982301572892028	-21.490760162140884	1
0.0005955304936158275	-21.4707007308248	2
0.0003158363402758696	-18.538560661282315	339
0.0003056350588725525	-18.54850164396483	118
0.0003021481071834333	-18.534167538234012	435
0.00031617495668649897	-18.64116599278432	614
0.0005964278884003792	-21.481749542617926	1
0.00032719830163358563	-18.770437044899186	221
0.0003039734040282349	-18.50108354158916	383
0.00030577123538132845	-18.543012971125194	306
0.0005956066937635127	-21.477643899740226	1
0.00034065396969028993	-18.913701326049033	192
0.0005962102923674533	-21.480661649976287	1
0.0005967360981328985	-21.483290467310255	1
0.0005993413009706386	-21.496315433616104	1
0.000325751889915939	-18.752597124106902	230
0.0005846149220148589	-21.37022721447965	10
0.0005832647669734122	-21.351045768119622	160
0.0003029565855983966	-18.501916449424783	538
0.00031932490633243527	-18.569743073300607	760
0.0005943351869669519	-21.45794869036199	4
0.00035264439773986106	-18.885066758820518	397
0.0005990711929898044	-21.49496500235665	1
0.0003505317458350658	-18.955056452421896	459
0.0003027688895260388	-18.50671000509486	349
0.0003224436730502452	-18.724289681645487	469
0.0005931950696357234	-21.45358350923077	3
0.000598619436264945	-21.49270640044109	1
0.00031814834673054226	-18.649980164447694	440
0.000301419141128907	-18.50786169950871	771
0.0005960860943503622	-21.480040709846627	1
0.00030549771901016847	-18.541136843461665	145
0.0003214744063349109	-18.579086433173835	317
0.000597571590907509	-21.48746759512558	1
0.0005998806051714845	-21.49901173769764	1
0.0005992039976948389	-21.495628972464186	1
0.0003066462569722948	-18.606799000620526	325
0.0003155429181564256	-18.59805642958277	169
0.000589617311082719	-21.41616352356588	2
0.0005962998512876684	-21.48110940855435	1
0.0005994586023692647	-21.496901893427452	1
0.0003015745945937374	-18.55231233989123	920
0.0003065776086675965	-18.58733120306017	907
0.00030232017583091197	-18.5533549102184	483
0.0003065519093242747	-18.575674009738186	1269
0.0005974948452827448	-21.487083897870917	1
0.0005992204195319701	-21.49571107504454	1
0.0005987555917926268	-21.493387123314076	1
0.0005971058272297543	-21.485138964079518	1
0.0005971425619413375	-21.47401035358811	2
0.00033034793383332874	-18.798729198937494	250
0.0002945552470214615	-18.500565686763256	552
0.00030800254640868705	-18.55695685703669	250
0.00032288698170632033	-18.601962093127206	278
0.000600052543859615	-21.499871361979913	1
0.00031915496064446517	-18.568083681633226	197
0.0003048243470335474	-18.51775051953008	166
0.00030460513550926115	-18.55116878754913	329
0.00032266952947083256	-18.615870343275205	604
0.0003028576805343506	-18.511956952534444	614
0.0005948541878647639	-21.47388167292465	1
0.0005985573947001029	-21.492396217571674	1
0.0005624236596820125	-21.218077054212564	13
0.00030836459279288974	-18.585140308831193	545
0.0005975920049368922	-21.48756965706142	1
0.0005998223936883548	-21.49872070369622	1
0.0003112736516486348	-18.665442654005062	974
0.00032131421901138716	-18.607915202105897	564
0.0003056920786436539	-18.545670418312294	495
0.0003120508097621551	-18.597100238394624	559
0.00032353541099819236	-18.53382462401895	471
0.000321718828791275	-18.660239433317955	387
0.00036015155379128986	-18.780115315052026	549
0.00031115979017159274	-18.54632412205289	623
0.00030610326726216965	-18.581186609603545	421
0.0005913533607408416	-21.456378945432135	1
0.00033610922827643716	-18.82718686623652	466
0.00030112847258128824	-18.503514259753373	554
0.00033011242733905783	-18.680682433927682	795
0.0005993231490645061	-21.49622468138663	1
0.0003250835709603382	-18.704966445479393	407
0.0005996684024996749	-21.497950809692227	1
0.0003173595996140062	-18.680251296852305	435
0.0005992393424377281	-21.495805681962025	1
0.0003350567851743379	-18.740399688604366	221
0.00030082211290443636	-18.524209796209345	361
0.0003030634423174507	-18.555617372582432	611
0.0005948333824876504	-21.473777654407566	1
0.00031873422657372277	-18.529454901241415	111
0.00031352411573553577	-18.50686945522537	710
0.000600039596955556	-21.499806632667212	1
0.000314745979409496	-18.664117917399142	850
0.0005994226025322217	-21.49672190872234	1
0.0003050819269356998	-18.573613839883237	719
0.00032192128931289636	-18.5724381705744	227
0.0005918464233801694	-21.427611412600932	7
0.0005988551096917823	-21.493884672781068	1
0.0003196830698676833	-18.620157293552918	866
0.000589305278168278	-21.44613935636337	1
0.0005854715166663934	-21.37204620076113	609
0.0005992531872836147	-21.495874900622688	1
0.0005727220610270245	-21.264119995627297	73
0.0005986237208553501	-21.49272782166974	1
0.0003068858002151069	-18.542103749786868	239
0.0005999202522970372	-21.49920995737826	1
0.0003191928151643849	-18.691950405623153	555
0.000305485918377527	-18.554087768302427	124
0.00030887138821491936	-18.560203201597428	203
0.0004406791648718694	-19.49459020812965	1974
0.00031397303413186194	-18.53051821001971	676
0.0003362094857242192	-18.81602042971573	9
0.000585954744037857	-21.371239639677174	135
0.0005988415927122751	-21.493817093320427	1
0.00030524002139824773	-18.512673591956904	805
0.0005987705123370773	-21.493461720034883	1
0.0003797678997430019	-19.2790129469811	370
0.0003369565977925634	-18.884648698854257	310
0.00030383348818809546	-18.5548953680598	670
0.0005936616662082707	-21.46791954430656	1
0.00033690751830568337	-18.687788020227558	382
0.0003052083854496473	-18.511789964895513	460
0.0005979896159499243	-21.489557552196707	1
0.00031244685189665724	-18.55631978777402	176
0.00031819269759881646	-18.555561164966964	869
0.0005993471597432623	-21.496344725122665	1
0.0005987406872365788	-21.49331260652885	1
0.0003640146237619031	-18.801277331388942	454
0.0003076930511682722	-18.600003734892468	658
0.0003021584026368961	-18.51150273929777	452
0.00029956435545849027	-18.505748515968424	422
0.0005999734256123993	-21.49947580256733	1
0.0003107974655671656	-18.597744250906267	96
0.0003147802802564121	-18.68485733183382	890
0.00031609944726928045	-18.664346347998066	688
0.00030153979877582573	-18.534080834106316	639
0.0002993423325000691	-18.524870447744394	601
0.0003151549844738454	-18.673943994404016	292
0.00034394972599113377	-18.846747102053783	131
0.0005999350677509692	-21.499124722203028	2
0.00030308841792474545	-18.505155311719744	461
0.0005761800990542906	-21.270493150988663	153
0.00031400990125864326	-18.66863576405303	703
0.0003016079347501497	-18.523918306516784	120
0.0003004927712102077	-18.52616353002476	611
0.0005945188675844206	-21.472205206397796	1
0.0003023822102610644	-18.54023899671183	1939
0.000335545173482795	-18.784290141540634	707
0.0005989124530094124	-21.49417136630419	1
0.00030490380094644256	-18.557926641215534	484
0.0005963903845707896	-21.48156203855503	1
0.0003270457836516899	-18.564852999791533	200
0.0003094773458147477	-18.546958395943605	388
0.000594999834859308	-21.474609849314223	1
0.00031349558581854564	-18.60304867580123	538
0.0005979637524481619	-21.489428245090895	1
0.00032026913317261896	-18.68786224875606	323
0.0005982772769076345	-21.490995741280262	1
0.000305749561897462	-18.59038738351419	711
0.0006000398455174492	-21.4998078753767	1
0.000301872609464482	-18.500126853957973	357
0.000555782780380268	-21.078354273941777	608
0.0005977784089225256	-21.488501602012875	1
0.0005987463370127916	-21.493340853137422	1
0.0003168900065726931	-18.67755202548487	245
0.00031881279819649536	-18.60844673585988	753
0.0003033420398087046	-18.52389268551522	960
0.00030341518527271814	-18.527388449561315	179
0.0005914805448899762	-21.427466527144038	52
0.0005997816228501772	-21.49851686590446	1
0.00031011479522378646	-18.616618415323792	456
0.0003028664705376368	-18.505098805564902	278
0.0005984669180232495	-21.491943870579565	1
0.00029628188496259124	-18.529825725314637	779
0.0005968665189102634	-21.468759357644075	2
0.0005945377700206133	-21.47229971097569	1
0.0005975843813142317	-21.487531542014544	1
0.0002988108494360904	-18.513873920718645	522
0.00030946089419447455	-18.60795450214774	594
0.00030362572759659855	-18.539330495950647	200
0.0003185813278429968	-18.653491793165987	442
0.00030836955137250886	-18.56953279119243	517
0.0003041820255711202	-18.517878566420503	4
0.00030888139049908126	-18.50458418068468	133
0.0006000067991442197	-21.499642656802692	1
0.0005488775619644583	-21.00136960955805	477
0.0003099412267245736	-18.62346281639251	204
0.0003041738377608033	-18.54234144960599	450
0.0005808678931544243	-21.36993077588285	198
0.0005970746709322427	-21.484983195123863	1
0.0003109509525365216	-18.585070956036574	199
0.0005992682916171524	-21.495950416215006	1
0.0003032939821087615	-18.50037662704458	524
0.00059832591731378	-21.491238923746508	1
0.0005954873013999138	-21.477046985945062	1
0.00031241497006751493	-18.511951944497692	185
0.0002991945212518945	-18.504480076972737	265
0.0005983801725554357	-21.491510178131865	1
0.0003163390380468676	-18.656560886466078	75
0.0003080954947039895	-18.51340306980942	903
0.00031944398112158115	-18.728622033568996	998
0.00031108848694418116	-18.54191069372211	239
0.0005995267524359798	-21.496151115801297	3
0.0003008184494073276	-18.5073703039722	564
0.0005901127532824218	-21.45017640714582	1
0.0005985056424802676	-21.492137477288637	1
0.0005983608902196992	-21.491413774209054	1
0.0003352686290285403	-18.51861049770584	219
0.0005954973471850193	-21.477097210829903	1
0.0005987323751110432	-21.493271049244534	1
0.00031307956218768694	-18.597887987146663	136
0.0005905142006015639	-21.45218348226859	1
0.0005860986335364454	-21.36767582233464	17
0.00030299292758244263	-18.56301455023578	286
0.00030353611067072256	-18.54273910431369	288
0.0003189050840615082	-18.665893744281416	318
0.0003134937509572374	-18.627572949515123	134
0.00031261886730956756	-18.50112812104928	40
0.0005943993824477104	-21.47160782877439	1
0.0005997613653129787	-21.498415586366598	1
0.0005997003460626218	-21.4981105146584	1
0.00029964377883636464	-18.535091059678997	264
0.0005930169026438143	-21.44203623506221	532
0.000593459680465685	-21.466909696837746	1
0.0003073261697423162	-18.555014085049827	667
0.0002998768742916777	-18.513724729974538	510
0.0005981340606596473	-21.490279717645763	1
0.000317820592898712	-18.634442209668613	133
0.00030961540222611137	-18.600455763687687	128
0.0005976373042331655	-21.48779613532219	1
0.0005996659288766366	-21.497938442571996	1
0.00030525728056142134	-18.55704807100515	214
0.0005990350374851444	-21.49478423937607	1
0.0003017563317412722	-18.5247360781861	672
0.00031555593432082375	-18.619514732984754	517
0.00031626720906346653	-18.587685045834508	69
0.0005965712164005252	-21.46917691691186	4
0.0005984367063156318	-21.491792824193443	1
0.0003156219811501143	-18.531823330182966	2264
0.0005719371551371883	-21.28571326575038	1543
0.0003071538954831881	-18.5612628432528	236
0.0003427480661602317	-18.897349561107326	333
0.00035021759070075827	-18.768832382747497	597
0.0005412012387381327	-20.919099371908604	194
0.0005804061588653692	-21.310145363906198	27
0.00030352614823173286	-18.555349309992835	577
0.0003078706722095241	-18.53971014878737	1297
0.0005957476066474571	-21.478348407480986	1
0.0003014744954201103	-18.52136765006191	364
0.00031192673201983886	-18.52233810007846	300
0.00032374348475164077	-18.736191038576486	620
0.00032138905926741795	-18.563989623450546	607
0.000338926119515241	-18.81682070334324	722
0.00031115216646888005	-18.520705067397202	499
0.0005954207812368539	-21.476714411885965	1
0.0005777673831880447	-21.28905089094759	537
0.0003099641499585426	-18.552982921104235	578
0.0005996217302018402	-21.49771746697591	1
0.0005578800385393977	-21.086863277627682	40
0.00030320021501982963	-18.509523591738528	577
0.0005992344360682745	-21.49578115208823	1
0.0003044105732560848	-18.53879695242703	251
0.0005750535909234889	-21.25147158821608	35
0.0003090856294371672	-18.515640356244333	2601
0.0005998761185038487	-21.49898930616412	1
0.00035170177862562854	-18.66163847622068	422
0.00030643169778403744	-18.549316539351164	698
0.0003314898601052109	-18.749497750268727	553
0.00033199512315452203	-18.752328515618128	361
0.0005999940457635397	-21.499578895029046	1
0.0005987756364187081	-21.493487338381993	1
0.0003043147409499597	-18.55611466710623	449
0.0003219263857276125	-18.605682398398734	272
0.0005985112084135482	-21.49216530471627	1
0.00031182650367418577	-18.57295276644532	167
0.0005971476346967934	-21.485347984598622	1
0.0003046807054652476	-18.586502972402172	1195
0.0005972343055715308	-21.485781304110947	1
0.0002993655421691137	-18.5024812288434	456
0.0005776714850071802	-21.300229883819632	117
0.0005976937724589227	-21.48807845373793	1
0.00030738407029687494	-18.565860969514173	18
0.00031096614077194215	-18.546853026088996	134
0.0003220446257969399	-18.502343451573545	551
0.0005964773648167332	-21.481996904798947	1
0.000598594598655325	-21.492582222383348	1
0.00031546740544767814	-18.594629199241066	529
0.00031152414900188644	-18.5106311162658	511
0.0003301758909218054	-18.59402645073771	341
0.0006000601928756889	-21.499909603983642	1
0.0003183951295042701	-18.711903593408845	670
0.0003042148723332116	-18.53656316890578	374
0.0002996720338777904	-18.541476247726578	1052
0.00030676270854765363	-18.507663577028115	387
0.0005883173704630135	-21.441200215200176	1
0.00032480800521654215	-18.599416481388506	797
0.0003228078362333534	-18.744674686990205	426
0.0003040555736170342	-18.541393871596256	612
0.0005951770204705234	-21.47549570610147	1
0.000309279669737194	-18.52489793248182	722
0.0005993391720958473	-21.49630479009844	1
0.00030928962092603354	-18.58938225658719	589
0.0005979753123762571	-21.489486040081655	1
0.00030080678238521725	-18.52984820656698	509
0.0005720210370858895	-21.237228522188392	14
0.0003031177795639805	-18.569994942398417	1096
0.00032152857223121707	-18.695642460636353	122
0.00033046932624249863	-18.799566675310263	581
0.000305638782037984	-18.506606336370655	1029
0.0003361775117717716	-18.508889973693414	315
0.00034254451265914676	-18.872353641170804	234
0.0003079260395486927	-18.523044002466754	22
0.0005988100279191539	-21.49365928205103	1
0.000306806867857326	-18.50889440162726	936
0.0003066967146083202	-18.549171176525654	744
0.00030125156294790037	-18.518882561542195	181
0.0005968474339323305	-21.483847101525154	1
0.0003081972792996663	-18.52883900825456	89
0.0003278889437691968	-18.685074813251592	319
0.0005972306226215257	-21.485762890842302	1
0.0003100245932811735	-18.53699882516999	559
0.0005993043247465259	-21.496130567368375	1
0.0005772099961149522	-21.31713375499773	1409
0.0003286186534152283	-18.677256893872983	258
0.00030575106575333837	-18.553732014537204	278
0.0002956248669027395	-18.503607512369197	570
0.0005985688374960916	-21.492453426949016	1
0.00031457138757570225	-18.65544653827638	624
0.0005987779796028529	-21.493499053360225	1
