T	U	Steps
0.0004185733140339789	-18.859783848835654	17
0.00033088500232222976	-18.545199867936212	39
0.0005851694702268361	-21.42546198018967	1
0.0005069767207443994	-20.341556457453862	13
0.0005066889720012743	-20.560410939800825	5
0.0004618339859367355	-20.20742750665601	5
0.0004915148786413141	-20.143804302085975	6
0.0004913256561779362	-19.247638557959895	10
0.00048537490218245814	-19.443495773820345	5
0.0003789848405865335	-19.15766077281011	5
0.0004802921973841273	-20.53435785769755	11
0.0005360353727762671	-21.179811255996096	1
0.0002749533251117565	-18.524600387051176	10
0.0005954127890652609	-21.466767323725534	2
0.0005822682400561501	-21.41095699628927	1
0.000473821938353329	-20.31244811291773	10
0.00039195013540774417	-19.14792080143078	9
0.00040569958566576353	-18.502284912940354	11
0.00047631396984760865	-19.741574661872455	4
0.0003866681755302672	-18.572813348476174	3
0.0003385255614486766	-18.617689045451005	3
0.0003803623496695577	-18.79279540375634	5
0.00046340802315047877	-19.641520276458873	18
0.0003124596631580848	-18.569063872731643	10
0.0003266498201782403	-18.744381334932395	24
0.000549416725387953	-21.246712636713575	1
0.0003509234641773598	-18.68048690912907	11
0.0005368139949265386	-20.561443479876875	5
0.0005614303305988627	-21.306775830572068	1
0.0005938680109216698	-21.46895118487615	1
0.0005943619556524388	-21.471420709852097	1
0.00048582229297211224	-20.18116029198552	2
0.0003853061185130563	-19.209270053105243	5
0.0005793963272128333	-21.39659858723349	1
0.0005912791036723507	-21.45600768995788	1
0.0005514427957980002	-21.256842173823642	1
0.0005312498555715967	-20.8535701315894	4
0.00031107497106670615	-18.781187083483157	5
0.0003788120785278357	-18.577516385310897	19
0.0003870265943355326	-19.18090216235239	6
0.0005102704251052065	-20.596098108668166	2
0.000334038749483982	-18.85958365362571	13
0.00045661291999674937	-19.658226107241514	5
0.00034758711878750225	-18.573727093799178	8
0.0005472117350752396	-21.017263838359344	12
0.0003406487614265267	-18.772530915097878	4
0.0005949420385325062	-19.52954944928267	23
0.0005947574211771824	-21.473397878408914	1
0.00033750910934274547	-18.512045685097558	5
0.0005169086764743343	-20.74464798223348	5
0.0004905690217804693	-20.487425768414226	53
0.0005939530522387266	-21.46937635725552	1
0.0005731394475366363	-21.36531670553828	1
0.0005404378286679992	-21.201821764668253	1
0.0003579395731839202	-19.242861460527312	27
0.00037366952767563537	-19.012491465514756	7
0.0004202450653170377	-18.72498313228672	11
0.0005914705584232992	-21.456964886704355	1
0.0005656686787023754	-21.327965866311704	1
0.0004232308502741331	-19.742960012904792	9
0.00043322412057438474	-19.765948586478217	2
0.00047184887248779075	-20.231739941385154	11
0.0005911470581753479	-21.455347515585125	1
0.0005896384652011927	-21.447805157511134	1
0.00032484777042894353	-18.509686324271858	12
0.0005146894623034816	-19.463734370228053	6
0.000578518183214307	-21.392208220454062	1
0.0005995521938605134	-21.49736981323867	1
0.0004845002603467844	-19.106705389107514	18
0.0005960736469940898	-21.479978478071928	1
0.0004698898509388743	-19.461781232739053	16
0.0005985544397058463	-21.492381443788968	1
0.00030181588572446066	-18.508175761922605	14
0.0005857800673784299	-21.428514720348996	1
0.00041428321910897314	-19.913215817441888	17
0.0005550380242901986	-21.27481687018676	1
0.0003710732839353946	-18.775273612632812	9
0.0003817273871135692	-18.538676524743146	6
0.0005332406696125873	-20.843331725029913	2
0.0003610372714926997	-18.910754923268343	12
0.00031814387006642245	-18.646721259892463	13
0.00048546552396096655	-19.763564886333807	6
0.00042026468201921416	-19.954801946833165	3
0.0005361856289074925	-21.180562476215155	1
0.0003436572035325089	-18.671081338675474	4
0.0005502393949534507	-21.129194510187453	2
0.0005478193104765076	-21.23872620467971	1
0.000413117930138253	-19.49078852880406	8
0.0003410142473671417	-18.716575633408056	13
0.0002997216543822113	-18.53260253488611	5
0.0005652472350448879	-21.16895760139998	26
0.0005764314623266102	-21.295013846211443	3
0.0004296419960090313	-19.476760531760753	11
0.0005268636847864551	-21.12065181327877	2
0.0005578959807062816	-21.263745615870786	2
0.0005172535964162376	-19.49558999138031	12
0.0005922493230334746	-21.4608583965151	1
0.000551095281666781	-21.255104742947104	1
0.00036101027484319723	-18.8579666471523	26
0.00044987210020544846	-19.958433967738994	11
0.00036007769101408465	-19.061463228351027	12
0.0005577044476453159	-21.288147914454957	1
0.00039728144760080644	-19.2916438747287	9
0.0005961172108447401	-21.480196279802623	1
0.0005926928883343899	-21.46307604460575	1
0.0004926754803367493	-19.74936551419459	6
0.0003910462751236232	-19.167914393089053	4
0.0005348996530779812	-20.5003776742683	2
0.00028735588609904504	-18.572251753505668	19
0.0005889831425695778	-21.4445288079415	1
0.0005651297085827215	-21.325271232501755	1
0.000363209689884283	-18.520552939530244	12
0.00042638731698031154	-18.806432782379336	25
0.0005834649738990519	-21.416940184145147	1
0.0005795725149151599	-21.39747945487768	1
0.0005894917430220691	-21.447071605631134	1
0.0005220223904055047	-19.239297442042417	7
0.00034944172564406223	-18.687207829496057	4
0.0005949936557532981	-21.474578956269575	1
0.00036295830458780873	-18.837127756374993	17
0.0005532889381459606	-21.088991578094348	5
0.0005706052930755074	-21.32564280414957	2
0.0003820380152398898	-18.963656021028587	12
0.0005837105532717198	-21.39361262692207	2
0.0004975825810848912	-20.172721004920604	4
0.0005800619310538163	-21.39992633871459	1
0.0005854198149679392	-21.42671360319978	1
0.00037497414061091726	-19.327828596746947	9
0.00042807850505614196	-19.193615127217328	4
0.00045440223990939754	-19.768923062676638	8
0.000433808793794758	-18.523561266258586	8
0.0003577941337236435	-18.983633217006055	7
0.0004573379845780934	-20.158489852779795	17
0.0005946176973217838	-21.472699315332626	1
0.0003517677780093251	-18.919775937821164	11
0.0003562422958367834	-19.084454409431817	9
0.0005053986374933826	-20.042815529325896	5
0.0005983028525679346	-21.491123609294544	1
0.0003365861161582263	-18.880626684028762	14
0.0005696007039756118	-21.229409288149267	8
0.0002852633991281825	-18.6627577753039	9
0.0005914075277785956	-21.456649758833464	1
0.0005761416756723228	-21.380326638639577	1
0.0005715253339645342	-21.357246786917784	1
0.0005873358869398469	-21.43629319236349	1
0.0003185520481280109	-18.520623899116366	4
0.0005965754036972138	-21.482487059767468	1
0.0005956678332607552	-21.477069487468043	1
0.0003786292125151476	-18.956448529419735	10
0.0005261580721566118	-20.282635995762384	10
0.000564006738989259	-18.79080385259458	14
0.0005903094774137504	-21.45115994867471	1
0.0005905700517481357	-21.452462715536612	1
0.00035049170242914526	-18.56686424738128	19
0.00039622065538544494	-18.759176409365367	21
0.0005850280709649379	-21.424755040754775	1
0.0005962720333864261	-21.480970330237252	1
0.00058516198146305	-21.425424539382924	1
0.00030286394392501086	-18.526456655586763	19
0.000531848266147714	-20.919991977816572	16
0.0005339317561744247	-21.05534830603327	7
0.00042674757576284316	-19.19258012972462	26
0.0004781671792197288	-18.70251232911269	6
0.0004462157909296439	-19.680066101540607	10
0.0004385361840173088	-19.371240808154038	6
0.0005982010439949159	-21.4906146073796	1
0.0005958541416397688	-21.478881039591297	1
0.000354867602021767	-18.959037304532497	6
0.00036211997566442874	-18.890485425683483	7
0.0005135335278717975	-19.53395097332009	6
0.0003701637346563198	-18.761379704160213	16
0.0005199676007470574	-21.09947885874135	1
0.0005424644725596202	-19.92205319161901	21
0.0005988437319732792	-21.493827788764982	1
0.0004953073151340711	-20.75100756883087	3
0.0004940384770495757	-20.561696515816553	10
0.00038576302776406954	-18.745413079199572	20
0.00048805146048249787	-19.54781964821025	2
0.000585199106977236	-21.42561015202097	1
0.0005959397446313877	-21.479309020117558	1
0.0005812978400306592	-21.406105386482878	1
0.0004340826027537544	-19.79571113568849	2
0.0005851239169536135	-21.425234232146313	1
0.0005806387748212221	-21.332361018361702	10
0.0005753977892197385	-21.376607505587852	1
0.0005724270127717795	-21.342246696679997	2
0.0005967499015746084	-21.483359478966687	1
0.0005861515273890116	-21.43037187099067	1
0.00039120644861972113	-18.632292994291188	17
0.0003386474439361617	-18.678715171905736	11
0.0005681517562178906	-21.323693983304132	2
0.00028135595203545547	-18.547882745332725	15
0.0005298681371883708	-21.148977558685115	1
0.0005316426637448615	-18.649801340162924	13
0.0004864458976840238	-20.37353230272335	23
0.00036624604495419995	-18.614377020198177	10
0.0004340593009492364	-19.12942389008623	8
0.0005977157796823683	-21.48818848100326	1
0.0005185540875525034	-19.663897158369497	17
0.0005403514008373017	-21.075446665429283	3
0.00042944215969442233	-19.572080304783324	5
0.00039930828353761485	-19.427212504488192	11
0.00044935482407162556	-20.124857038852042	9
0.0004899618006044005	-19.355064362859174	32
0.0003492700290070788	-18.965981647567986	9
0.0005288213362734649	-20.859660477834876	4
0.0004903001971599286	-20.423601475444315	6
0.0005913620854597479	-21.45642256551735	1
0.0005760795670682261	-21.336154386527493	2
0.00036067336137812295	-18.78743500127469	10
0.00048012551258302564	-19.31075004686448	22
0.000522332691239861	-20.87934441569176	2
0.00034063223571376806	-18.931413092433672	10
0.0003961784040222184	-18.66231886824857	3
0.0005793114616461765	-21.333405090613734	3
0.00041623185640859284	-19.104096108748376	8
0.0003498359637753789	-18.66217718793054	9
0.0005546511614995203	-20.615602133113452	5
0.0005478540770902503	-21.052965748541773	14
0.0005946653660708265	-21.47293763990418	1
0.0004925705721727496	-19.070372738262353	14
0.0003555214196022106	-18.630464188344398	7
0.0004886190377418595	-18.71208281392222	4
0.00028922826514664047	-18.571194227996067	35
0.0004011627093985608	-19.023249019071244	9
0.0003646136809168423	-18.762172987099607	12
0.0003169336727384932	-18.72722496811142	14
0.00031688125627060145	-18.58910191129162	5
0.0003496488848809143	-18.6156219151093	29
0.0005171077496354967	-20.308498919843924	7
0.0005730609906684813	-21.36492445275497	1
0.0004474440754939832	-19.9403759400919	10
0.00036703678329995	-18.90869668724456	4
0.0004338361430367064	-18.6908800402648	35
0.0005272475906800278	-21.13268421715501	1
0.0005784213510511344	-21.391724098586707	1
0.00053822686079284	-20.968926406607153	8
0.000594772639087906	-21.47347396184148	1
0.0002915322736451079	-18.553361193866298	14
0.0005308535991447233	-20.989776236191933	4
0.0005791520477213946	-21.3953772880321	1
0.0004633056425250419	-20.171053502732782	4
0.0003337420160417397	-18.71172667098775	7
0.00030579960357106194	-18.590541565066054	6
0.0003789220580396045	-19.028672805201587	7
0.0005546855246647299	-21.273054513844276	1
0.0005503584630574479	-21.055480770677725	2
0.0005904160753448453	-21.451692895453622	1
0.0005510951458850534	-21.168626505474045	3
0.0005865571253460711	-21.322238036288685	3
0.0005893487068845398	-21.446356482476478	1
0.0005854949017552864	-21.427089006934583	1
0.00037631449433523403	-19.03109525451358	6
0.0005058327579429618	-20.68314467075487	8
0.0005888802886388437	-21.44401457965845	1
0.0004687446668067206	-19.86513425609141	10
0.0005357133143045277	-19.55490851243304	23
0.0005730177402490222	-21.36470821805416	1
0.00030077791195555346	-18.5652356618137	5
0.0005021125467918813	-20.860092116396707	2
0.0005911666755669792	-21.455445594652637	1
0.0004250221378986391	-19.50225333616839	5
0.00033421540435702585	-18.824765462739524	15
0.0005158899595463544	-19.117255150638357	5
0.0005887136403968015	-21.443181405478658	1
0.00029859520299444886	-18.624785540996434	12
0.0004209964488782333	-19.941186104801695	5
0.0005141603184247838	-20.20432650541781	2
0.0004283441866457468	-18.748273879520198	6
0.00041130195269582743	-18.864898304256055	9
0.0004182889230053271	-19.351969616839536	3
0.00034764964461949765	-18.99867513438383	17
0.0005725074868308983	-21.36215715620123	1
0.0003612305301366404	-19.026658043541307	5
0.0003768059202249747	-19.57664324872251	6
0.000572014240843841	-21.359691124662785	1
0.0005746874946962523	-21.373056318670038	1
0.00036843881678809355	-19.090063317580004	6
0.0005851883159420566	-21.42555620118552	1
0.0005994163218195303	-21.496690507685155	1
0.0005729071680070588	-21.364155401319483	1
0.00046415628482842047	-19.908721017353784	5
0.00058046491688929	-21.401941105800187	1
0.00035746758850763096	-18.889444475286915	9
0.0005871365710049719	-21.435296692859357	1
0.000573785854199467	-21.312101788717534	5
0.0004788061758777161	-19.441579975943217	11
0.0005875964208840789	-21.437595757290868	1
0.0003693557044576778	-19.019095717502083	5
0.0005011351956077933	-20.436438016883283	22
0.0003653939535305242	-18.722643265741112	21
0.0004693124552648102	-19.013850599243504	8
0.0005544241146390519	-21.24172374988789	3
0.0004982618984214582	-20.54435980250508	3
0.0005919169764735537	-21.456107834930815	2
0.000584119725522617	-21.399116912835378	2
0.0005680779639296503	-21.188977538095585	10
0.00059420571021122	-21.470639545492133	1
0.00036391330647333087	-18.711323242810085	13
0.0003124839740971263	-18.614232924789277	10
0.000382729932200849	-18.704201792635992	2
0.000482960644542719	-20.247633326769975	3
0.000594423080063615	-21.471726307322093	1
0.00043874698175969134	-19.082528794428075	11
0.00042783658117296773	-19.65652828208166	3
0.0005467920988841531	-21.23359055989015	1
0.00040734639845625996	-19.264610112778318	15
0.00033413890941072255	-18.983874150905674	21
0.0005029173732836942	-21.01423457948591	1
0.0005656519610343638	-21.327882284695946	1
0.000407614898931771	-19.151056347014514	10
0.00030021504441281706	-18.61508632808437	38
0.00045876745638856	-20.092075961314972	7
0.000595332240954667	-21.47627174608832	1
0.0005465910255987732	-21.108948542058982	5
0.0004996827730885113	-20.761203965426876	18
0.00058845797372932	-21.44190317497728	1
0.0005668152697289446	-21.333698360254715	1
0.00031615752548246425	-18.627708008623408	24
0.0005653893425307877	-21.187322552316786	2
0.0005960090681530159	-21.47965560984191	1
0.0005969768194993724	-21.484493977318	1
0.00036187861259725596	-19.098408132503245	18
0.0005297747728827021	-20.24149776319972	7
0.0005732694984356394	-21.365966907723315	1
0.00046036448254353665	-20.19589817877255	9
0.0005629233105715642	-21.26206103689787	2
0.0005833257760424782	-21.41624425085141	1
0.0003578243347106723	-19.00006541613407	14
0.0005294894929170624	-19.339365290915147	10
0.0003521950873508415	-19.017105814823502	3
0.00033229879217126833	-18.57467389268191	15
0.000555153756717984	-21.060114800505787	6
0.0005877504719382543	-21.438365950598257	1
0.0004644530592266537	-19.15046235079068	3
0.000585466642367027	-21.426947721359973	1
0.0005927368702628243	-21.463295936557206	1
0.00035093299714772846	-18.64299283506853	9
0.0005677184564352965	-21.33821393050042	1
0.0005671586512764385	-20.86645488566002	4
0.0005504500946757813	-21.25187906750372	1
0.0003601381617830085	-18.839735713494367	2
0.0005775947183829347	-21.387591267739666	1
0.0005997785153451786	-21.49850132962939	1
0.0003942684437504652	-18.51528260443141	32
0.00035881551730759543	-18.82384329401395	7
0.00041675656388259806	-18.753017390215398	10
0.00030317625811837536	-18.590547330948283	19
0.0005953621500088522	-21.476421279329017	1
0.0005194965038024353	-20.695736567294304	2
0.00032168777706893955	-18.540858381076276	10
0.00048823863957486567	-19.99373277319481	11
0.000511289344173014	-20.6482100397101	13
0.0005556060741644692	-20.567421205030108	5
0.0003232008751735269	-18.61651116171083	17
0.0005978688036427936	-21.48895353925502	1
0.0005249243459581006	-21.124260591059947	1
0.0004281663428234664	-19.9912825635842	3
0.0004176370867113697	-19.690108893609565	13
0.0004266848923324589	-18.525216940211575	20
0.0005992042611623307	-21.495630289695672	1
0.0005688205390843616	-21.3432878138092	2
0.000593450157441957	-21.466862085549522	1
0.0004837236116518051	-20.220458093025446	3
0.0005853010325627455	-21.426119738951297	1
0.0003505891115061113	-18.54246379156493	7
0.0005284303762202688	-20.94136528237991	6
0.00033851255809813234	-18.562015507356193	9
0.000589383516971576	-21.446530518910105	1
0.00038399387317286616	-18.799065654134388	5
0.00048288380758912495	-20.050184810458774	14
0.000463916001947147	-19.429166044373375	6
0.000539848992866723	-21.198877822507512	1
0.0005631724907640321	-21.31548593065411	1
0.000595321878935789	-21.476219940161812	1
0.0004058981325501742	-19.606888441187923	5
0.0004638482540790536	-20.064227120461084	5
0.0005684479016314	-21.188842876813293	2
0.0005792469568348922	-21.3796670642253	2
0.0005432902438124891	-20.95009440323451	30
0.0005718955962162488	-21.35909794924689	1
0.0003812618341050284	-19.273850793682655	7
0.0003775242368210554	-19.13326161443762	7
0.0005273174692393494	-20.79623160081006	3
0.00035610184389522215	-18.76633744035719	15
0.0003384544118981193	-18.797729397067936	22
0.0003180203089336214	-18.56263312187586	6
0.00031845488040440685	-18.620673718938036	3
0.0005243915849667995	-20.79343161973625	21
0.00033910665374720463	-18.74353100317617	13
0.0005508488683885777	-21.01817661529651	11
0.00032746781058763	-18.673045246969426	5
0.0005925642878801874	-21.462433094061307	1
0.0005757942609260601	-21.378589704647847	1
0.0005914760261807123	-21.456992223292144	1
0.0005898191557828012	-21.421209562315788	2
0.0005499448538476592	-21.249353066584597	1
0.0005595144647671454	-19.811527506361575	15
0.0003694393358173099	-18.721487844575734	4
0.0005774528893281013	-21.38688217951297	1
0.0003650294798378223	-18.854704031352757	14
0.00030088847554777864	-18.5625096026581	6
0.0005987853413416502	-21.49353585909312	1
0.0003746380461288714	-19.14438735755131	5
0.000592441747617659	-21.461820442037666	1
0.0004824250253058462	-20.204162903948948	3
0.0005637107132057308	-21.318176826375016	1
0.0003772265761700559	-18.522977482872392	22
0.0003191478082941424	-18.822382035355563	6
0.00039448328308222275	-19.164902223385532	3
0.00035223692213041496	-18.86309605827725	11
0.0003898812830573784	-18.84759016383908	5
0.0003342544695648331	-19.019927537261953	6
0.0003622067317363248	-18.99410400177917	15
0.00030567102726894923	-18.574078128226265	10
0.000362312540352125	-18.832430705174954	21
0.00047133767039534406	-20.212653466286366	4
0.0004419954041750305	-19.15575032295427	12
0.000599197131273707	-21.495594643120388	1
0.0003522867596608084	-18.772242864070783	13
0.0005626047123935635	-19.864821931325228	13
0.00040847135193055136	-19.20661235308688	5
0.00035303005765828337	-19.128351848075884	9
0.0005128547570765197	-20.136922398190507	9
0.0005770626243951408	-21.38493101182325	1
0.00036064573525399434	-19.16807245651801	5
0.0005661179916190493	-21.3302122501693	1
0.0003009484846855546	-18.608847911736305	11
0.00041019268911842696	-18.9735929588728	2
0.0005187322294048391	-19.157892137266593	15
0.0005896744509009471	-21.410060000386192	2
0.0005183002466272707	-20.715641140082415	3
0.0005735501058197559	-21.36736983177604	1
0.00042574529477877344	-19.06679204232941	6
0.0005985691440721808	-21.492454959706148	1
0.00034045112045721514	-18.629146820323196	35
0.0005438557547860492	-21.218910020476425	1
0.0005872056313988782	-21.435641967050937	1
0.0005920472444007237	-21.459848084632824	1
0.0005778336231513962	-21.388785695488032	1
0.0005537456737221373	-20.581330303434743	9
0.0005692837309099422	-21.346039673278035	1
0.0005433104684765523	-20.04172221413351	2
0.0005872696533161392	-21.4359620508859	1
0.00044858338274656834	-19.58741752799926	5
0.0003746977295298101	-18.715920048552018	8
0.0004881281005748698	-19.99587266420575	4
0.0005105646329753329	-19.53551402929971	11
0.00031642049710246486	-18.73448506402201	29
0.0005678835458700211	-21.24524658556782	5
0.0003882853383281298	-19.028654556757004	12
0.00042141671997771463	-18.999597045457147	12
0.0005160011950174207	-20.68931530286529	2
0.0005844540833675407	-21.361364106629868	3
0.00037105000835969943	-18.636675743423705	4
0.0005796451464932359	-21.39784258355368	1
0.000369347896103644	-18.57845722979198	4
0.0004610042076815068	-20.372704002938164	3
0.00033933389758107114	-18.665586168975096	17
0.0003107187825382303	-18.573482572927897	12
0.0004540897943003252	-19.314871678852413	9
0.00033180804595731554	-18.84020678127702	7
0.0004270842467721419	-19.68382787715329	21
0.0004698032286402338	-18.991429480013636	7
0.0004647566713270074	-19.500021724030496	48
0.0005761729264834285	-20.106513157989575	12
0.0005976331258455127	-21.487775245064586	1
0.0005891001780501872	-21.445113938269717	1
0.0005922383259601166	-21.46080341557163	1
0.0005662994681817162	-21.33111955998787	1
0.0005429187214349123	-20.709007484669403	10
0.0005775010555204472	-21.343708613540645	2
0.0003539375982306839	-18.989403065194004	8
0.0005286068530987107	-21.142671645559297	1
0.0004985266605202378	-20.61521578138248	4
0.0004981834206458234	-20.804181187376816	2
0.0003193721237137803	-18.635375542158688	8
0.0005532000901113718	-21.265627938559334	1
0.000512431084693532	-20.157137646882987	9
0.000593948809921424	-21.46935514737538	1
0.0003884552504875254	-18.657189021999187	23
0.00036056125491814233	-19.288920892302148	3
0.0005687222150657561	-18.502907403916968	19
0.0005151630144639238	-20.664333262369542	2
0.0005943500431415153	-21.471361152089013	1
0.0003674229681479213	-18.555536534528372	5
0.0003247805235075576	-18.547427857812142	7
0.0005996234765169681	-21.497726197849136	1
0.00047760731225095134	-20.887694454711422	1
0.0003373264727940396	-18.979729288778763	11
0.0005810782945777443	-21.313296226774106	3
0.0005634034868105071	-21.316640817973642	1
0.00034802537892491127	-19.10238220573595	8
0.00035680734215889914	-19.033565318191446	3
0.0005440075378045585	-21.21966887451775	1
0.00036387769275570374	-18.66471373640035	12
0.00033994344295126323	-18.76858511800435	16
0.0005910510101748264	-21.454867314215612	1
0.00057177499188181	-21.358494976085016	1
0.0005935824007620392	-21.467523248958106	1
0.0004526884171679224	-19.945971378917946	11
0.0005772225564395875	-21.3857306077165	1
0.0005661302956236655	-21.33027376524338	1
0.0005836633999698399	-21.417932234686766	1
0.0005087588043959365	-20.87358320176564	8
0.00030272439335307227	-18.59285194206846	10
0.00035125763009809534	-18.797982107747856	3
0.0005669269246382798	-21.334256589890774	1
0.0005177403546671914	-20.740001129923705	4
0.0004330985801336598	-20.016530391606295	15
0.0003517353568784104	-18.95552051896497	23
0.0005811219287921407	-20.871963200138914	30
0.0005372067564294853	-20.908270917642486	16
0.0005635893240106661	-21.3175699292257	1
0.0003381082750339898	-18.65307196019853	16
0.00038022463895186166	-19.366081310026072	21
0.0005718778482278336	-21.359009216443535	1
0.0005553058849074485	-21.27615606553225	1
0.0003983061167133216	-19.697539039376696	10
0.0005910447699954325	-21.454836115828613	1
0.0005848912812019864	-21.42407114696055	1
0.00044963276649764947	-20.02704182509488	16
0.0004995913818245425	-19.354874886142	5
0.0005116290808752446	-21.017236602321358	2
0.0005068509229547843	-20.518614627872388	4
0.0005592527044139229	-21.29588857554736	1
0.0002957005472978887	-18.630382241084707	22
0.0004417149663088281	-19.194479277793448	3
0.00038638657921000777	-19.14126369982835	12
0.0005866496754520506	-21.432862410937275	1
0.0005606554736984848	-21.302901857738526	1
0.0004812973883983608	-20.367086733849398	8
0.0005914259379660413	-21.456741802365617	1
0.0005239111185293715	-20.8454533207091	20
0.000587477386476232	-21.363013711305996	2
0.00048611783284096643	-20.45400060322963	21
0.0005870953920611206	-21.435090814703383	1
0.0005134459870854365	-20.63454827858577	2
0.0005942903467770389	-21.47106269427812	1
0.0005833570252665324	-21.416400484402402	1
0.0003073520790833792	-18.543277336674983	10
0.0005865378758660173	-21.432303457975916	1
0.0005132898921271996	-20.692613355579976	5
0.0005549114584125554	-21.06564389096263	19
0.0004252083042393254	-19.523776407975387	12
0.00028359337633803897	-18.51245319227167	11
0.00033814826675174523	-18.91064925719555	9
0.0005380513921150095	-20.942986761239865	3
0.0004219841885766202	-18.70365096288024	7
0.0003513544366674492	-19.026909219493	16
0.0003311115020237809	-18.69369891428174	2
0.0004424090973721805	-18.970886634266545	36
0.0005669458896428885	-21.305949550918008	3
0.0004987046156706308	-20.5101557934216	4
0.0004643788698384905	-20.293954455540256	4
0.00034233120835506484	-18.931758968553343	6
0.0005627408693168022	-21.176000676101932	3
0.0004288246608085096	-18.974731213142828	4
0.0003958113584912982	-19.5591697129104	3
0.0005097990648399616	-19.148986943768563	9
0.0005738854235867261	-21.238554810464336	2
0.00035411666747083503	-19.100171198553767	5
0.0005955132408027677	-21.4771766725258	1
0.0004947535527648161	-19.358488306072246	2
0.00029505886856528166	-18.552297932349045	6
0.0005745156775103762	-21.259216806092233	2
0.00041155229263217905	-18.768560291409862	20
0.0003216046997066746	-18.663727105291905	8
0.0005596720141889019	-21.29628982750664	2
0.0003048311249179675	-18.527350188118398	8
0.0005030879129932548	-19.101240959780153	13
0.0004693610722846643	-19.336028571653138	22
0.000533239011719871	-20.897879012946294	2
0.00044264607673997385	-20.05395940427019	14
0.0005386942024741432	-20.925240820495883	5
0.00059144298829451	-21.456827047149858	1
0.0005999878317094043	-21.499547827257828	1
0.0004173802470936084	-19.454667156737486	11
0.000585274758770597	-21.425988380558582	1
0.0005904599820135903	-21.451912411136902	1
0.0005859604404621276	-21.394142293971527	2
0.0003368314424061821	-18.82267894344504	19
0.0005998454980081779	-21.498836216002154	1
0.0005753018997065857	-21.376128096591437	1
0.0005003845165821773	-20.761606921535186	2
0.00036732962201095886	-18.69177019736177	11
0.0005971639568663968	-21.485429588881424	1
0.0005907148453456585	-21.453186625284335	1
0.000480197515132919	-19.687290688164392	12
0.0005668627034649317	-21.33393550985552	1
0.00033683126788613743	-18.88759900103897	11
0.0003895816696365759	-18.927505083753672	7
0.00048203148105334734	-20.125225103292212	12
0.0004548292516967363	-19.398416785385855	5
0.0005372421172226163	-19.952188603897902	5
0.0005918499839456148	-21.458861861700754	1
0.0005577414024869525	-21.231510811636575	2
0.0005873950213951097	-21.43658884085433	1
0.0006000607369784861	-21.49991232427877	1
0.0003239133868432007	-18.691693486750566	15
0.0003563217269476973	-18.655205473386555	45
0.0005933200369008259	-21.46621153518186	1
0.0003387907548179704	-18.827680095131953	5
0.0005517326253851144	-19.784015665179407	12
0.0005944664089796629	-21.471942934474274	1
0.0004869558660857479	-18.690137913642356	16
0.0005768299652841168	-21.31489397926962	3
0.0005687638979131821	-21.31325164090604	2
0.0004978618099520431	-20.589840255184598	2
0.0003277540816644414	-18.869535595833185	3
0.0005951714685278147	-21.475467948621066	1
0.00033108368416747254	-18.79709296686064	6
0.000534319250307024	-20.852035139254742	6
0.0004646357292889761	-20.31361723957253	23
0.00040121450279724	-19.398436918393124	24
0.0005444866189749158	-20.97578843913355	11
0.00032990089395315943	-18.610526687258915	7
0.0003796884155706716	-19.682990412593668	13
0.00029285018450901033	-18.525802688321942	12
0.0005743379586958077	-21.37130877926062	1
0.0005912694450594668	-21.455959400778415	1
0.000426763183523888	-18.714661262287684	7
0.0005795367545877106	-21.3973006676242	1
0.00042295379481131545	-19.204215372508557	8
0.0005459638937584249	-21.22944986738795	1
0.0004419434924761551	-19.735840337564	14
0.00044622549382459267	-19.638647308149274	6
0.00037695768044662225	-19.50062238049678	8
0.0005140927188244265	-20.656274673547184	6
0.0004604339387008218	-19.697801453033385	11
0.00031025962461038377	-18.562537961789044	18
0.0005928429207059632	-21.46382614611655	1
0.00036079003376322485	-18.927462633543943	13
0.0003335949531427038	-18.80816983068872	11
0.0005984196553859034	-21.491707576403144	1
0.00035324346119716904	-18.940849699884716	19
0.0003042912709188962	-18.593116769110186	30
0.0003495082268882876	-18.748983760057925	6
0.0005129645284683063	-20.713130610659032	4
0.0005424745641632566	-21.044718223852538	8
0.0004391761248103805	-18.690915236609964	13
0.0005071864371726148	-19.748795061015322	4
0.0005393233059891117	-19.913044338815357	5
0.00032981235912449085	-18.65988624610392	6
0.0003619548385471484	-18.817151477953693	6
0.0005708422280663124	-21.35383153219029	1
0.000553526140436403	-21.160002194603656	4
0.0003910863004770159	-19.016725665960625	28
0.0004637632544353558	-20.190497930635534	6
0.000415981118868461	-19.42544503510285	3
0.0003726786252462512	-18.83795994301983	7
0.0004596839423877438	-20.026332589748485	3
0.0003237894139462892	-18.742411234458817	19
0.0005315469929365645	-21.119106685264676	2
0.0005567573791078431	-21.2834129527041	1
0.0005804783679779042	-21.402008355832866	1
0.0005687048986956062	-21.309693494876747	4
0.00033948968013280023	-18.582939558336612	9
0.0004140159116060007	-18.78139302591362	10
0.0005524007987806908	-21.036194053595885	5
0.00039860711809526104	-19.31386584340257	7
0.0003044300732386624	-18.52543514213825	5
0.0005846586289107299	-21.380799252616427	4
0.0005666795590920185	-20.309168099159187	2
0.0005781583440112179	-21.39040916917565	1
0.0005417161397304923	-19.71397849667961	7
0.00047299601862130377	-20.33767340935529	6
0.00047192272183461394	-20.085371184862222	15
0.0003321983949211952	-18.579265251010746	10
0.0005853271962398293	-21.375590012484587	2
0.0002842495437207561	-18.600020097897378	8
0.0005858451787714438	-21.428840251124505	1
0.0005149748080486799	-19.31448684662486	36
0.0005767058258038922	-21.3027292485545	2
0.0003190928988555762	-18.716791502214612	19
0.0004728132787114509	-20.294163952029482	4
0.00035757401986049724	-18.995797159087093	7
0.0004432008548932475	-19.59302053657423	14
0.0005182821872695866	-20.86910056078915	2
0.0005747304451371322	-20.316877971137917	5
0.00031023507505778324	-18.510137452579166	7
0.00036696996489394196	-19.024493946718742	42
0.00037318188963478467	-19.268410004552234	15
0.0005638931842700348	-21.2198685922645	3
0.00048020425097080303	-18.972338517993762	2
0.0005311948978266533	-20.902012429912595	3
0.00032834086605850545	-18.778143569644524	5
0.0003819593760825083	-19.516300580354713	16
0.00046736569355819327	-19.570313658470667	9
0.00035680610029956166	-19.049491761246205	23
0.00038148550199563786	-18.849374959280684	7
0.000579343438931144	-21.39633416709814	1
0.0003718741734785858	-19.261524295730787	18
0.00033533977397539135	-18.702728753931954	15
0.0003021844951813153	-18.616880608339134	3
0.0005800077075559285	-21.399655243035305	1
0.000406049080829248	-19.18438219167851	11
0.0005956434587304309	-21.477827709786954	1
0.00047934552894424235	-19.696089221060603	7
0.0005513641692976019	-21.21641332445582	2
0.0004633127678201269	-19.996832865265137	8
0.0005984583434484511	-21.4919010011545	1
0.0003499132634305741	-18.726528863735304	7
0.0003885126160671147	-19.364747881381053	11
0.0005458072123906478	-21.228666523570535	1
0.0003731769574878465	-19.120583033903426	14
0.0004450239467573689	-20.016403018259236	5
0.0003758749709197993	-19.520890684837383	6
0.00042008051121476884	-19.075590738121353	2
0.0003563005693957842	-18.711198602484234	17
0.0005795285582970334	-21.397259689467585	1
0.00035688827924327523	-18.68227671968922	7
0.0003993039086395032	-19.268071986635817	13
0.0005966990487365371	-21.483105235230713	1
0.000373842487379809	-19.059841478937642	14
0.00033694644783287725	-18.571463949858565	13
0.0003035630635730599	-18.533934901572643	21
0.0004812313658477582	-20.34997318757219	3
0.0003534966348270033	-18.937017849630266	21
0.0004348512359128091	-18.89572745017236	5
0.00031018399308390483	-18.500232983160593	11
0.0004602334572547837	-20.23422306971141	21
0.0003248267272324677	-18.640018231901806	11
0.0005016690646596225	-20.56075935424414	2
0.00037326563426905927	-19.345066048781625	9
0.00040800111579561015	-19.288812541351586	11
0.00034512587439759513	-18.72399643423865	4
0.0005184876287902651	-20.926564868174022	4
0.00028875449955632584	-18.586641479002854	9
0.00047959634629953434	-20.603086576846803	6
0.0005899023327905405	-21.44912438932321	1
0.00033448489766372077	-18.767488845564912	28
0.000582708024178692	-21.21310216581253	4
0.0005292065664546104	-20.793433574378508	3
0.0005510581994592874	-21.038263417587554	2
0.00048454483426106247	-20.39287912865163	5
0.00036195087825758725	-18.896877997665836	5
0.0005693294923818696	-21.343935735227962	2
0.00032285575762829976	-18.69967935584433	7
0.00035941968124584916	-19.049863306119015	9
0.00029941437195513994	-18.62880623871117	8
0.00031588619042132853	-18.789241277323903	4
0.000528362816973	-20.807734572596956	6
0.0005888022647922412	-21.443624491808734	1
0.0005102109507800255	-20.703742072739885	23
0.0005988515220221118	-21.493866735875773	1
0.0003864281854375437	-19.36190576705968	10
0.0005924983517090232	-21.462103439726793	1
0.0005744671348761431	-21.371954608204152	1
0.00028325328318151607	-18.559634101742944	9
0.0005790772277696401	-21.39500321836793	1
0.00039380463596379105	-18.978780335408906	12
0.00041023483116438394	-18.505657162012277	5
0.0005889789971254727	-21.428347413773594	2
0.0004739350323924309	-20.085515639432643	3
0.00039874889174644566	-18.670386903966524	7
0.0005425166272386667	-20.94350962952887	34
0.0005925248974911549	-21.46223615796002	1
0.0005545349340297097	-21.074768909051627	2
0.0003006818540410187	-18.518298441962017	7
0.0005660326335153989	-21.32978549398438	1
0.0003368494213498004	-18.81084639637466	7
0.00045759253092387197	-20.08714111910532	18
0.0005895499436584912	-21.44736258540338	1
0.0005206159731991888	-19.25673856771689	7
0.0005267387977639707	-20.786877771922722	10
0.000594944778670284	-21.47433459051419	1
0.0005950927037764366	-21.47507415654548	1
0.0003754352488808868	-18.983600422870154	2
0.0005292818203188783	-20.455393971742733	4
0.0005982066954947913	-21.490642862605792	1
0.0005765980959417839	-21.319723334460384	2
0.0005310778070207102	-20.37728027833682	7
0.00044730977478343073	-18.572517552532354	26
0.0005204368516453761	-21.101824924487573	1
0.00045128493181315315	-19.413261595400968	4
0.0004117378029029863	-19.533024656735616	3
0.0005630202371878326	-21.314724724013605	1
0.0005907602022348809	-21.413693385062974	1
0.0004588747933728239	-19.112593255316806	5
0.0003994791711524123	-19.119505601339522	6
0.0004514337358301638	-20.148021390801603	7
0.00035489183287885164	-18.655854330740663	4
0.00033287775463154636	-18.86799789014289	12
0.0005432470033236063	-21.21586650802047	1
0.0003456864103572342	-18.77121130060469	8
0.0003366112299386789	-18.94248395783291	4
0.0003771678447191117	-19.017044040746576	11
0.0003975961942950486	-19.388708935932044	5
0.0005968704088985403	-21.48396196711505	1
0.0005838385959328426	-21.41880814403324	1
0.0005866062702582274	-21.4326454024269	1
0.0003730061384138312	-18.53665476283449	12
0.0004020568656224644	-18.958438033647063	2
0.0005366083915435805	-21.18267611934906	1
0.000542523826281349	-20.92934633754552	3
0.0005418295687237738	-21.079845196018386	3
0.0005509671953887405	-21.013706034021833	10
0.0005424993776010678	-20.94405390269211	3
0.0005976655728165098	-21.487937466868523	1
0.00037963387431468114	-19.2483892951649	4
0.0004463264931786581	-19.042869930233913	10
0.00036850923919881494	-19.19185319289531	7
0.0005962756366911674	-21.480988345311612	1
0.00037518368786853396	-18.659262886657032	4
0.0005190765622921205	-20.713376080285467	5
0.00035051983638927233	-18.97771428073572	19
0.0005713736330095302	-19.372483437471725	16
0.0005923663853193434	-21.461443660858837	1
0.0004795434414780339	-19.546430252547136	7
0.0005973276870048867	-21.486248173717193	1
0.0005928084587519548	-21.463653850208033	1
0.0005867612526036556	-21.43342025181596	1
0.00039029005855234917	-19.62811090539629	12
0.0005809493717666145	-21.401706733828394	2
0.0005565966434817831	-18.79622812187138	7
0.0005825213935962002	-21.412222662164336	1
0.0005941345278573025	-21.47028366235401	1
0.0003200365086780071	-18.640598640117993	22
0.0005727163517837598	-21.36320139695442	1
0.0003668099940664517	-18.66741308376126	16
0.0005783325127565935	-21.391279942847163	1
0.0003923964627968516	-18.908603442011476	9
0.00038079018140768157	-18.574767899976464	12
0.0005901822350581306	-21.450523788076918	1
0.0005703814209048912	-21.351527681732257	1
0.0005786289594777167	-21.39276205721391	1
0.0005603220019095487	-21.301234632925194	1
0.0004591372997149441	-18.614498005439074	3
0.000586250776931002	-20.971792787410138	3
0.0005507106962710139	-21.25318197065889	1
0.00044137738758380225	-18.81933631987987	24
0.000599381293815691	-21.496515381755167	1
0.0004726434472552262	-19.10741655373013	5
0.0003275972836202523	-19.20314035809823	9
0.0005781000694815417	-21.390117819966857	1
0.00033169662731509384	-18.796676158742144	8
0.0005207571980085238	-20.867040755967107	29
0.0003868426304744544	-18.880182752341323	27
0.000398488770910632	-18.65888657651695	11
0.0004986052974658295	-20.560051151915346	13
0.00040604125043682866	-18.814710501487465	45
0.00045211058071795715	-20.06869086612975	25
0.00035611813605461397	-19.10156988896795	5
0.000594639894773649	-21.47281029366354	1
0.0004879637596128393	-20.575817611665205	16
0.00032807736145738385	-18.719243554028044	13
0.0005735942537242876	-21.36759055354122	1
0.0005444617257433579	-21.073636969223486	4
0.000414635428757405	-18.61701278689196	5
0.0005835263244980888	-21.417246912463465	1
0.0005679682145390199	-21.33946262055959	1
0.0004216889137015892	-18.801158351157962	10
0.00043580102133361644	-18.792099009313954	7
0.0003971021353742998	-19.565235790602724	8
0.0005381842226817188	-20.885754328198797	2
0.000565651355595663	-20.021069165511452	2
0.0005763306466781935	-21.29312489822506	2
0.0005583821093601136	-21.291535950455124	1
0.000576749354157758	-21.383364786642076	1
0.00043728461091472145	-19.621827762218153	12
0.000589782010680679	-21.4485228271707	1
0.00039342305953070367	-19.328436542182352	11
0.0005116067088367154	-20.631133751748997	17
0.0005941521599774879	-21.470371815862823	1
0.0005347188181126817	-20.76870391744962	7
0.00032630214422524047	-19.012144246694625	7
0.00035453759588629515	-18.65309499693452	3
0.0003076997967755741	-18.535291354086247	7
0.0005727416879655955	-21.24901562081655	3
0.00040615638768694344	-19.367245862653643	8
0.0004801990645205567	-20.335574147390368	11
0.0005012029280494506	-20.390290845723953	3
0.0003425946037937561	-18.881975230608035	6
0.0004910373610086474	-19.10544796040751	12
0.0005748911125284351	-21.374074325930366	1
0.0005948195775100129	-21.473708635072114	1
0.0005026640370878735	-20.636431021703245	12
0.0003537942704422047	-18.788181423570286	13
0.0005720382159481057	-21.359810990540673	1
0.000586875630523606	-21.433992095409828	1
0.00035618472867925767	-19.13637715701988	11
0.00037718992537273975	-18.67893336952006	27
0.0005857972723499302	-21.428600738286192	1
0.00047469858744405744	-19.869069327926557	3
0.0003194068263094187	-18.557093278616	3
0.00047522696631098314	-19.96602767099111	19
0.0005809256904773233	-21.404244788404785	1
0.0003835688583502493	-18.540329135280665	20
0.0005910982497270166	-21.410993136238993	2
0.0003103112251181338	-18.617671573841616	3
0.0003330237947500082	-18.574474179760983	27
0.0004016323590211624	-19.2729783048614	3
0.00055600547402864	-21.27965372974459	1
0.00038417898381869637	-19.22875828266818	2
0.0003684817365560406	-19.22948013917694	2
0.0005955889476795368	-21.477555176458303	1
0.00057233071023373	-21.361273344319706	1
0.0003406527825287813	-18.75177624016882	10
0.0003095885954845184	-18.569351284551878	17
0.0005701504828992309	-21.35037308459345	1
0.000505139100891845	-20.677665666928277	5
0.000540774586657973	-21.203505419164973	1
0.0005269144577023057	-20.775331331115556	8
0.0005352133612988973	-19.582963309720245	6
0.0005966222432971436	-21.482721238926967	1
0.0005751330095638403	-21.375283713809882	1
0.0005909929465670407	-21.454577019531435	1
0.0005868147957108609	-21.433687945815503	1
0.0005452092708179886	-21.038169358931953	14
0.0005651672413629919	-21.293740995282054	2
0.0005649449849570819	-21.183327215539542	2
0.0005899926260252503	-21.449575819178385	1
0.0005925385980748356	-21.46230465536768	1
0.00034658751084477315	-19.00611316378466	20
0.0004905731124203124	-20.4459703863173	8
0.0005952164514916462	-21.475692845346863	1
0.000509835695615367	-20.649007828816604	7
0.0005694174284276886	-21.292262385688282	2
0.0005680410244621719	-21.339826640889235	1
0.000586836406845397	-20.733320299121942	7
0.00038528876254805716	-18.614359919433035	5
0.00031125640434141055	-18.617085343439374	11
0.0003395098736085644	-18.8838197187747	3
0.0004322360125194539	-19.538194346195635	29
0.0003090198304412849	-18.525996659400626	12
0.000488817682407905	-18.7832176224077	4
0.00036421201426025437	-19.1367989978101	7
0.0005141637653415072	-20.722726452751004	2
0.00042615046829972255	-20.014362762205575	9
0.00044494784797973163	-19.981044469499647	14
0.0005245361629401905	-20.2748332211474	10
0.0003683057142822166	-19.25941021875506	3
0.00041652905722250376	-20.101930686655415	13
0.00037274455866448825	-18.960908652880473	8
0.0005748607307773985	-20.45398960388996	13
0.000563952085665311	-21.19887344396204	3
0.0005788011512779359	-21.31574913652455	2
0.00035053264791465603	-18.538502168177626	14
0.0005924597513482036	-21.4619104534488	1
0.00044527594728540986	-19.859922114435058	6
0.0005243725436953273	-21.121501801695832	1
0.00031031323588358236	-18.57523483968547	3
0.000581533873264185	-21.407285457711573	1
0.0003721132832073484	-18.97035403379097	19
0.0003502166835841671	-19.02071301059424	29
0.000356143597244791	-18.594475411359607	25
0.0005977924192194451	-21.488571647862155	1
0.0005283793366305048	-20.42401827194575	8
0.0005916215796857712	-21.45771993227189	1
0.000550145975356942	-20.872667121354283	11
0.0005832149419393667	-21.415690124916317	1
0.00034439354338314856	-19.05057541254311	5
0.0005908519796719045	-21.45387224175644	1
0.0005666960054520754	-21.333102086841677	1
0.0005341929674414273	-20.571530310818225	4
0.0005793430700038214	-21.39633232260992	1
0.0005462131086044834	-18.78825087739666	13
0.0005324128712458888	-21.16170020541203	1
0.0003223315417821502	-18.917743417646218	2
0.0003604987628133604	-18.56014754808354	11
0.0004176414546752804	-19.214334443839086	7
0.0004479814954064097	-18.874166795432192	31
0.0005918912467916042	-21.459068159333672	1
0.0004180618746228836	-19.568418561962552	9
0.0005883898210659541	-21.44156243907329	1
0.00047533055665997944	-20.26047757833394	8
0.0005025576034851513	-20.526449374984413	6
0.0003219942719846283	-18.728848740055412	12
0.0003922532337212614	-19.479178412397538	17
0.00044205955887446094	-20.215698215338332	4
0.0005961493353300443	-21.48035688930781	1
0.00031899894587522577	-18.594118457338258	20
0.0004287173778854321	-19.68860975189098	5
0.0003369908756062928	-18.89779086884208	15
0.0005226462466172421	-21.112871010668655	1
0.0004460761279191657	-19.78958398097491	7
0.00034786021859697165	-18.656071658971307	6
0.0005228143706041735	-19.081173643978612	38
0.0004963052341720069	-20.470993695134236	3
0.00035590917636112553	-19.053764554406506	7
0.0005825800007323474	-21.412515674271702	1
0.0005555457684106173	-21.163256187259606	17
0.0005768036770961426	-21.383636379483846	1
0.00031490301116291467	-18.65678214873875	10
0.0003194548525595786	-18.64406739988182	7
0.0004361903797869047	-19.860693582892715	4
0.0004899970992668414	-20.432019491712953	23
0.00030569451617305126	-18.524693995795783	17
0.0003706490169763821	-18.92342436434611	3
0.0003568152640149214	-19.135283172191237	6
0.0003444818550660827	-19.001502445244707	7
0.0005015988280716862	-20.59539362366346	7
0.000587832567981807	-21.438776397794776	1
0.00043010309570712537	-19.595414033365266	11
0.0003431456741278267	-18.51436172612853	13
0.0003980285454449141	-19.342817151049065	17
0.0005560637487254992	-20.881635513729275	3
0.0005186226333496823	-20.723959720381334	38
0.0004942062872242633	-20.499674011868386	11
