T	U	Steps
0.0005917062562258036	-21.458143280912864	1
0.0003779573349350274	-18.642956515402062	71
0.0005902453153576525	-21.45083916420193	1
0.00042326634955733506	-19.586396573868207	15
0.0005827989617664724	-21.413610391370295	1
0.0003583426001452124	-18.773194388877563	15
0.0005390090114560445	-20.99881741080656	16
0.0005961588372166266	-21.480404394918807	1
0.000510425124868897	-20.641160719486415	28
0.00041581438322666695	-19.18736582116321	12
0.000322043769605686	-18.712148010213728	14
0.0005396798197727952	-20.903056750809274	6
0.0005569321645069412	-21.10029381631567	5
0.00041842963021128664	-19.82973499280033	3
0.00033700385919876964	-18.643461128060405	8
0.00030106840920057966	-18.57419585356731	8
0.0005673315328927245	-21.2104560668915	5
0.00034080928420663476	-18.698678527078748	11
0.0003287582317549887	-18.74883226212733	35
0.0004005781442508979	-19.39188655302491	6
0.0005924141614095909	-21.46168252209324	1
0.0005436356434584164	-20.975176412180254	2
0.00029717528831325885	-18.544428003700684	17
0.0005977018366163781	-21.488118771281584	1
0.0005955339938531865	-21.477280429430458	1
0.0005202581007292805	-20.722105607542517	7
0.000588193384930522	-21.440580337408043	1
0.0005953471922552762	-21.47634649657755	1
0.0005832167491215539	-21.415699160100356	1
0.0005772431832934113	-21.38583373368894	1
0.0003792975924867699	-18.662964634008613	26
0.0005867802023230043	-21.395876895272302	3
0.00035759030515967034	-18.807042716485608	14
0.0005445401588737743	-20.950809875216503	20
0.0005929145141087287	-21.464184084333578	1
0.0003348527390184104	-18.79557866163883	15
0.0003636444368331273	-18.565073155590014	2
0.0003393867223025922	-18.881552108212922	6
0.0005825925587091952	-21.412578459104783	1
0.0004234808598540676	-19.557398837356317	11
0.0003382166981204897	-18.675395398965875	10
0.0005752745749975196	-21.294611311695622	15
0.00040462002181047916	-19.592830431388354	23
0.0005587033379512069	-21.293141964203787	1
0.0005990529688159145	-21.494873888817455	1
0.0005210410146396388	-20.824193595400892	23
0.0005894733253851644	-21.439655893179566	2
0.0004741112787052173	-20.364787572860134	8
0.0005973364102347519	-21.486291786357803	1
0.0004753366106718198	-19.902826551358952	20
0.0005713036804921438	-21.356138608710836	1
0.0005822419039357002	-21.39851345403356	3
0.0005467849781775559	-20.97480430876158	5
0.0005779967214948148	-21.38960112160257	1
0.0005978210913868094	-21.48871499716626	1
0.0003786091497611847	-18.78350802282817	22
0.0005860080906816821	-21.429654745148135	1
0.0005830890232204312	-21.41506058196955	1
0.0002921549384596702	-18.738154414410545	17
0.0003998705262096638	-18.673460094455756	31
0.0005887254290257031	-21.443240343881463	1
0.0005979346571852874	-21.48928278047942	1
0.0005916534770497556	-21.45787940626183	1
0.0004864636940381921	-20.408692357598067	3
0.0005860630466468812	-21.429929502869356	1
0.0005930168890397735	-21.464695917810843	1
0.00059348475520162	-21.467035060431687	1
0.00035676561812381644	-18.54468112905424	21
0.0005601720313562784	-21.120345891960522	4
0.0005929761719988902	-21.433189307333663	2
0.00037546272978281135	-18.84243197373962	13
0.00059298011949755	-21.431441675415705	2
0.0005675419496425479	-21.33733146753247	1
0.000589016710396109	-21.444696633572267	1
0.0005981992535677911	-21.490605655964135	1
0.0005034188084262389	-20.415889337513196	52
0.0004018171441854283	-19.277180154167525	14
0.0005532919355492364	-20.01064940163311	25
0.0005393746107873906	-21.191549291734756	2
0.00038275714587221595	-19.35851491791493	27
0.0003856335736683566	-18.864915439484648	21
0.0003313412758131044	-18.721003945959538	39
0.0003270288712339109	-18.696189220357287	22
0.0003239743116684319	-18.61293052151367	20
0.0005931161233406765	-21.465192049400645	1
0.0002963946091023031	-18.531124026294478	17
0.0004816217412886881	-20.406810343958156	10
0.00032815736117313495	-19.000299410894982	37
0.0005985082869398924	-21.492150698523087	1
0.0004425913350065145	-19.77049668118175	8
0.0004763562506929366	-19.88426816270315	6
0.0005982356755759326	-21.49078775135493	1
0.0003665011146795887	-18.566669763001926	5
0.000385474411902504	-18.782363467038607	3
0.0005755652403677057	-21.2689183056577	4
0.0003997972329618085	-18.87385171699941	11
0.00032504440041163844	-18.556783768488728	30
0.00031302526566628414	-18.61071597904648	10
0.00038273743245003603	-19.41237624683866	68
0.0004258714480938638	-19.596441859868218	15
0.0005806512448059487	-21.402872670437365	1
0.00033798524723951723	-18.51371315535055	10
0.0005940571047356383	-21.450203480652064	3
0.0005959708578494469	-21.46776101436222	2
0.000551927261353524	-20.0220089590709	20
0.000281388890061179	-18.555905974154143	25
0.00041968451857234075	-19.039341111532057	19
0.00033817300757004793	-18.50981485806367	8
0.00041048992914859134	-18.9927824464347	19
0.000594090737227728	-21.47006472681991	1
0.0005993453882397622	-21.49633586831771	1
0.000559690710818831	-19.864815578139726	5
0.0005436537390596998	-21.090764027222754	3
0.0003298692746911158	-18.693292525735963	24
0.00036526832010796523	-18.759004790397526	40
0.0005333409949638574	-21.002406759333486	12
0.0005762070488448137	-21.380653478207176	1
0.0005454853181230868	-20.97425776409545	8
0.0005947514608930489	-21.473368079385637	1
0.00044393197547440975	-19.38542940394239	23
0.0004852406766534902	-20.747637694728574	134
0.0003842583423628651	-19.151056701382906	16
0.0005958897931810541	-21.479059282957714	1
0.0005530893074268584	-21.265074069696546	1
0.0005924847393658412	-21.462035383486135	1
0.00037102571179078287	-18.752864571251536	26
0.00033459698553364817	-18.793600099166344	8
0.00037801348329232956	-18.9042182322662	38
0.0005986232216691902	-21.492725325939727	1
0.0005965173060022159	-21.482196594660937	1
0.000545101251000623	-21.14901469016207	4
0.0005099027262123983	-20.381448089358198	72
0.000592170362213358	-21.46046362417469	1
0.000573368753484572	-21.36646314304492	1
0.0005994228726238463	-21.496723259071825	1
0.0005257972393313134	-18.676221112946845	28
0.0003094591348348003	-18.583055477050877	8
0.000354194741112282	-18.998577120215714	45
0.00032300143245563294	-18.671521069598583	4
0.0005573934626545605	-21.167190401878504	3
0.000524936106077218	-20.441390496292453	24
0.0003388289034687401	-18.65827496695818	10
0.0004050764086352937	-18.834225848309117	49
0.0005984137125138698	-21.491677864433356	1
0.0005802325409855425	-21.400779319749304	1
0.00032391888084755773	-18.743715254149212	30
0.0003201290486289646	-18.626721707739986	10
0.00056041459678512	-20.380700735863865	37
0.0003133720466916107	-18.647221684153127	18
0.0005900469204177452	-21.44984726930219	1
0.0003291118148495782	-18.647057886425802	15
0.00040187019497152035	-18.537750802799337	16
0.00036138750710805223	-18.638178181657374	4
0.0005941418853304406	-21.47032044676033	1
0.00035160949154148174	-19.087887883337874	15
0.0005984154394193911	-21.491686498266354	1
0.0003612774358844424	-19.047829546093617	6
0.0003888017503048441	-19.17829443854624	17
0.000548658222913033	-21.03418090405349	6
0.000515962666197923	-20.39337429785777	4
0.00041562931378658226	-19.515000602739747	16
0.0005190736519374327	-20.704084079900962	14
0.000593766467629262	-21.443113601781146	3
0.0005872268491137189	-21.4357480470908	1
0.0003947345133360026	-19.17587247990786	4
0.0005951551983520546	-21.47538660428657	1
0.0003710697582287243	-19.08155344748518	7
0.00032301308343284573	-18.58649552550526	56
0.0005623011586154774	-21.311129620384627	1
0.0005965980940288108	-21.470807558288808	2
0.0003262351790166923	-18.714165504055117	10
0.000568656046913445	-21.34290150576698	1
0.0005949394872159691	-21.47430813537098	1
0.0005819297278821916	-21.409264571578202	1
0.0003239129782992634	-18.589060332836116	12
0.0003597686074455195	-19.17766465344119	13
0.00035343608211159855	-18.976450849854697	11
0.00031088653653946766	-18.67294464317712	14
0.0005885607447697205	-21.442416988841998	1
0.00034966014213062206	-18.51704563031714	5
0.0005997880064579389	-21.49854878137561	1
0.0002977306857991701	-18.627765811636802	18
0.000598405880027211	-21.4916387051505	1
0.0005940144469980415	-21.469683306357467	1
0.00042149560839944283	-19.31735968590054	7
0.000298945456795335	-18.54558141865959	10
0.00035830544287340733	-19.15336696930734	34
0.0004945493993703864	-20.12667394755544	3
0.0003161916378316341	-18.748873656496055	12
0.0005870778912385387	-21.435003317629775	1
0.000585326751317848	-21.42624832238203	1
0.0005284839566939487	-20.795074651297583	42
0.0003971513371418804	-19.426473200909932	11
0.0005389113334404365	-21.056353267144864	4
0.0005853236653420329	-21.42623289374422	1
0.00044942266294453054	-19.982008416827927	3
0.0005748274884278025	-21.373756231018533	1
0.0005692621048120039	-21.21318656101407	13
0.0003764243641036859	-19.038466247125573	13
0.00030797555596038395	-18.58563965575719	2
0.0003006923392278507	-18.529731385606965	5
0.0005765997240247162	-21.270290295474158	10
0.0004429846260889055	-19.55481662365052	19
0.0005908123809172396	-21.453674263910806	1
0.00038201113531185913	-18.758170890929918	15
0.0005938609965632564	-21.468916115905444	1
0.00040418661069646265	-19.443060797599305	72
0.0005953385587963169	-21.476303332755364	1
0.00037607639470157604	-18.565359968142975	45
0.0003201294506103904	-18.69320689062718	23
0.0005255590147314502	-20.780993703489532	7
0.00042645280252366966	-19.776932939407484	8
0.00032663078058499503	-18.837278666261053	8
0.000564224829479348	-21.076288553627602	24
0.00044018757067563536	-19.51940444407694	17
0.0005530969206355703	-21.265112132677867	1
0.0005639047769529658	-21.319147067053517	1
0.0005870269180387051	-21.427830680917253	2
0.00035785607542886155	-18.947993249351512	38
0.0004286222893423836	-18.782239008637887	40
0.0005884154158199653	-21.387946409010173	46
0.000579180346045913	-21.313103317084582	2
0.0003335962208655677	-18.554557313534012	12
0.00040104541692796236	-19.143453118227985	13
0.0005956846922971419	-21.478033861035257	1
0.0005984965229468608	-21.492091883289724	1
0.0003513782738356416	-18.544517919669136	18
0.0005916730908988261	-21.457977467617965	1
0.0004591017679845296	-19.813157077365787	4
0.0005217293309993753	-20.857945198213205	11
0.0005851970002040076	-21.425599619002227	1
0.0003560673345433943	-19.04198615006026	54
0.0005065179539879351	-19.372553099890794	13
0.0005718843088441031	-20.540200118846244	5
0.0003336181626616236	-18.672774761973187	19
0.0003860603038778845	-19.463880965662486	8
0.000587550872982254	-21.43736803610234	1
0.000598183589363515	-21.49052734124332	1
0.0004293403673918258	-19.752583415235666	7
0.00039772407495583767	-19.3830345604429	36
0.0005699798336349748	-21.212700591965284	3
0.0005117342944686136	-19.69208319270956	8
0.0003404959826412521	-18.71415539941366	14
0.0005820141044106798	-21.32930421637226	4
0.0005647535507903173	-21.23019354683206	2
0.00030500438039249257	-18.551503947749005	22
0.0005995837135603306	-21.49752739905968	1
0.0005717093374291647	-21.319158873484714	3
0.0005347138434878392	-20.948961710247534	19
0.00032130617633429644	-18.670126328053474	16
0.00048149048290518806	-20.270585065410945	17
0.00038223570588407057	-19.17216873764457	22
0.000588592556484265	-21.44257603461919	1
0.0005953652670725274	-21.476436863393626	1
0.0005871049862702146	-21.37817580456811	2
0.0005982911368246488	-21.4910650352905	1
0.0005708878185794467	-21.354059466418228	1
0.0005980848414327977	-21.490033641308816	1
0.0003944289486045672	-18.91437195786454	10
0.0006000519755615174	-21.49986852071801	1
0.0005139642300721649	-20.68040281510447	4
0.00034521709749502175	-18.532925388687726	12
0.0006000673977898779	-21.499945625656576	1
0.0003630322092052872	-18.960138176014535	10
0.00042083475029004096	-19.46080869991489	51
0.00033683293736368127	-18.71779606056122	20
0.0004931423635556434	-19.705976841058305	23
0.0005796692602547276	-21.397963142661933	1
0.0003192059361790908	-18.61175313339968	12
0.0005922385064997521	-21.46080431819719	1
0.00044133484713892486	-19.62069725890788	24
0.0005783437272914105	-21.39133601101046	1
0.0005666626516864964	-21.332935331429567	1
0.0004258501320074492	-19.72457371551648	43
0.0005994482617635489	-21.496850194558142	1
0.0004558365947929528	-19.147617331833658	21
0.0005196751211295492	-20.836737192976056	24
0.0005967106335780358	-21.48316315477847	1
0.0005942352981915812	-21.47078747349286	1
0.0005968595829930651	-21.48390784194215	1
0.0005805014883768619	-21.380216861276384	2
0.00047715701891463226	-20.426517702366816	3
0.0005805862466054684	-21.402547705578993	1
0.00041190831810160376	-19.585741844567107	12
0.0003573827748102082	-18.97530307703561	12
0.00032379090687352665	-18.70466304975093	22
0.0005917345399446942	-21.458284688130842	1
0.00032122602502926504	-18.753072761906637	18
0.00033480936747450177	-18.729966519900092	22
0.0005158436674814026	-20.092406510433083	5
0.0003016246612770025	-18.503296671955574	7
0.0005803174311726583	-21.40120373653976	1
0.0005776663350060622	-21.387949322049167	1
0.0005958519881707868	-21.47887027311257	1
0.0005998344505468679	-21.49878098313919	1
0.0003718792299297536	-18.770819744165607	15
0.00033826031904109726	-18.696768232249195	28
0.00038276217290439006	-19.19137729715977	3
0.0003248536565570405	-18.746976785631276	16
0.0005898192698912209	-21.448709108236752	1
0.0003188143812432329	-18.70660454783573	11
0.0005679928870691735	-21.3395859732864	1
0.0005545904386003352	-21.272579121768484	1
0.0005811941651647577	-21.405587053854198	1
0.0005994568227775222	-21.49689299618454	1
0.0005947136253866001	-21.473178917071852	1
0.0003605912447786093	-18.78537711334937	25
0.0004360925773367833	-19.36198198316704	21
0.0005959905689173733	-21.47956312110459	1
0.0004832070543015799	-19.98088914045653	2
0.0004351293890292046	-19.487804335402345	10
0.00032387662982536446	-18.80767328784566	41
0.0005026381981253148	-19.89714619649274	8
0.00043047016071246196	-18.906630864745715	21
0.00048366385953630835	-18.583100783200678	28
0.0005290643533384899	-20.827765332368177	2
0.0005844179880161698	-21.421704871402753	1
0.0005948618575091515	-21.47392001806165	1
0.0005717694823246321	-21.35846743051522	1
0.0005992839137840281	-21.496028520765726	1
0.0003869410784911637	-19.24589315436654	24
0.0003095894764064551	-18.53755625178127	11
0.0005684392482541263	-21.199096320237327	11
0.0005452664407877981	-19.82758085099235	13
0.00034013663655196554	-18.582435594492654	7
0.0005822328859419703	-21.41078023993875	1
0.0005929040721641374	-21.464131878810655	1
0.000422484436330744	-19.737972258604447	23
0.0005874456912547993	-21.436067357244724	2
0.0005954479337742229	-21.476850163651328	1
0.0005913561538530329	-21.456392909869628	1
0.0005754594503847578	-21.266407237208295	3
0.00040812880067051774	-19.24421553635334	30
0.00032085372418176	-18.78449581098092	11
0.0004916458191020801	-18.764037657117154	11
0.00029808631396824423	-18.508050252857878	8
0.0005963354782950249	-21.481287529260992	1
0.0005711098747876119	-20.814736956201937	12
0.00035010698601329796	-18.797255388979845	27
0.0005992482905309437	-21.495850418828937	1
0.0003200152708523404	-18.703486665483027	18
0.0004235308150213162	-18.728446703975056	15
0.0003513783761105067	-18.872016723055374	3
0.0003442165923730182	-18.62073778051741	36
0.00047120008560825303	-19.222832588923044	5
0.00037291636880661496	-18.904813879474666	4
0.0003179261069476196	-18.624055459965824	3
0.000598299981711521	-21.49110925616721	1
0.0003176430515044899	-18.61712920291373	5
0.0005612070297886664	-21.202137521626803	5
0.0005817085944597994	-21.362843412096243	2
0.00036968331708962473	-19.01474815664444	4
0.0005922064313209743	-21.4606439552048	1
0.0005651502304616003	-21.3253738336417	1
0.00042038870313458067	-19.432437022575137	19
0.0005897261650105333	-21.448243621282607	1
0.0005945928041277504	-21.472574859375175	1
0.00032065592202670486	-18.557636723198556	11
0.0005458318628328123	-20.968787933188207	19
0.0004059115987143367	-18.756325198091798	41
0.0003414888927009211	-18.886597863660644	26
0.0005173462399329998	-20.708240528200392	14
0.00044410534121725186	-19.965492859477354	10
0.00033714078353051736	-18.718830549105725	17
0.0005741391207803095	-21.370314669661102	1
0.0004596552059602458	-19.79952653876102	19
0.0003926025881699178	-19.262061325304096	16
0.000558172467373819	-20.654241089481133	4
0.000597796472788884	-21.488591914078896	1
0.0003166755627314564	-18.607274204043847	38
0.0005883915806175382	-21.441571236123472	1
0.0005907021310978351	-21.453123059159232	1
0.00033119669971129885	-18.77862158413491	70
0.000584243825694978	-21.420834129849577	1
0.0005717078795037364	-21.358159441189056	1
0.0005483724728095179	-21.241491793847953	1
0.0005857327368658513	-21.42827808682371	1
0.0006000080566948942	-21.499648944050247	1
0.0004218006682362767	-18.87199485460069	22
0.00035670161973857915	-18.703887973371184	20
0.00033562410887643974	-18.777960095490783	5
0.0003902426450872305	-19.24874004029073	11
0.00032234961258372966	-18.501585780978225	47
0.0005962699435967019	-21.480959882129202	1
0.0005597929907238987	-21.29858978977951	1
0.00035106729660373077	-18.73423157828285	25
0.0003507497464256097	-18.517665294724566	18
0.0003205643597983384	-18.577796962887597	9
0.0003251404046308229	-18.52132928284444	10
0.0005927835078261534	-21.463529105614963	1
0.0004591408216408203	-19.530540955903152	16
0.0005597720578408398	-21.298485133783984	1
0.00034568847076534	-18.61952636818366	18
0.0005947043806625435	-21.473132697170048	1
0.0005235258443908905	-19.030087466802335	13
0.0005969246209911034	-21.4842330057723	1
0.00032634220496032494	-18.706704838845017	60
0.0005940702483523185	-21.46996229068404	1
0.0005307204165993978	-20.963211547683716	45
0.0006000037693597807	-21.49962750909916	1
0.0005867739225661301	-21.43348359653213	1
0.0005895118082672765	-21.44717192378639	1
0.00030342285605030895	-18.54011568368029	37
0.0005492997400657647	-20.626068473768484	3
0.000328987994364114	-18.651047328430238	15
0.00033201217913775657	-18.621061786665795	50
0.0005999820492222948	-21.499518917148155	1
0.00034215224482365145	-18.594177676609966	12
0.0003110055027195116	-18.563641569296223	9
0.0005930045832595113	-21.46463439385925	1
0.00040280072600608693	-19.616668302461505	9
0.0005993800269260829	-21.4965090478167	1
0.00048131978206732986	-20.152702389879014	16
0.00040255193861371764	-19.11264339589808	5
0.0003584459823918037	-18.80923919493666	13
0.0004937223364870071	-18.737606780620446	12
0.0005884897632128537	-21.44206210960836	1
0.0003513406509864063	-18.507324337144837	14
0.0005791316077554189	-21.395275096423727	1
0.00039122236784938066	-18.813158236041627	20
0.0005289110503750686	-20.810795026970688	5
0.0005943611469158892	-21.471416666494648	1
0.00033213651917690803	-18.552654809015955	20
0.0003570074894616916	-18.95899448472528	19
0.00034619511912388604	-18.88189991386429	7
0.0005707581211870853	-21.261301111744658	3
0.00032690886560660126	-18.70720782262208	28
0.0003516142632926329	-19.055078665946606	7
0.0005644742303848769	-21.158724339681104	3
0.0005756348692424786	-21.37779281034157	1
0.0005805216456247595	-21.402224726659703	1
0.000495204190430745	-19.816372440141198	13
0.0005817286925701599	-21.40825947587987	1
0.0005793614627921152	-21.39642427915331	1
0.0005966671535151053	-21.482945771952675	1
0.00033979741270830246	-18.737556511316264	61
0.0005993342981048956	-21.49628042210413	1
0.00040458483030885193	-19.399516380671933	25
0.0004169216926192918	-19.771094962341525	12
0.0004001177075591507	-18.535607377010372	32
0.0005721985581066105	-21.360612636839257	1
0.0005771175569227278	-20.970290754701832	3
0.0005984206730951659	-21.491712664540106	1
0.0005556439386104932	-21.06759324936958	8
0.0003290298440209064	-18.712323039306167	34
0.0005431612809128353	-20.967311666400764	9
0.0005512514825021093	-21.255885684295556	1
0.0003463056095350855	-18.85628487918083	16
0.0005460246428479454	-21.08734784408073	34
0.0003479704273825599	-18.9653331654342	27
0.0003468389833763605	-18.907676229721496	9
0.0005467208375036932	-20.986273280405253	38
0.00035087907427530163	-18.75817395272965	53
0.0003732942868581504	-18.96938568648782	13
0.00032389061562427163	-18.730494330304932	24
0.0005761607455052116	-21.380421980133622	1
0.00033790839135283587	-18.85758272764735	28
0.00038795225281960965	-19.256774889505206	28
0.0003503477440413378	-18.587785576513262	14
0.0003170938643082489	-18.559381830050224	20
0.0005982773427846804	-21.490996070638992	1
0.000507592880645308	-20.18667479108769	3
0.0004188993069216919	-19.46940507325523	39
0.000598307867174412	-21.49114868030992	1
0.0005998749010267332	-21.498983219268244	1
0.00035849194825571647	-18.96951366410813	11
0.0005564389300486024	-21.074619315931283	24
0.0006000639259014918	-21.499928267611136	1
0.0005970165011639447	-21.484692369679824	1
0.00031793526913799725	-18.670356655531098	23
0.0005585174266107219	-21.10992323704189	4
0.00036619346902251035	-19.165433276986345	31
0.0005999776251171245	-21.4994967984018	1
0.000583790210323877	-21.360130548441095	2
0.00038132293550443446	-19.33648215679616	12
0.00037675512865915965	-19.04091154281063	14
0.00047456666606454623	-19.337788539825635	11
0.0005885912325095686	-21.442569415278246	1
0.0005736858083142421	-21.368048289665268	1
0.0003276993980881134	-18.647783276273938	9
0.0005723228821401254	-21.36123420700035	1
0.0004045710085366894	-19.571070375129874	29
0.00039006958623355437	-19.445585892640636	15
0.0005898758766053033	-21.448992119038415	1
0.0005461952663951144	-19.73477505167846	9
0.0005611711353623405	-21.305479958644774	1
0.0005229770565667718	-20.747240857211743	6
0.000526274855925087	-20.276390828620794	11
0.0003157690090512962	-18.535334223703614	8
0.00038306501003022153	-18.681076178542813	26
0.0005817441749558548	-21.40833688158091	1
0.0005702891278501621	-21.351066253581365	1
0.0005776559707753814	-19.806230061028803	15
0.0003284776120728209	-18.600523905682387	4
0.0005986995944010912	-21.493107158880058	1
0.00037485666993481717	-19.033435432163905	24
0.0005965944425865772	-21.48258224655633	1
0.0005917431890220123	-21.45832793003854	1
0.000565849189263271	-21.285249796266456	5
0.0005804771651274767	-21.399767102485118	2
0.0005796617316915875	-21.397925502874422	1
0.0005455048184522017	-21.227154675509304	1
0.0005910081621578278	-21.45465309136525	1
0.0003979470835834796	-19.574893886502444	18
0.0004218528981568483	-19.770584957154995	13
0.0005951397592999523	-21.47530941523606	1
0.0004137354707445731	-19.41979932743058	4
0.0005273915796842131	-20.38041677502084	17
0.0005819709401552801	-21.409470616366956	1
0.0005893326219053305	-21.446276064050245	1
0.0004945493656943596	-20.501305647577762	21
0.0005917967361388791	-21.45859564408478	1
0.00033219579322775933	-18.718973123848805	45
0.0005913231497429984	-21.4562279025946	1
0.0005978924169746009	-21.48907159641614	1
0.0005761290806129668	-21.367522475284343	3
0.0003248328569603069	-18.547018874609904	8
0.00031244591874448485	-18.727477693017757	10
0.0005448963623456232	-21.03987684095215	6
0.0004463477000772463	-19.346041779686782	8
0.0005887386830494031	-21.443306608668834	1
0.000330740571839273	-18.513504491853922	16
0.0004373122228573657	-18.888959485567952	5
0.0003433627556262666	-18.689658934089092	11
0.0005968972803598423	-21.484096313613136	1
0.000562036449407247	-21.309806180816658	1
0.000599817501619765	-21.498696245320993	1
0.0004658805691504017	-20.218740213942713	52
0.0005903461462841757	-21.45134327827763	1
0.00032087382780005355	-18.554575225811305	32
0.0005943167846911365	-21.471194873214568	1
0.0004980802099117824	-20.12102345212557	15
0.00046359744996709673	-19.407485141984907	8
0.00031087522511737944	-18.61578897108448	17
0.000391471429384304	-19.414861567125406	12
0.0004924600479860698	-20.478161459308463	12
0.0005969107081725136	-21.484163447275463	1
0.0005933466702251045	-21.46634469109061	1
0.0005861860788933712	-21.430544614614917	1
0.0003014172875056107	-18.501094046000677	31
0.00033008503053491946	-18.756026026991275	17
0.0003230132456333032	-18.509732698725454	46
0.0005765367968935646	-21.382302085817372	1
0.0004094567468377275	-19.11661156084615	25
0.0005894312541598432	-21.446769185650254	1
0.00032613226428160135	-18.56388314656979	18
0.0003745126467856333	-18.786403885918116	11
0.00040835045341291575	-19.69008641276557	12
0.00034447169886954	-18.942311921759806	3
0.0003296548167327679	-18.779074464196828	13
0.0005438596369869966	-21.063665318214543	2
0.0003861759451042606	-18.91451850049576	17
0.0003108808875363764	-18.508529829596814	15
0.00040450621077357373	-19.43751236195981	9
0.0003122754455048946	-18.57493579389041	49
0.0005915006567103536	-21.457115366033285	1
0.0005900429434104016	-21.44982738586513	1
0.0005995646555729013	-21.497432116788172	1
0.00035921981832405254	-18.831788399612897	6
0.00033397495962976396	-18.623895210706554	2
0.0004103645204048535	-19.714361527714317	12
0.0005907591252512329	-21.453408007001634	1
0.0003039409149140229	-18.555702555796742	11
0.00045508244549989413	-18.708006951886134	37
0.0005499941568066569	-21.043039537941574	2
0.0005858404596278772	-21.42881665730484	1
0.0004851612285288674	-20.193211220936107	6
0.0003626385918175953	-18.78310986510429	5
0.0003806269878307488	-18.83440646642262	52
0.0005321007433666139	-20.707886210602624	4
0.00034312530710687433	-18.976823702839575	26
0.0005959952897089502	-21.479586723163642	1
0.00038037495588415915	-19.31124137013995	34
0.00038794222342167456	-18.966461433693215	16
0.0004587719783932782	-20.151933610237336	5
0.0005874922474701936	-21.437074932122798	1
0.0003819056151599576	-18.897294974164126	63
0.00034801612563890795	-18.881537865022292	29
0.0004366182401579704	-19.430542980944942	16
0.0005949646765128828	-21.47443407172373	1
0.000387867301121901	-18.624401213818075	8
0.0005905468114756511	-21.406404787229437	42
0.00038419471299870926	-19.033837450350013	20
0.0005797146441308933	-21.282790381033717	16
0.00035186503007420125	-18.860268794804366	10
0.0005224265366569942	-20.75257804234552	6
0.00032785158243800005	-18.77239024979417	20
0.0003650792588701332	-18.51449647395247	8
0.0003626781925325542	-19.062538244476727	18
0.0003941231164905381	-19.534166359405322	5
0.0005945933326948357	-21.472577501997996	1
0.0005979581606365842	-21.48940028828218	1
0.0005700466958197107	-21.22644667616667	4
0.0005957591136321363	-21.47840593777596	1
0.00031043368934568697	-18.547449706834666	15
0.00031809687711651123	-18.695689213120506	8
0.0005466654134648261	-21.008073493725	3
0.00034693495297928015	-18.76982932827356	41
0.0005674281925680512	-21.312852495502792	2
0.0005948164741723421	-21.473693119632006	1
0.0003818370159077647	-19.339270306342435	20
0.0005673841657881648	-21.336542611725477	1
0.00038879306763830014	-18.96120534247069	12
0.0005633037965477031	-21.187373745210735	13
0.0005491371636841495	-21.024553011355515	8
0.0005971008478260883	-21.48511406906404	1
0.0005772702241837861	-21.38596892726424	1
0.0003140501862733267	-18.701633752549526	7
0.0005794598702439953	-21.246056748763642	2
0.0005917582317350768	-21.45840313755328	1
0.0003040886139572403	-18.53721049490416	16
0.00039389758417644445	-19.48122096400818	6
0.0005880350597045856	-21.439788774961034	1
0.00035579576045224426	-18.857608269755893	29
0.00042008719498025734	-19.702420813266855	15
0.0005780605607922653	-21.389920292411936	1
0.00039580394511308373	-18.832983074825837	20
0.0004904827215577076	-20.481377353806515	29
0.00032089641071363014	-18.523884185970203	8
0.00040050677126680586	-18.826781444028597	60
0.0004444546073195751	-18.948318829232093	8
0.0005306084717564168	-21.068251655412276	10
0.0003050423681497253	-18.51550482570954	14
0.0005978970495384392	-21.48909475737199	1
0.0005955057468366333	-21.477139205709406	1
0.000354358855988103	-18.825298961311212	19
0.000590955603871408	-21.454390321073507	1
0.00034405624902463764	-18.789485199982032	14
0.0003339289125863082	-18.724682360689318	5
0.0005983286242121766	-21.491252457149702	1
0.00037857406923517934	-18.79154710365326	58
0.00037445399129578197	-19.349279572045813	28
0.0005136238002101761	-20.858990463234598	2
0.00042432456408130365	-19.91529322442905	8
0.0005940214762144997	-21.46971844961242	1
0.0004882071338051986	-19.158176104790392	20
0.0003484321571356638	-19.023790071193815	7
0.0005990880712215749	-21.49504938672662	1
0.00032739416137050534	-18.57778353117173	17
0.0003117126327694027	-18.641853547159954	13
0.0005872456707420449	-21.435842147661866	1
0.000588145737595972	-21.440342119900333	1
0.0005958380210968943	-21.46556028033505	2
0.0003638671824290876	-19.080156428029785	8
0.0005620274236351668	-21.309761055586666	1
0.0004075056392691354	-19.380600328426702	17
0.0005835077057838126	-21.417153826381032	1
0.0005977493657880458	-21.48835639802241	1
0.0006000491808195751	-21.49985454813242	1
0.0005992931375033548	-21.49607463565233	1
0.0003971008941493022	-19.28545989632971	13
0.00036777850088307544	-18.71555986153513	12
0.00036674396358754824	-19.113078548623186	2
0.0005790368780080035	-21.380526430133102	2
0.0005999107383295037	-21.499162391367367	1
0.0005962918085521832	-21.481069198111932	1
0.000308315709479535	-18.524137826317645	29
0.0005882735625770806	-21.440981193391224	1
0.0005779921030099919	-21.389578031036134	1
0.00039194859105081916	-18.634615809894555	19
0.0003656721060968423	-18.87922592717795	28
0.0004404525969192731	-19.300931409786216	14
0.000357265190202567	-18.891943002796147	11
0.0005961752578278857	-21.48048649137029	1
0.00033984974496666234	-18.66324554110442	18
0.0005115840498669429	-20.641628953437408	6
0.0003783964875860057	-19.395281813699583	15
0.0005745856069608749	-21.372546920975143	1
0.0005152596808520435	-20.689536553628592	29
0.0004550957081770644	-19.128504127059855	24
0.0005713257476534839	-21.356248935641528	1
0.00046124128266213495	-19.689275897091292	12
0.0003685730424869907	-18.602788692709076	5
0.00036080209759893183	-18.714468780045387	11
0.000563772287105988	-21.31848467110962	1
0.0005963878370223897	-21.481549301837724	1
0.00032244914752212395	-18.60281195666216	38
0.00028620864466675437	-18.550656900252786	20
0.0005859532470182737	-21.42938054889069	1
0.0003848336984857713	-18.517576606443587	7
0.0003327541565416561	-18.770454757718856	4
0.00032789647014256474	-18.54449088487284	16
0.0005985313386963167	-21.492265948033168	1
0.0004567516397083494	-19.81816167433865	9
0.0004819385825533568	-19.41185084112176	16
0.00039782777920213317	-18.79313323866156	8
0.00031254374577908544	-18.596606253616812	29
0.00030370899087070274	-18.576422017965402	12
0.00045961054498295536	-19.267462956255017	24
0.0003357595612182675	-18.500965903575324	15
0.00038097671049005377	-18.989181137529954	19
0.0005782744387960183	-21.390989596403198	1
0.0004116562213162008	-19.066334678086292	24
0.00044306414686777013	-20.02859579152585	6
0.0005981918843859911	-21.49056881301922	1
0.0005961726671013682	-21.480473538779762	1
0.0005891997900665109	-21.445611958284697	1
0.00038255478640544473	-19.278461908812794	13
0.000554438932444657	-21.048376848439247	4
0.0005839738793901669	-21.40697825857723	2
0.0005786439385830778	-21.392836946715715	1
0.0005563716736575079	-21.281484580593563	1
0.0005738803026310365	-21.238256095210037	3
0.0004008616686854663	-19.13740620604475	10
0.0003493628139339283	-18.690233715180177	72
0.0005138488958833756	-20.393794757878965	10
0.0005159971899196567	-20.687965240452836	41
0.0005977251285803749	-21.488235221732914	1
0.0005972071890433074	-21.485645732376828	1
0.0005203869201999551	-20.75108062048162	3
0.0005950979367606548	-21.475100319361726	1
0.0005873992986877644	-21.43661022559716	1
0.000597631517350798	-21.487767203237993	1
0.0005993534176841422	-21.496376012309952	1
0.0005291576419824708	-20.79744166276615	20
0.0003754275876909088	-18.757939161192333	12
0.00031694555854680766	-18.88344711938843	9
0.0003010525105256497	-18.505197196430878	17
0.0005988214953151977	-21.493716614418755	1
0.0005608379791479175	-21.189822065765835	6
0.00036701699174952437	-18.73414449937171	15
0.0005942892390848376	-21.471057156262656	1
0.0004325646174585134	-19.114364683932322	14
0.0005854513021064369	-21.42687102622729	1
0.0005063206025341753	-20.301150409572887	16
0.0005970210695626192	-21.484715209835663	1
0.0002930996563633244	-18.501931447517592	4
0.0005309692423950009	-18.91041923439917	40
0.00036521000476421537	-19.063781591470242	9
0.0005006330547716222	-20.06622725286234	23
0.000596083486059433	-21.480027669441107	1
0.00057891884644052	-21.28876024672847	2
