T	U	Steps
0.000574676371434516	-21.257886369461925	60
0.0005968468042968157	-21.483843953600836	1
0.0003645661478421791	-18.74782518591129	271
0.000599769680886245	-21.49845716088818	1
0.000333159317821007	-18.78014073946856	481
0.0005746986670864968	-21.33947261262562	260
0.0003250897336741005	-18.510511260259122	262
0.00031342735319173906	-18.518666792619623	569
0.0003252467996369672	-18.64641898884171	232
0.0003250683595910304	-18.544367022857617	535
0.0003160076883197948	-18.56938388974745	167
0.0002917283393019818	-18.521228736336838	59
0.00032601622768216223	-18.578697155775075	238
0.00031438480385422365	-18.57906460100116	96
0.0003104303505701592	-18.520338307046856	127
0.0003134356071064586	-18.54014810160122	508
0.000598659455854803	-21.492906482293424	1
0.0003092753842243524	-18.532697912552752	422
0.00030989171336792405	-18.58918182947333	170
0.0005990633557604515	-21.49492581936223	1
0.00033101432435292416	-18.699845398741836	259
0.00030494048525672886	-18.549659559263382	155
0.0003175374247824203	-18.585898381710155	92
0.000339998985079765	-18.574126419778487	107
0.0005958490585573478	-21.478855626223744	1
0.0003431023939879649	-18.82244926219701	560
0.0003064030451407997	-18.56315260607831	188
0.0005982082975686368	-21.490650872330622	1
0.0005922874233256904	-21.461048882651216	1
0.0005994900014097199	-21.497058876000185	1
0.00034764952936922516	-18.760243171698875	313
0.000326386099222341	-18.817574511957634	135
0.00032439427032197654	-18.53379974776612	215
0.0005714292137426039	-21.225449745924116	219
0.0005934462393023704	-21.466842496427574	1
0.0005899116440022576	-21.449170941636577	1
0.0003248630813835752	-18.681587189799675	331
0.0003699022494120347	-19.026766082148846	193
0.0005969038050910056	-21.484128934644527	1
0.0003002561061764499	-18.50537599229627	222
0.00033499752121355806	-18.760230015547936	95
0.0003044326995322552	-18.58472909613331	287
0.0005974986617609973	-21.48710297872709	1
0.0003180257927161804	-18.568806440175027	153
0.0003799460817154276	-19.03363073456333	75
0.0005967999861778165	-21.482164057538487	3
0.00031622638166841206	-18.614725395839702	68
0.00031870910048746316	-18.62495266689777	87
0.0005938613061863398	-21.468917663896324	1
0.00031395805083325723	-18.57369986337507	567
0.00033004671282177574	-18.748332433899552	317
0.000307765569291652	-18.53502365958363	119
0.000308333330556814	-18.557930798138287	145
0.0002988310640672625	-18.53121064274852	85
0.0005946263462088098	-21.472742556288942	1
0.0002972993477064463	-18.51177272722788	884
0.0003233670704895863	-18.580097374036853	214
0.0005972469615538601	-21.485844578932017	1
0.00029726794341619346	-18.50576839443744	864
0.0003636313405342937	-18.90420419372664	134
0.00032234114960471037	-18.681978638955744	502
0.0003190811472506899	-18.618674032064725	214
0.00031381964529836055	-18.60413047541695	576
0.0003613655796971097	-19.116666214103905	553
0.00031822275561418266	-18.68084072665492	137
0.0005963980306441354	-21.481600265846303	1
0.0003116553345752287	-18.606543304844948	711
0.0005993428335408702	-21.496323095850823	1
0.00037077417399389745	-18.911726605892543	142
0.000597581355379248	-21.487516413556737	1
0.00030337247643899546	-18.539819361911384	234
0.0005963898290751114	-21.481559261300074	1
0.0005864489599142907	-21.431858913981678	1
0.0005943705702174947	-21.471463779212367	1
0.00030827055462205296	-18.592527058837458	252
0.0003198104429154189	-18.701174457248325	33
0.0005999161505292414	-21.49918945018912	1
0.00030963118741341887	-18.526754990551908	407
0.00032677095158018584	-18.63651602862672	187
0.00030680760144870505	-18.607004213532523	260
0.00030184068583058416	-18.52801543238046	99
0.0003600574388310682	-18.56332947381672	116
0.00035917063190664584	-18.872935178455158	348
0.0005997401205250918	-21.49830937097239	1
0.0005884730203346685	-21.40366721999251	5
0.00029926528424050814	-18.507484929355137	378
0.0005988607664106582	-21.493912954100164	1
0.0005980417108123993	-21.489818005555122	1
0.0005889740976687077	-21.41052167675919	621
0.00030985309895400836	-18.526099547782362	356
0.0005990918729123331	-21.49506839365127	1
0.00029768538195185313	-18.503402113317946	12
0.0003271083342222873	-18.710597694451987	29
0.00029439662890276536	-18.515730501883834	262
0.00031279468313198607	-18.524747125609334	710
0.0003108116810629075	-18.525610351464987	136
0.00030416713944893866	-18.53256473671661	108
0.0003077204428957731	-18.56524889917676	49
0.00030093889724946266	-18.525981884158202	372
0.0005776742963143097	-21.290579792121942	361
0.0005960734877707217	-21.479977682019133	1
0.00030489503050425766	-18.56061982204605	127
0.0005989401954662973	-21.49431006742985	1
0.0003759221564173249	-19.08252000257388	55
0.00037651417346536636	-18.797929763688998	59
0.0003044695100889722	-18.50169384282966	65
0.00030359823511286454	-18.530403120266655	122
0.0005923104533921454	-21.461164023720176	1
0.0005919481306044613	-21.45935255551775	1
0.00030582945910683125	-18.544046996998365	36
0.0005862104785502178	-21.43066660308495	1
0.0003072694071083793	-18.51684197710499	140
0.0005664157580236627	-21.194013536918227	6
0.0005907667757851853	-21.436831141295507	4
0.0003103581366355743	-18.52553379861701	189
0.0003244573986322144	-18.63678890866521	261
0.0005860883027955709	-21.398511946665376	541
0.000598472531037242	-21.49197193339182	1
0.00030495483243576856	-18.55359708286785	127
0.0005962646916912681	-21.48093362471449	1
0.0005942727996042654	-21.44653096715017	29
0.00031254054254874165	-18.611344553670083	150
0.0003439284982691438	-18.961813855717867	119
0.000313032605919566	-18.554806381108936	154
0.00031847647223546757	-18.532188834787124	292
0.000321053924767967	-18.698013148238157	231
0.0005993745644290765	-21.496481737528832	1
0.0003258784099412452	-18.771215631832632	214
0.00030085360136071666	-18.50504464334487	792
0.0005983549701449053	-21.4913841762163	1
0.0003216822488949947	-18.754760724548344	122
0.0003211707377881402	-18.65239230729661	102
0.00030648607275373806	-18.555318280676303	108
0.00033449670947420485	-18.818260151577384	759
0.0004868778010519853	-20.465653788331135	261
0.000315942522469322	-18.69479508152938	85
0.00031090951711923307	-18.555937336903348	152
0.0005781986312110957	-21.29159631840956	44
0.00031182578243858403	-18.620989789755633	148
0.0003682866020705165	-18.75278913967057	427
0.00033839826238099465	-18.76788603655553	67
0.0005950375917258062	-21.474798618459882	1
0.0005959522233732475	-21.47937140880757	1
0.00030959757763690017	-18.574960013814675	185
0.0005992378504731586	-21.495798222739285	1
0.0003145278365691269	-18.50097190934037	166
0.0003019662641153655	-18.503820757394404	287
0.0003048374736596849	-18.53115925066868	116
0.0003829408467178173	-19.094403755701016	124
0.0005448163564681074	-20.966307878218753	77
0.00029955082634502603	-18.559502554578557	641
0.0005993483097928481	-21.496350474908017	1
0.00031165132949307505	-18.586459514346615	236
0.0005983793459717883	-21.4915060455461	1
0.0005893431841502436	-21.39835830905934	5
0.0005953036674602081	-21.476128890109056	1
0.0003213411413223782	-18.51514511866972	489
0.0005980182974065143	-21.489700947943202	1
0.0005986541499795924	-21.492879955051535	1
0.0005825879710422482	-21.373669104253178	70
0.0003044680579708524	-18.56302527752895	191
0.0003003630452415843	-18.54119231918816	164
0.0003170851899887346	-18.67596520083202	164
0.0005976909252062499	-21.488064218619808	1
0.00038891326389069414	-18.75965743087098	305
0.00033049772051392095	-18.535496950976707	125
0.0005985404562910891	-21.492311532339688	1
0.00031804168006499116	-18.689109222086607	237
0.0003095921358319536	-18.566673565018533	346
0.00030398105520061344	-18.55527256908934	114
0.00032845332740492943	-18.50709512294999	353
0.0005900823074538046	-21.450024190248868	1
0.00033415065088183944	-18.619261334196345	138
0.0003090217800158573	-18.524722002261452	130
0.0005958877965223583	-21.47904930046734	1
0.0003048137987403235	-18.535828584634086	140
0.0005990673067188494	-21.494945572565037	1
0.0005915844968910703	-21.457534533214087	1
0.00032205974746003053	-18.583473003296024	44
0.0005967280297374546	-21.46864440461067	3
0.0005746327393622313	-21.265025086560723	418
0.0005692534484926016	-21.209342472457507	157
0.0005889583181237274	-21.398924051727178	92
0.0005952608445984289	-21.475914793024668	1
0.00033681334559562	-18.826110853710855	56
0.00032569537656638103	-18.57311134799381	908
0.000598641578451928	-21.49281710246982	1
0.00030253886983107976	-18.52530651139627	651
0.00030222258968321257	-18.522859117224243	181
0.0003237914751793069	-18.51687641151806	289
0.00030578859743034985	-18.52368862898273	589
0.0003253813250046695	-18.603455111034606	620
0.000322522197269924	-18.760655922118882	304
0.0003047081100627826	-18.536539325096733	155
0.0003313574284113354	-18.658359426351726	114
0.0005962254152980379	-21.480737258546363	1
0.00032695955365953167	-18.592462924364796	314
0.0003168221868719546	-18.640099876634	36
0.0005881437355623779	-21.440332110537636	1
0.000310138279809637	-18.61909903537299	209
0.00030668693013444567	-18.538098809265705	170
0.00030433670882895646	-18.502318994931414	87
0.0003053512228751684	-18.54444933950696	249
0.0003049554913060382	-18.54362712494679	234
0.00030837945391448945	-18.572181861860447	374
0.0005988861963657273	-21.494040093646895	1
0.0005913065605597259	-21.422528400935494	8
0.0005960105337861135	-21.220041365989008	15
0.000543682223714106	-20.55682698785257	130
0.00030170332129240756	-18.56287757536642	713
0.00032304715985868117	-18.53281196878076	186
0.0003001045150186311	-18.50666103059488	546
0.0005887724491485124	-21.443475425582747	1
0.000303598379348831	-18.535122586195115	230
0.000596184725663421	-21.480533826739748	1
0.0005807277250208264	-21.034926690311895	16
0.0005481370884053792	-21.003980945368554	163
0.0005881028168501434	-21.38893871850117	132
0.0005938983684877533	-21.469102960495935	1
0.00030611050269698463	-18.513860392706704	182
0.00030442663750782567	-18.523107070047597	227
0.0005838087978401977	-21.34158996353063	4
0.00034292342351378266	-18.87272885697576	133
0.0003106108763929854	-18.559544805422192	33
0.0005935010148785728	-21.46702298228282	2
0.0003318078337018709	-18.814478127374592	755
0.0005443010702053868	-20.996905795434902	230
0.0003084268386562281	-18.5720316584661	86
0.00029166696100349016	-18.55244313534575	67
0.0003155008218216554	-18.654560402197962	249
0.0005767231548893964	-21.304706309733554	149
0.0003638706529512626	-18.677771980484685	84
0.0003315721935369805	-18.770822794852464	252
0.00030663676146216296	-18.571588010390073	301
0.00030442277002003005	-18.50098940808099	124
0.0003392939542095431	-18.848553139721858	259
0.0003153604699412957	-18.63745738288256	85
0.00033322072517500876	-18.56908124539898	193
0.00031447632873601465	-18.534389191384196	47
0.00030410316554523053	-18.536186036579	396
0.00034939320229373746	-18.978103848075477	225
0.0005888163948463237	-21.396154867732744	7
0.00031287879801838997	-18.59402575202442	449
0.0003267449873321214	-18.581904790724085	64
0.0005980391582721178	-21.489805243880415	1
0.0003090496956964478	-18.53836511550819	170
0.0005996883910926554	-21.49805074461718	1
0.00032826719121327756	-18.70743009424097	211
0.0005944461460425154	-21.471841627938836	1
0.00030687971335015225	-18.53810779333721	224
0.0003074240269328737	-18.573232281743252	203
0.00029549648469331794	-18.50888044215934	127
0.00032373427345210325	-18.645752891323603	162
0.0003238618149645302	-18.67648901826599	158
0.0003053060050364875	-18.514561954458564	156
0.0003066472836205838	-18.55136262267428	187
0.0003252673462095649	-18.775869421902417	1151
0.00033693899513207256	-18.826732289390037	280
0.0003419891050907838	-18.82923805172583	349
0.0005999385609751587	-21.499301493404623	1
0.00030964362313819183	-18.596586445411916	155
0.0005979964100536148	-21.489591519982387	1
0.0005921098995840336	-21.460161335347767	1
0.00032754944505123225	-18.739224992578666	208
0.000575149401774603	-21.27176633195136	21
0.0005597368143567152	-21.120791410135396	20
0.0005979032071063725	-21.489125542734918	1
0.0003083886815749802	-18.587058474220193	124
0.0003138041828516497	-18.590453594386815	158
0.0003083545437789511	-18.509540781170866	456
0.0003259200629145488	-18.615502510072634	396
0.00032509037059955706	-18.59426028701575	248
0.00031452491973827	-18.640144390597435	107
0.00030929518881598743	-18.57266873915413	725
0.0003058352044563437	-18.59803157939179	514
0.0005970664320929695	-21.484942004241383	1
0.000599249812315146	-21.495858027137846	1
0.0005996368309237255	-21.49779296451142	1
0.0005999224348579034	-21.499220869304704	1
0.0005993267430378888	-21.49624264980795	1
0.00034944172217922514	-18.865265545921705	113
0.00031320143625096204	-18.616259126886796	205
0.00033367965547508353	-18.621909954210263	74
0.000327115039701264	-18.765582523954894	1015
0.0003603099771010944	-18.601801551737648	169
0.0003296099643056137	-18.694386383046613	333
0.00032280032436085153	-18.646570422227406	136
0.00031728935888706173	-18.637868403919956	291
0.0005889676422412751	-21.444451312534635	1
0.000598914360798388	-21.494180904481706	1
0.0003696374407059958	-19.116759279805123	203
0.00032313066573066133	-18.69967932338632	95
0.00030840263777249366	-18.532874433742744	272
0.0003032612305840354	-18.52635944110511	148
0.00059609110072382	-21.48006573970022	1
0.00035498780513249726	-18.7007692819502	215
0.0005955537395395001	-21.47737914991978	1
0.000595666894392824	-21.477944878672467	1
0.0005995414923334402	-21.497316309907745	1
0.0005985137895532578	-21.492178209376615	1
0.0005996608553669428	-21.497913077064226	1
0.0002986366383127385	-18.517489579692644	110
0.00031140931537952595	-18.538638186898066	63
0.0005996753560697001	-21.497985574745442	1
0.0005731657941895091	-21.232369020202146	37
0.0005977845344560606	-21.488532227216698	1
0.00036940649563783255	-19.17689828143038	59
0.0005959373225992318	-21.479296910930987	1
0.0003083089998684498	-18.58642050444261	396
0.00036623840328465113	-18.70272664481704	137
0.0003052804084463902	-18.558324145145914	251
0.00036029535669218073	-19.06503608714541	472
0.0005960826305151316	-21.48002339206372	1
0.0003043297754272911	-18.513910026444464	10
0.00033099160501721356	-18.689868049143687	171
0.0005357679627968696	-20.955943846517915	298
0.0005834991437937843	-21.404199113594693	3
0.0003457011374051934	-18.66275343672662	145
0.0005986355238932141	-21.49278683211156	1
0.0005958130795929653	-21.47867574587354	1
0.000332257017595347	-18.607616779647525	142
0.0005996587960007467	-21.49790278106158	1
0.0003166741756183736	-18.51235891019526	89
0.0005968186183750651	-21.48370303532922	1
0.00031462873664194017	-18.545244278340103	74
0.0005948910807754247	-21.474066122638632	1
0.0003237016831445625	-18.641308381962084	199
0.00032034206407110827	-18.587874206626594	816
0.0005898435788035773	-21.44883064302083	1
0.00035846920154828944	-18.728585327793347	69
0.0005682390370585146	-21.224554505182386	1172
0.000597097813607837	-21.485098899193225	1
0.0003339026298870517	-18.79169799263264	291
0.0005949014705471839	-21.466427258627004	2
0.0003207280402050001	-18.587454343812837	45
0.000313173333475963	-18.64717465337893	71
0.00031907333092944147	-18.590668992828363	163
0.0003494028852390458	-18.98495375098561	176
0.0005209128614385944	-20.71289881101857	156
0.0003291433750156678	-18.751030896722305	556
0.0003170321723409398	-18.65521056226499	256
0.000599679740630125	-21.498007495783977	1
0.00036158140265693783	-19.077119125850597	235
0.0003465467502593892	-18.967337258918928	233
0.00032343723092891525	-18.747207691896115	54
0.0002970286720744552	-18.51256618393433	224
0.00031480884427492777	-18.581485811627502	392
0.0005940768496651856	-21.46999529459315	1
0.00030582911425830104	-18.507746601931046	130
0.000598356211858158	-21.491390384283115	1
0.000333462703139963	-18.572643525660993	394
0.00034168063327139737	-18.762397545032155	139
0.00030130266174116624	-18.52709546572768	378
0.0005316405399740992	-20.82816962880617	205
0.00029926600131991815	-18.514245099396792	281
0.0003101240878087646	-18.588852915302542	104
0.00033885160221888824	-18.8070984168592	195
0.0003538621773881288	-18.90947375488493	254
0.0005799770455358385	-21.334526615553532	111
0.0003186768399391129	-18.629609669344372	89
0.0005951476294544425	-21.475348762842923	1
0.0005930116770640888	-21.46466986002882	1
0.00030599203684756156	-18.51597661692036	249
0.0003019607605799368	-18.51335629973563	183
0.0003191573124212532	-18.5495252990886	703
0.00030016086700002695	-18.510064577413885	349
0.0005978561903725784	-21.485164294098748	2
0.0005957314520873983	-21.47826764117849	1
0.0005992380282759263	-21.495799111681606	1
0.0003222949983048702	-18.731020776375175	267
0.00032486253372478104	-18.78159861266241	161
0.0005967359207283197	-21.48328958035872	1
0.0005914374807681679	-21.41784303636241	49
0.0005751877934650951	-21.29454709040711	25
0.0005973014941044989	-21.486117219750746	1
0.00030462743553626766	-18.542017313748396	192
0.00034566132983027717	-18.70446492423938	25
0.0003238277795557591	-18.635262862764364	122
0.0003062051723458032	-18.501361974982125	223
0.0003019808660291126	-18.517116605929864	72
0.0005987494710163185	-21.493356521894476	1
0.0005961005341203398	-21.48011290288845	1
0.0005992986826030068	-21.4961023589202	1
0.00033998292040967205	-18.765750746416938	362
0.0003383138814058389	-18.587232138067318	121
0.0005984022606466044	-21.49162060970328	1
0.00031829599570471905	-18.664595174961164	48
0.0005881764344862814	-21.40095860226227	40
0.0003186512326789762	-18.648166719777553	137
0.000597542201573563	-21.48732066027703	1
0.0003313420056792096	-18.659367606182617	106
0.00032373017310883574	-18.591208110330363	249
0.0003136734732358831	-18.560855597956692	363
0.0005821841472656813	-21.330756828939435	13
0.00031782399289281295	-18.70009588980149	86
0.00030955776863082204	-18.609094080051136	172
0.0005925021715657861	-21.450723657016812	254
0.0002982777202206049	-18.50529672217287	493
0.0005948714655491219	-21.47396805439689	1
0.00032774189344626385	-18.7627470129371	165
0.000599719339533539	-21.4982054743733	1
0.0005997011896716805	-21.49811473236437	1
0.0005964167954411808	-21.48169408228382	1
0.00031177749708714234	-18.563608982367104	376
0.00035043869232132116	-18.512126134472595	209
0.000598610962221596	-21.492664033632835	1
0.0005950313025140342	-21.474767174930715	1
0.0005955002948440493	-21.458088003038636	31
0.0003201158174034637	-18.68467519978752	268
0.0003536197102143741	-18.74219703838062	422
0.0003047987584509442	-18.577592825215483	501
0.00031469232195443803	-18.503847276338778	171
0.0005703679544961444	-21.24179878774124	59
0.0003147578551643747	-18.51967453686858	98
0.0003328599097413721	-18.692866007308456	509
0.0003072665317320936	-18.563180778586233	153
0.0003061481567928768	-18.552995054086914	519
0.00030437069664656356	-18.514628747084892	160
0.0005995251803906876	-21.497234756755088	1
0.0003483046132266662	-18.944587936293658	170
0.0003165921960514724	-18.66609874244466	270
0.0003269250060957075	-18.804349808478722	64
0.0005974986730299974	-21.48710303506756	1
0.0005975647140721574	-21.48743321371487	1
0.00030376066634363194	-18.544236609106242	185
0.000596714949681693	-21.483184733560705	1
0.00030438733663288	-18.54907057270443	132
0.000298094027942586	-18.535172959768357	721
0.00035593005542806775	-19.070752044867593	311
0.00029811211157572827	-18.506893028899803	657
0.000591650116123772	-21.45786260298377	1
0.0003083351746677424	-18.60224348937636	588
0.0003614937752222325	-18.99385943736328	125
0.0005910294851994365	-21.45475969799659	1
0.0003253236975557639	-18.63023074491334	106
0.00036410809449477	-18.78248966564711	49
0.00030594963583505856	-18.501229271759268	279
0.0003299571668982818	-18.52185799789821	81
0.0005979153524497516	-21.489186264566627	1
0.0005966733448347866	-21.482976726060766	1
0.0005989938175313303	-21.494578156186776	1
0.0005906954135258674	-21.43655567680296	2
0.0003280073820142095	-18.751467660174363	273
0.0003126352521450421	-18.50701612640897	328
0.00031307537763227246	-18.537998226352467	244
0.00031965806988308256	-18.683393721558296	637
0.00030734629005185955	-18.595837289365104	310
0.0003024477806035587	-18.540683661161967	216
0.0005980609457053416	-21.48991417228304	1
0.000597490905801235	-21.487064202047936	1
0.000595497412202926	-21.477097535893282	1
0.00030610887647872383	-18.5311853180569	314
0.0003145118187403083	-18.631086871101203	381
0.00031654208172409386	-18.626604891902566	365
0.000333169489298376	-18.718590878042246	123
0.000598241013978924	-21.49081444122264	1
0.0005580382409999125	-21.12395555031004	59
0.0005946446240658346	-21.472833938222216	1
0.0003527391244741701	-18.53690573305518	120
0.0005102542477514277	-20.621847746217927	272
0.0005946533335783821	-21.472877482281756	1
0.00030026989405281153	-18.51079104544066	136
0.000306028888632047	-18.52656170939417	124
0.0003209230954534021	-18.66079882277178	68
0.00034584435212730886	-18.940896271173465	371
0.00034870637136318516	-18.85976758281883	474
0.000302246956773722	-18.51009744463001	89
0.0003018084298689649	-18.511280546214916	311
0.0005953779387250867	-21.476500216559543	1
0.0003073157714081131	-18.560871968635844	165
0.0005618763795392645	-21.184942853422346	113
0.00034732869820183553	-18.97616177330058	355
0.00030144699258240795	-18.555440240654203	392
0.00030383861039478096	-18.513050147272963	81
0.0003650934032243991	-18.938286865354492	352
0.000322931331962701	-18.74358957671473	155
0.00031077113261201777	-18.62488542375534	157
0.0005804786658637279	-21.311724902661105	36
0.0003218018415113552	-18.605287209478092	444
0.0005154492825322552	-20.745083381806015	197
0.0005987083825495061	-21.493151096087303	1
0.0003109977800464958	-18.609946254788742	32
0.0005997881181498076	-21.498549339790028	1
0.0005987677818213367	-21.493448068554464	1
0.0003507906782313717	-19.030262788676882	156
0.0005998042725176996	-21.498630105131767	1
0.0005997512234604666	-21.49836488118336	1
0.00032590509875409987	-18.751858068621317	62
0.0005933712720274425	-21.466467690206795	1
0.0003387785360687085	-18.69220291845007	709
0.0005983519044907165	-21.491368849178446	1
0.0003104786456916466	-18.577172265567878	372
0.0003067656723981658	-18.57663340137726	289
0.0003228609529913314	-18.681778244176435	315
0.0003138118274326834	-18.639126191851904	123
0.0003137130758588729	-18.542117173011995	232
0.00031123265540875444	-18.57125010300501	315
0.000588887376076818	-21.22891417672006	18
0.00030454081748241705	-18.51220462949252	618
0.0005993365223476119	-21.496291542423062	1
0.0005620450518436021	-21.153579195271686	96
0.0005851820107907931	-21.370018148509722	199
0.000586531078888238	-21.43226947582095	1
0.0005982397526982698	-21.490808135326688	1
0.00031947036570414153	-18.66784738640259	425
0.0003005845342919634	-18.519281086177934	122
0.00059660097407762	-21.482614901384405	1
0.0003441186785028262	-18.873681638120576	57
0.0003211573720171233	-18.713347647121154	107
0.0005871634516762148	-21.386797859113795	4
0.000597806504379788	-21.488642067998438	1
0.0005995298986510939	-21.426835977995122	18
0.000576531922130098	-21.291454745469405	96
0.0005943705355004914	-21.471463605641315	1
0.00031398463538615423	-18.65336710345101	253
0.0003243256509709265	-18.738102351627006	205
0.0005891776371445712	-21.4455012025855	1
0.0003460084966839984	-18.91559101612772	182
0.0005997807911794841	-21.498512707885514	1
0.00030480802162093513	-18.523534888467296	109
0.0005985603413756341	-21.492410949764096	1
0.0003265126684990893	-18.604560666499165	147
0.0003054923177844009	-18.592421751368352	314
0.0005599664726916206	-21.134736042463608	48
0.0005752988063142677	-21.083236071084	28
0.0005826416662975018	-21.41282397729392	1
0.000347708693417265	-18.811918941165082	99
0.0005955041230445825	-21.477131087402284	1
0.00041249674106889846	-18.637679130087005	99
0.0005985759883912021	-21.492489178548283	1
0.0003039563867585761	-18.540555585153218	243
0.0003346360469503504	-18.777965135920812	305
0.0003105631010160822	-18.60713667759376	164
0.00030572404923348296	-18.535538437992592	155
0.0005560816774349344	-21.091863740501093	436
0.0003256225583574282	-18.70973285542091	93
0.000546589558862695	-20.989278532209227	28
0.000341595776563127	-18.627587951384783	271
0.0003146487844636925	-18.61108783301776	261
0.0005871255875477688	-21.435241779991184	1
0.0005781826765390602	-21.296932226824687	537
0.00032815542562968515	-18.732148617368676	123
0.00030694082431468645	-18.55352121989253	229
0.00030380939414870325	-18.507490881048952	731
0.0002986962924806125	-18.532018001236914	45
0.000336940157206091	-18.832203456008557	800
0.0005681684864662018	-21.185245429747532	20
0.0005645030654839381	-21.188172962541895	137
0.0005938758374261527	-21.443218691554968	23
0.0005379321265475979	-20.927508241708885	109
0.00030249056523657915	-18.59024208758514	800
0.00031557955999997664	-18.534948620330262	250
0.00031802862970867045	-18.63951099311288	85
0.0003540465734910507	-18.869506200669385	179
0.0005622317369005746	-21.165010925652282	219
0.00033803601568767945	-18.54261344405836	513
0.0005930690478689135	-21.43614601737664	4
0.0003513001706865006	-18.711703706851523	256
0.0003240340997153363	-18.729722606906712	369
0.0005994828787419074	-21.49702326552605	1
0.00030807277810365464	-18.57766483787285	251
0.00032832130822058514	-18.752715568965424	137
0.00030353263067690997	-18.540736066385268	117
0.0003123296806686267	-18.501189426894324	72
0.0003827143290948807	-19.07171874637272	148
0.00031789118365566776	-18.641970294112266	92
0.00031173136878263967	-18.515927910059027	227
0.0003071075772367667	-18.5216151221523	322
0.0005974728514037405	-21.48697393732243	1
0.0003074374864237183	-18.502851302427885	374
0.0002924844929410727	-18.516313262848854	320
0.000311166738667799	-18.604768763266602	195
0.0003099529573931639	-18.5218092274436	188
0.0002987495943905072	-18.52938877008872	64
0.00035730509684080657	-18.9906603649566	113
0.0003020928478605459	-18.568861765492525	610
0.0003559252564137725	-18.986065218427925	274
0.0005959687923035086	-21.479454246794408	1
0.0003385163819633846	-18.62112545808568	501
0.0005916144989608461	-21.457684531495325	1
0.0005776459338818122	-21.29185929793095	8
0.0005835411946671504	-21.41732125732759	1
0.0005793551191872223	-21.39639256368042	1
0.0005972716110046177	-21.48596781627113	1
0.0003308842140545871	-18.7425682429469	257
0.0002996941736837943	-18.518586189637634	252
0.0005595120090277128	-21.111903905012525	8
0.0005667676315121455	-21.18460142827592	395
0.0003505403990899453	-18.805596951089143	191
0.00031693172272231207	-18.57184115200061	191
0.00032045145578143915	-18.736489515752602	596
0.0003448317059477738	-18.83364430475794	223
0.0003089579834189471	-18.606127816305463	355
0.0002970243152371837	-18.50750718357249	281
0.00029936238013356716	-18.511585836500775	139
0.00036731811905174963	-19.081204290159544	241
0.00031077018041108004	-18.57682194190356	42
0.0005946170095041978	-21.472695876521357	1
0.0005991426098130579	-21.495322057747146	1
0.00031138917573637735	-18.558430682067666	83
0.00037418366715563514	-18.584337271642447	317
0.0003226489768631047	-18.53133366627528	145
0.00032517375385941044	-18.770115131546337	234
0.0003093879302611699	-18.51377247932526	37
0.0005990877293625195	-21.49504767756885	1
0.0005994363296295615	-21.49679053868763	1
0.0005985871671096146	-21.492545067643963	1
0.0005995955572045672	-21.497586612517033	1
0.0003060149372008125	-18.596840255899615	310
0.0003188702269523833	-18.533759418236464	503
0.00034511110260926846	-18.748136001569293	113
0.00032673601831663553	-18.63137191579097	431
0.00033528858169943064	-18.836480912307454	312
0.00032422531928977136	-18.62766976100301	128
0.0003288897044202334	-18.692878837555504	305
0.0005938055459586655	-21.46863888518622	1
0.0003140290417599264	-18.638077217723446	198
0.0003674619688620098	-19.222117251684377	449
0.0003257256886308252	-18.50905737593157	393
0.00058004354228859	-21.312975176320887	225
0.0003271730681107497	-18.754034161724512	314
0.0003176387745605111	-18.591871521093534	81
0.000594647987519257	-21.47285075413646	1
0.00030396820182427176	-18.541321047247934	353
0.0005516225712772444	-21.021605944388316	204
0.00033258311238388265	-18.823646667135066	245
0.0003348900033795978	-18.71421361083586	307
0.0005940290847492518	-21.46975648922582	1
0.00030115437572460885	-18.50588426192676	63
0.0003346951843927884	-18.791299078580636	317
0.0003070175386891827	-18.64047183100526	314
0.0005997930247088161	-21.498573870611523	1
0.0005927274218969203	-21.46324869852807	1
0.00030235160400797896	-18.546627255742806	115
0.00031357351086675053	-18.64449477421084	113
0.0005924246567105317	-21.444942732921696	3
0.0005995523838524339	-21.497370763121854	1
0.00030628656895884126	-18.61253063508748	241
0.000350711755626314	-18.824065276677473	187
0.0005859606837817587	-21.38819113402233	131
0.0005918799990138696	-21.459011924969158	1
0.00030257235345479113	-18.514064037028355	130
0.0005792110542920377	-21.295944052977298	14
0.0003264845932160972	-18.603967850359936	618
0.0003043363774377117	-18.51099382910028	253
0.0003631358887762954	-18.747075422782792	405
0.00030660592312630337	-18.531168338867204	437
0.0003106429737841406	-18.62555584341554	520
0.0005984998577894427	-21.492108556161266	1
0.0003360972610614567	-18.55158048941939	360
0.00038721003633358125	-19.11642822505841	224
0.0005997675890450199	-21.49844670252345	1
0.0003036815400039137	-18.522109271709578	272
0.0003120205534422899	-18.613106683877223	176
0.0005922889964737648	-21.461056747758825	1
0.0003114881214335782	-18.599862043552815	206
0.00034752311273406446	-18.902153641904512	91
0.0006000336607373137	-21.49977695396371	1
0.0003277237338815666	-18.75660466039811	206
0.0005958663290788709	-21.47894197188469	1
0.0003104677384393321	-18.550938936012667	103
0.0003111303220755249	-18.56298200859863	68
0.00031799603995590303	-18.652167672668135	752
0.0005971392888817127	-21.485306258880133	1
0.0005853928098682881	-21.375973067981242	3
0.00031108202285091253	-18.60541866969832	151
0.0003016076448544804	-18.567693199763337	290
0.00033133459256471086	-18.697580246196498	111
0.0003141328205266863	-18.655087956849158	425
0.0005913462211339204	-21.45634325026927	1
0.00030114283732094875	-18.550349653493413	90
0.00032253890510217873	-18.55713635802163	150
0.00030052070789897336	-18.513481174515622	439
0.00031294434139205856	-18.547392458748984	245
0.0005961614434706455	-21.480417425140594	1
0.00034600028530400086	-18.728735375044238	297
0.0005894657229837766	-21.446941515905632	1
0.00031278778952953374	-18.557101253913483	130
0.0005566696880569579	-21.08191850539228	8
0.0005884001145382913	-21.441613902294662	1
0.0003591758123856426	-18.95700257989145	229
0.00030094379653001883	-18.524890605152628	143
0.0005925200380792059	-21.462211862854865	1
0.0003255592709379228	-18.735864332980206	121
0.0005965900959565905	-21.482560515154727	1
0.0003139403061999989	-18.592360330253747	261
0.000596699764757119	-21.477981393096766	16
0.0003327412792499661	-18.64372884169207	64
0.00031825521645894043	-18.695942030105158	208
0.00033552738717396125	-18.681846368787593	143
0.0003266179249852302	-18.57089430694291	80
0.0005941610158434195	-21.470416091630412	1
0.00031481178235161575	-18.540234204657672	195
0.0005700334257614795	-21.305343884125005	8
0.0005645958400515431	-21.15946520594664	62
0.0003033212912908669	-18.515967996069193	141
0.0003146028886107669	-18.575493512227922	71
0.0005915692145292271	-21.45745812755185	1
0.0005990216381253908	-21.494717247966882	1
0.0005968053715606937	-21.45147050973297	8
0.0003201047145346957	-18.68100862247134	188
0.0005993251850200541	-21.49623486034545	1
0.0005882320709519893	-21.44077375195482	1
0.0005931695037969058	-21.465458930210733	1
0.00030747512882281817	-18.559960294790585	234
0.0003089570180164803	-18.522393355438172	265
0.0002991955189649388	-18.50213328124444	452
0.0003075902025714781	-18.573791051189005	211
0.0005919808055407877	-21.459515917056642	1
0.0005997972809619094	-21.498595150165006	1
0.00030347633795280306	-18.51622780903627	96
0.000594171219738053	-21.470467106999298	1
0.0003266599868378423	-18.616278447513665	53
0.00030921105099872807	-18.59482553431925	373
0.0005996618217504676	-21.49791790859315	1
0.0003215007338611109	-18.658425422371387	243
0.0003356339380267824	-18.609541387608598	81
0.0003560137534918098	-19.07046213837655	183
0.0005943138466941805	-21.47118018441153	1
0.00031926864834631115	-18.559177899404673	44
0.00030400637485896066	-18.511821679420393	119
0.0003261814836258278	-18.75728163794553	8
0.00034949744179123596	-18.772088788055303	90
0.0003353464937312884	-18.82286298407029	294
0.00031686680897358296	-18.62191373624674	86
0.0003311106288459054	-18.647232065345715	310
0.0003108913471248999	-18.543081299090638	93
0.0005991643756636117	-21.4954308782451	1
0.0002993359268604475	-18.526484384979007	288
0.0003151060698124992	-18.514839456880598	86
0.0005959902754251188	-21.47956165376137	1
0.000590112024506381	-21.450172763558747	1
0.0005981093699984175	-21.490156274270866	1
0.0005924219371876246	-21.461721397855783	1
0.000310201786145748	-18.61561359436739	47
0.0003294924502625533	-18.685038728789284	285
0.0003214952565843966	-18.678303409524343	341
0.00032041726799216186	-18.546778371152666	251
0.00032311268849488943	-18.643456295375152	159
0.00029929421232059505	-18.517247966772096	749
0.0005996634965835867	-21.497030839233407	2
0.0003063888462917994	-18.537599482120445	382
0.0005924432029393652	-21.461827718060828	1
0.00029809372985816336	-18.5269650652467	129
0.00033708463053439545	-18.56574457968422	51
0.0003001305646505912	-18.50454168292142	59
0.00032541550389938144	-18.61781298644756	185
0.0003033753913902132	-18.518913445747657	214
0.000316454856780504	-18.655522008038915	169
0.0005921479517148507	-21.460351580696262	1
0.00032253341161007134	-18.66591757366917	220
0.0003517537807976757	-19.00802084871108	110
0.0005980734203151664	-21.48997654031454	1
0.00032051803287785793	-18.704772929290183	123
0.00035245952591932963	-18.918486580741593	300
0.0003209361854010776	-18.750366532554835	215
0.0005933078625547641	-21.4661506683484	1
0.000595749178569867	-21.478356266460764	1
0.0005982008835955348	-21.490613805447214	1
0.0003121743212274366	-18.557558701356164	599
0.00038085134534101254	-18.87924535273266	168
0.0005980640940198393	-21.489929912589194	1
0.00059772447836924	-21.48823197093877	1
0.0005988786456382581	-21.494002343046656	1
0.0003072084391721787	-18.549999167418157	205
0.0003296061557499923	-18.620010018840713	86
0.0003345926425679828	-18.58383265862756	133
0.00033851288677257504	-18.786775377570798	204
0.0002992172364391075	-18.51943433659497	1011
0.0003014402559974998	-18.527285380587124	496
0.0005970994129535543	-21.485106895278513	1
0.0003139556826436567	-18.549030635755646	305
0.0005988753839595512	-21.493986035965055	1
0.0003342565936137166	-18.525472793164855	132
0.000599613315513814	-21.497675396920396	1
0.0003121702863930262	-18.61372867954391	416
0.0005940822919398407	-21.470022503777397	1
0.000322382960526903	-18.71893384525842	420
0.0005997451590974675	-21.498334561807617	1
0.000352839178233673	-18.816051743005218	349
0.00030420026479146975	-18.535452181028468	56
0.0003027831306704899	-18.533809718863758	537
0.00032906675527738136	-18.66987248185669	172
0.000597396216629687	-21.486590794276733	1
0.00030412562827724	-18.547756979607637	571
0.00032652339316617556	-18.531052302268787	287
0.0003267640306552586	-18.763371465287488	239
0.0003066135821079607	-18.53931715428399	85
0.00030666372096716015	-18.533263605784327	193
0.0005779521513160273	-21.285971942881066	4
0.0003050248313976936	-18.609526251629816	578
0.0003074622506389959	-18.5889397550783	410
0.0005985664099892872	-21.4924412903914	1
0.00031412781145373204	-18.520098832312737	177
0.00031268710312915216	-18.55441447679629	102
0.00031381423908254243	-18.613739069982778	97
0.000598785694259585	-21.493537623540842	1
0.0003116406776238947	-18.622151627712316	353
0.00030936011993245064	-18.578727160612225	175
0.00030159806299599225	-18.509586380389756	738
0.0005962999574336939	-21.40090495028891	18
0.0003090045639894553	-18.505123682882775	249
0.0005865761347874285	-21.432494737194205	1
0.0005963322309070615	-21.204665390356414	94
0.00030515400331396187	-18.5815038437512	214
0.00032689044448630587	-18.625628632417765	243
0.00034666619706914	-18.71241922414401	133
0.00029932612685270357	-18.501472668951084	179
0.000317416662684342	-18.67685792894097	135
0.0005991047634826448	-21.495132841317893	1
0.0005953538617863838	-21.476379841550422	1
0.0005993592219605605	-21.49640503135741	1
0.0003126684745413439	-18.59811707784729	85
0.0003024118868940935	-18.545497746242894	154
0.0003204716917506273	-18.5847062244693	199
0.0005962760450763918	-21.48099038707347	1
0.0006000708454338188	-21.499962862489546	1
0.0005969507642596126	-21.48436371159932	1
0.0003322545492547274	-18.77217606874654	148
0.00035541018280834	-19.060336253484508	173
0.000320693827268229	-18.680676728311624	51
0.00031923792487653505	-18.565726032604854	104
0.0003198247260768854	-18.514886726606974	210
0.0005924343256186214	-21.461783335027807	1
0.00032807481486070206	-18.612078582668534	148
0.00030511867698753775	-18.563686822621953	261
0.0005949690954091483	-21.47445616442766	1
0.00032748114954859873	-18.788284473237294	254
0.00031394555187940295	-18.652884943027047	271
0.0005988078019342997	-21.49364815302211	1
0.0003142304985909798	-18.682225494584497	84
0.00031996538797996767	-18.677792543412576	166
0.00031943537669238537	-18.627848611617143	245
0.0005999597831043645	-21.499407595514537	1
0.00030499261321514893	-18.564928276011006	79
0.0003452161266313426	-18.97321020510374	1178
0.000583122269837085	-21.33895982361308	5
0.0003005645038596338	-18.50387934482942	245
0.0003025599502846954	-18.53886803666875	520
0.0003096073082674651	-18.54634656599175	240
0.0005863757582014386	-21.369446947539966	182
0.00032284370097320126	-18.570260066919957	128
0.0005874528054895724	-21.403978692966117	6
0.00031310687753282403	-18.587890579163716	283
0.0003120757635659167	-18.50624481918379	141
0.0005931313055181426	-21.465267954181297	1
0.000583169364756987	-21.3040913051629	75
0.0005921403282088561	-21.460313466232666	1
0.0003195851867772738	-18.50079477758787	155
0.00031518556282668646	-18.615539706390294	184
0.0005875847597514176	-21.437537456317983	1
0.0005961604006491	-21.480412211452318	1
0.00031801540344604024	-18.653380182227156	353
0.00032070989583279615	-18.68070237102136	72
0.0005919188265501445	-21.45426290539319	3
0.00033721734047277867	-18.700960007985614	6
0.0003245630846530974	-18.719882434509906	99
0.0003111047740118813	-18.53778167464714	49
0.00033499997603001267	-18.575324635903833	136
0.0005995927625065725	-21.497572640151162	1
0.00030696407258713526	-18.528551519843706	241
0.0003350991183502448	-18.582009655523322	342
0.0003034778729538559	-18.552015824932006	222
0.0003169830608147889	-18.618067165378527	137
0.000315826866322403	-18.636681156109443	141
0.0002977892957666484	-18.501185883831326	407
0.0003411484931375989	-18.708650379991322	335
0.00032358862099604997	-18.50356817406448	153
0.0005853197761842664	-21.36580754782146	128
0.0005724393278396306	-21.252907429703395	124
0.0005856638103906815	-21.38621546706604	159
0.0005987921112461722	-21.493569705892693	1
0.0005724541365867724	-21.231717517136858	155
0.00032280747338140795	-18.641093145857077	254
0.00031572626825935007	-18.669565635877433	72
0.0005950461376307739	-21.47484134454733	1
0.0005994431119651807	-21.49682444763769	1
0.0003194428176328735	-18.650543361070504	195
0.00031018531074459036	-18.549378737462252	506
0.0003508244669992745	-18.796268396294472	362
0.000598636050650293	-21.492789465685078	1
0.0003092965426200335	-18.51488815344474	518
0.00031530417610219617	-18.54030568369588	269
0.000374334751344502	-19.283003643220983	335
0.0005919809029846429	-21.459516404236723	1
0.0003192504399029206	-18.552571553306905	183
0.00033602294223755323	-18.650142302743095	321
0.0003210756848207571	-18.612187747943754	259
0.00030485125455864855	-18.513735871358904	148
0.0003124301538857888	-18.528642409924064	341
0.0005973680512798841	-21.486449978856584	1
0.0005970129303090766	-21.48467451684178	1
0.0005995560469258856	-21.497389077015725	1
0.00032834518525677126	-18.691164532224967	618
0.00031265295475094737	-18.647717149157824	111
0.00031663918410049994	-18.59163016238307	217
0.0003157193944367995	-18.50087816377426	84
0.0005997550119891516	-21.49838382230294	1
0.0005933760475637438	-21.46649156596745	1
0.0003271347114639711	-18.769110453993644	272
0.00032424472672278856	-18.73026995045753	91
0.0005999150161207427	-21.49918377860292	1
0.0003029483190894621	-18.557358720263498	426
0.0003113350345237529	-18.51174868492852	30
0.0005999518070449597	-21.4993677184257	1
0.0005975669755113937	-21.48744452000144	1
0.0003121282616172655	-18.501711429228127	342
0.0005999756396196905	-21.499486871713252	1
0.00033164229312561996	-18.74504219551079	180
0.0003025326061780748	-18.501662679760564	164
0.00030526837049130347	-18.53419624530934	515
0.0005938935433053551	-21.469078836524762	1
0.0003300170426153242	-18.65647211060616	90
0.00031432744594808417	-18.647230236625433	311
0.0005384107951300552	-20.895047842061278	29
0.00033388221594769763	-18.8350545324411	138
0.0003184316379439189	-18.630431695131296	312
0.0003369094767541038	-18.839441017694362	284
0.0002989745837904928	-18.50536965260335	157
0.0003245298996114654	-18.65088886707905	97
0.00032220316714232317	-18.721995133612598	390
0.00033374431197277955	-18.847306013405383	209
0.0003043128645577441	-18.547853953271467	97
0.000599799038862896	-21.498603938962866	1
0.0003315545915105932	-18.75662449579742	47
0.00045054224599991896	-20.01520983059802	287
0.00030450308838528544	-18.545724911289874	102
0.0005988066686051421	-21.49364248683218	1
0.0003325536305042857	-18.52726730893749	315
0.0003019543730926755	-18.544196517396625	205
0.00030595936048162926	-18.514521482863515	440
0.00030017467145862156	-18.506394810284082	143
0.000583991692605849	-21.371517128768893	591
0.0003180748882008323	-18.700103197169945	157
0.0003161737959173673	-18.576179914978507	112
0.000367653126568896	-19.05308060574154	127
0.00032592564787335665	-18.66290618794053	246
0.0003060717067976467	-18.568137482812997	185
0.0005941389651113513	-21.470305846839473	1
0.0005949775672827506	-21.474498520388057	1
0.000327180996831383	-18.663943541744157	84
0.00033987704261607515	-18.9049893535021	552
0.0005655364008369295	-21.177865820953432	289
0.0005967924184697783	-21.483572046341095	1
0.00035843252718183383	-18.721370495354215	208
0.0005838253132481335	-21.385641671382235	130
0.0003265833804372141	-18.592523510907316	272
0.0005963184247389255	-21.481202268339896	1
0.00033844350524209947	-18.648666027631858	79
0.0003188839920053366	-18.64078091267308	417
0.00030356563134162297	-18.515816672986816	82
0.00029403832906451006	-18.500530620500758	114
0.0003046228255373549	-18.515521006148816	90
0.0005992413428645958	-21.495815683291738	1
0.0003041623872599937	-18.515493721716776	215
0.0005672775735688717	-21.19079244121699	12
0.00031751449451263567	-18.527792629350166	105
0.0005958094395511312	-21.478657547128496	1
0.00034405367924418215	-18.81864525105085	176
0.0005810237676055235	-21.31121685444635	47
0.0003620392314008304	-18.925521445107673	218
0.0003290489196120757	-18.735259908400575	94
0.0005999126485330975	-21.499171941617	1
0.0003086133872787719	-18.56811359802999	209
0.00030264883671707386	-18.533879398070262	555
0.000567666380320193	-20.936283210389494	143
0.0003286728639439563	-18.782906670084056	112
0.00030158697361126085	-18.539287088028313	107
0.0005293216629789719	-20.831317416373725	95
0.0003164954410116974	-18.584584160626676	398
0.00031934055482083136	-18.671879067024207	884
0.0003011095323265891	-18.52335751606623	165
0.0005992892209959733	-21.49605505469075	1
0.0005898933892450226	-21.44907967519296	1
0.00034678057226549523	-18.823100876403938	307
0.0005839290317383	-21.356665954088335	512
0.0005931720412835681	-21.4654716166234	1
0.00031606546406680406	-18.512572496735803	202
0.0005939149088587425	-21.469185655697895	1
0.0003009918377141279	-18.510265730971266	254
0.00030878382437474927	-18.527138972133905	439
0.00030054226965892285	-18.50034916325893	207
0.00032625711592296593	-18.71472740191678	470
0.0003537843343502773	-18.713098208168102	312
0.000583099260125274	-21.34939027854717	92
0.0003086142869962892	-18.562821607094413	379
0.0005992931014527273	-21.496074455413694	1
0.0005832308810714878	-21.333469140309287	27
0.0003360013946998489	-18.60583339299503	201
0.0005842552970499414	-21.374476386649615	31
0.0005995185856847856	-21.497201785878147	1
0.0005973949299453925	-21.4865843613728	1
0.000306259949481346	-18.58401163744061	57
0.0005911352249541927	-21.45528835423899	1
0.0005941238845443623	-21.470230450070336	1
0.000594257360516132	-21.47089777624155	1
0.0003095604465752028	-18.5954898737887	235
