T	U	Steps
0.0011122202245144514	-22.560353757598403	1
0.0007744043094826667	-17.358502723573885	30
0.0011719783891848213	-22.859120544604583	1
0.0011633721157550687	-22.816092639131128	1
0.0010267867649854927	-18.829492171586296	21
0.0011890212861834994	-22.94432817448511	1
0.00118622035443379	-22.93032464234686	1
0.0009775061856090769	-20.398501490468462	25
0.0011940746450732507	-22.969592936336618	1
0.0007325254119065254	-18.443013440050876	9
0.0011763727862823085	-22.88109076254698	1
0.0006582837870839646	-17.06370475559109	9
0.0010503762266545638	-21.928808947524697	3
0.0005709387711233155	-17.348817944742265	35
0.0010119128764250068	-19.834185630296844	6
0.0010700114273435584	-20.526172104844804	5
0.0011719645913423776	-22.85905156094223	1
0.0007318421848999311	-18.80633476419176	13
0.0011947617114655737	-22.973027991941596	1
0.0008803390096880344	-17.711535343241067	18
0.0007403719038680145	-17.800369184700642	17
0.000979216609535068	-17.26319590805378	15
0.001154358418180342	-22.20998542835946	4
0.0008452147777440828	-18.196556484641267	11
0.0009277480350522376	-19.241233890334918	4
0.0010327849031678854	-20.75409629190334	3
0.0010647713329616588	-18.58176157440443	15
0.0009360012310813297	-20.4080643187526	7
0.0007900847642419539	-18.933265302664797	6
0.0007026773570563044	-17.526994585595638	8
0.0010158335594049612	-21.388230159185902	11
0.0008563345318813209	-18.203470443020837	3
0.0011981512721219935	-22.989974431850978	1
0.0011521634819131718	-22.560052273910447	7
0.0009449490468258665	-19.744934717696733	3
0.0006032321658908227	-17.036151571998282	19
0.000863325604112477	-18.740565539136448	18
0.0008079543845325597	-17.95298240446374	16
0.0010781074288451998	-22.10285352645668	4
0.0007487286179372974	-18.601014024816447	8
0.0010194600748397082	-20.926585756776053	12
0.000685913299499785	-18.007891208739156	5
0.0011506055576542072	-18.516080856632048	16
0.0006654723869938057	-18.0171138833491	17
0.0009868133561932264	-21.48856248081987	8
0.0009753624904086591	-20.956582323295038	19
0.0006677459509535711	-17.952473627718568	15
0.0009754177554813606	-21.130977669583853	2
0.000706386500142984	-17.363612925189713	12
0.0011952581009820457	-22.97550973986271	1
0.0010837749290997757	-20.275267991407304	12
0.0010309076397673632	-21.33377390753926	4
0.000706295419434022	-17.096263481221975	5
0.0010873346291677783	-22.309644407313783	5
0.0007379555688783893	-18.290482324580765	21
0.0006356927347725884	-17.363715001246863	20
0.0011866493032470448	-22.932469213878356	1
0.0010907478895081139	-22.45300071931902	1
0.0008710359841260092	-19.757674899453	4
0.0007195837211328625	-17.50812486596718	4
0.0011733380133634986	-22.865918118620453	1
0.000615158632049846	-17.814907341353027	12
0.0006497342098995107	-17.08057666810091	8
0.0011877891201825656	-22.93816784009084	1
0.0009238660580165211	-20.31580781179948	17
0.0008091455655483609	-17.737108166487012	11
0.0007887004234566776	-18.823772897593784	16
0.0011895902543148536	-22.947172786287553	1
0.000726966940784774	-17.78050423393856	14
0.0009723886645992135	-18.094738306345008	13
0.0011644538000918413	-22.821500625732376	1
0.0007458849201610835	-18.044385113990156	13
0.0011873341179550667	-22.935893011967515	1
0.000807855123529488	-17.825837490692788	5
0.00114729360185559	-22.73570653684571	1
0.0011546063730073473	-22.77226745121069	1
0.0011472507670353025	-22.735492379973593	1
0.0009195807570831778	-20.257748039289346	5
0.0010809858193087264	-22.404194294890022	1
0.0007918898456922575	-17.661195726169694	31
0.000742586913695792	-17.891412515459272	8
0.0011247766536984951	-19.484722703122234	15
0.0011551550354023687	-22.775010542498986	1
0.0008172773989543024	-18.581393659485137	4
0.0010395688365384364	-21.397664706120757	22
0.000629705502251293	-17.12929407327178	9
0.00118611977851738	-22.929821803219156	1
0.0011778206630106754	-22.888329563813738	1
0.0011849670659697482	-22.924058704133074	1
0.001061841536216238	-17.82920491196593	17
0.001071817791233592	-22.259521018677635	3
0.0011762984854420324	-20.262946610804214	19
0.00071244252082921	-17.18070596247871	15
0.0005943326235641926	-17.496954820324316	8
0.0011330356811473784	-22.66442266822493	1
0.0008359811928175809	-19.53397802822811	5
0.001170297990332125	-22.850719226242845	1
0.0006692558057669233	-17.44423922872629	7
0.0009751037705119816	-20.810440123026854	13
0.000725230404699239	-17.57945835367001	8
0.0006926595569649813	-18.005993428324636	4
0.0006614708327720622	-17.359793093454023	8
0.0007335749440261666	-19.036313399700862	5
0.0009664366638345713	-19.040344394496362	21
0.0007529068088197664	-18.121606474598238	5
0.001157330571567522	-22.604783082145392	2
0.001082561128467504	-17.252204954036323	18
0.0005919292067395191	-17.234529444845343	23
0.0009244563813013887	-17.024307546534345	15
0.0009006775738675758	-21.093165570276806	14
0.0007622761781213856	-18.825296657935915	29
0.0006345708535619622	-17.227197816663192	19
0.0006490377619871197	-17.048323369927843	7
0.0006215623832155937	-17.240230624635167	5
0.0006686881093028072	-17.84528290009681	7
0.0009037462947385486	-18.657298760388784	4
0.0011711424769923421	-22.854941319868622	1
0.0011235699293086513	-22.617097716412005	1
0.001180454063526855	-22.901495507169923	1
0.001106219076954398	-22.530350433621553	1
0.0011998737992904758	-22.998586374846496	1
0.001133631566808049	-22.667401856847	1
0.0006442285319035559	-17.51055697222352	5
0.001197471720705484	-22.98657694810234	1
0.0011816238386543304	-22.907343912292188	1
0.0007979059064901027	-19.058333113788617	28
0.0011519652982195031	-22.632696831513712	2
0.00115912653187942	-19.602813260195067	17
0.0011473330932756604	-22.735903978061543	1
0.0011967086387793134	-22.982761845403616	1
0.0010300370298871669	-21.603728612776834	4
0.0009839715819633613	-20.984421350032353	4
0.0009994999129466764	-19.78624213133118	7
0.0011689825806863482	-22.8441427071072	1
0.0005885328143405981	-17.144629626315087	25
0.0010918971806978322	-22.013098309802412	8
0.0010334363724673978	-21.46789519285434	10
0.0010852435005445536	-22.425480988514927	1
0.0011694315389350874	-21.083536908723893	11
0.0011969533019886153	-22.98398506303998	1
0.001090893387181011	-22.45208951317561	1
0.0008599849290526235	-18.86771013824194	7
0.0007119118545613741	-17.744843041288423	13
0.0006706509065366122	-17.70902849001693	14
0.0011287593050577011	-22.339125156791717	7
0.0007489033445992374	-17.176709976015246	2
0.0009893603710688821	-19.74606495804182	10
0.0007779788895890746	-18.340956635148018	7
0.0010829180326563618	-22.41385458443988	1
0.001015431077431066	-20.23692910562786	3
0.0010368265021532543	-21.372824050299187	11
0.0011642428580741458	-22.820446000490467	1
0.0011219232968515099	-22.563325145740787	1
0.0010672660572958474	-20.2170363307924	10
0.001103309443780115	-22.135312408754785	2
0.0008352685814902659	-17.109750320183366	6
0.0010975860384271829	-22.01913292199404	6
0.0006305799235362258	-17.268772241300425	4
0.0010818808276652175	-21.95894039313779	2
0.0010964729769684007	-22.018217955695455	2
0.0011332978642231801	-22.333778830210065	5
0.0007898008564521853	-18.81619063483387	21
0.0011897171806848194	-22.947807367084174	1
0.0011227507467313914	-22.53568135435666	2
0.0011833868926270409	-22.91615847300788	1
0.001173819503679672	-22.86832537653293	1
0.000786554114878598	-18.030297454168345	19
0.0011339247797466025	-22.668867803601618	1
0.0006095213248718264	-17.352748004955597	11
0.0010926588920753186	-22.462554963498267	1
0.0006744193215351752	-17.35435016494872	2
0.0008001167412761778	-17.371679502426705	11
0.0008044860937653855	-17.27216709347337	7
0.0011445582141927095	-22.5059661320362	5
0.0009587630172074772	-17.581960329663204	3
0.0011709009039184554	-22.85373355166639	1
0.0010717741838660742	-17.951594127921	12
0.001118313087508648	-22.181660193801775	2
0.001099088929729947	-22.49470256543683	1
0.0010100255857765077	-21.15371938502323	5
0.0011540824609095356	-22.76964810145321	1
0.0011684737765037894	-22.13764254697697	2
0.0011931690017960262	-22.96506508422465	1
0.0011817696855045898	-22.90807308787995	1
0.0011530424550835285	-21.57300230890217	19
0.0006733543900399693	-17.25870056989682	17
0.00111144301339912	-22.55646801463702	1
0.0008164031550485177	-18.810945363252895	13
0.0009326640399169639	-20.490085426406175	3
0.0008471452811018334	-19.194766823041636	4
0.0011165330031498793	-22.581915916059646	1
0.0011631398746017717	-22.8149315267783	1
0.0011770288182665408	-22.88437065859438	1
0.0011822905907143883	-22.91067740440682	1
0.0011212747230793497	-22.23120743649957	13
0.0006547495981868206	-17.188752525232687	10
0.0010623157566958643	-21.847262249116913	16
0.0011874028328048042	-22.93623655857724	1
0.0008262069548207021	-17.1392628027668	15
0.0011348325968940018	-22.673406524190067	1
0.0011676244148111727	-22.837352424022274	1
0.0009441149509980453	-19.57378358393831	5
0.0009894805946435844	-19.24938448863462	33
0.0006745185726546668	-17.61482155438224	23
0.00097808167607659	-20.5519198005438	5
0.00067799315154144	-17.59988338438006	8
0.0011679184111062415	-22.83882228724438	1
0.0009518833810334919	-17.065092637776218	2
0.0006789334366644777	-17.175014851375586	16
0.0007367433792828129	-17.632838409107883	17
0.0006957278999897604	-18.27961946071541	35
0.0009941612446041613	-21.207169591659394	3
0.0007839095463534922	-17.16849618406173	31
0.001114252064520052	-22.57051214036555	1
0.0008605716962047905	-17.909423360806024	14
0.0009964273467310417	-17.916288873898473	44
0.0007261128678992615	-18.01953859904499	13
0.0011206213342738421	-21.869578778416987	4
0.001005360271273388	-21.094890690704933	6
0.0006520032173575926	-17.14654591470583	8
0.0008563097373426261	-18.23238969653159	7
0.0005905605487830883	-17.45116993557766	21
0.0010297348142941747	-21.39185961466603	3
0.0011370515018996332	-22.68450015671478	1
0.0007556678551177312	-18.53546724888646	14
0.0010225398891067512	-21.61533799596249	8
0.0010304714171316066	-19.66658352867492	8
0.000826009535337396	-19.384509822355184	4
0.0011954732268134522	-22.976585282490326	1
0.0008943911322616397	-18.235621116824742	6
0.0011755160359777697	-22.876807355632366	1
0.0007716864764521164	-17.995476591442735	11
0.000963750566398595	-17.09463398402505	6
0.0011921691046890553	-22.960066000875383	1
0.0007178074796249905	-17.00136815806108	2
0.000969554174904992	-20.831685883715515	6
0.001169096270300789	-22.84471110945038	1
0.0011269792636190046	-22.63414301663755	1
0.0011875958692728124	-22.937201663272802	1
0.0010872948827168021	-22.000832724457066	11
0.000809616427080526	-18.921943472538846	10
0.00094012821444204	-20.098627746758826	5
0.0008804040253953372	-18.548484727332394	17
0.000611623505533613	-17.178987658084353	27
0.0010575722102134856	-22.28713566699893	1
0.0009206887870628996	-21.02690688704718	4
0.0011578379290260196	-22.78842393148506	1
0.0010086738376707115	-21.096015107670567	25
0.0011856450125873367	-22.927448164532606	1
0.000997879221801301	-20.91896656489079	11
0.0007602034418472648	-17.587940911308728	4
0.001124271707642839	-22.620606325808765	1
0.000696135665101637	-17.652039839605145	10
0.0006583088557136741	-17.597583099373413	5
0.000990421755964557	-21.951410405478214	1
0.0007192575964874299	-18.320038908940045	5
0.0007324708309994021	-18.39695704402226	7
0.0006238382977796833	-17.2233483034656	34
0.0008678749855450968	-18.312703887788302	10
0.0011609867371844176	-22.804166705741473	1
0.0010962794265868836	-22.094111404857095	4
0.000758140390112121	-17.90388760501551	19
0.0011673167928918737	-22.83581443815961	1
0.0011924069332290216	-22.961255047914158	1
0.0008520815057747342	-17.700398927637348	5
0.0007861530732215308	-20.130018133385565	3
0.0008892480627612977	-19.444360367771214	16
0.0010346870988710351	-21.369861325827447	5
0.0006679000644056239	-17.224749856968185	18
0.0009179124357840186	-20.321491500375153	34
0.0011154990732713938	-22.290220826144523	6
0.0007320979684526861	-17.79283410921221	8
0.0007309496043751727	-18.257767988163188	4
0.0011672233163075682	-22.835347092836887	1
0.00118257067073365	-22.912077691847387	1
0.0011880748664684778	-22.93959645658554	1
0.0006317429939671947	-17.38699797709041	8
0.0010201311792250322	-20.559397133254848	3
0.0010996469851016822	-17.877983118197996	19
0.0011979355822252797	-22.9888960691237	1
0.0011949465692883173	-22.973952206700513	1
0.0011279962322826207	-22.378089277482417	14
0.001104291186881993	-19.37234162355667	2
0.0006962936657618012	-18.053665342021432	14
0.0006321589147995204	-17.275885497938354	4
0.0011553025992349334	-22.775748302307655	1
0.0009880915916553519	-21.02111652919479	7
0.0011786918397956206	-22.892685097327664	1
0.0010035869374493515	-21.045990405451597	8
0.0011786267238383429	-22.892359543732674	1
0.0011586848406478414	-22.79265814894347	1
0.0007018814284515914	-18.029754347671794	6
0.0006020754281210292	-17.12682589189018	11
0.0005701815957074511	-17.276253502599396	3
0.0011938878918322379	-22.968659245248745	1
0.0011722165431372583	-22.860311218574825	1
0.0011815144535020534	-22.82697438211651	2
0.0009306696196456005	-20.04941131207973	18
0.0007622596796601178	-17.97290052793514	22
0.001059489810331952	-21.9319323493002	3
0.001116397792011034	-22.581239914750988	1
0.0006267395925729077	-17.34230121219687	26
0.0007051324679228733	-17.740984097227866	2
0.0008581754562747244	-17.02179614921483	6
0.0010379196492826205	-19.535842954544922	38
0.000903144305812164	-18.798393239113626	8
0.0008461369672572864	-19.442545774204735	20
0.0008031273860037682	-17.421115868007025	13
0.000796497552831805	-19.265364290860006	3
0.0006596161941544212	-17.519164636410256	16
0.0011428052294496502	-22.687341629097883	2
0.0011883335018660376	-22.940889529543206	1
0.0011856346642891153	-22.92739642720386	1
0.0008512328247364565	-17.418351244578904	7
0.0006270551663442034	-17.14906861623456	5
0.001157299716698997	-22.785733086333458	1
0.0008503834814021042	-19.96683004190039	5
0.0011481982500959186	-22.740229414173424	1
0.001121932159887087	-22.364888801286895	3
0.0006533546351977145	-17.22515520720292	13
0.001152498252605469	-22.704700965722918	2
0.001155204993154534	-22.775260311165457	1
0.0008508589351565456	-18.86440820323551	19
0.0006470901310577536	-17.668908039682563	7
0.0009721301505939374	-20.86562188285212	6
0.0009620259737366511	-20.62027527798315	4
0.0011523613855618227	-22.761043416977568	1
0.0011916264822047975	-22.95735310671149	1
0.0010529381332245315	-22.029122257036263	5
0.000729120830131491	-17.004649098503506	22
0.0007481423907312518	-18.302336479754928	11
0.0010019216664382585	-18.696705496871623	9
0.001197498040621698	-22.986708537096828	1
0.0011335866246408035	-22.438460733748897	13
0.0006787313964454636	-17.312756676622328	6
0.0007310993991529607	-17.532985039599826	9
0.0009145938974383189	-18.939558443742566	13
0.0011092881672899427	-22.54569465082836	1
0.0009539981159658756	-20.687703349683353	2
0.001162722549678821	-22.812845070022888	1
0.0006198482681125718	-17.091325512889227	16
0.0006378149481030319	-17.13209965552656	19
0.0011646559465322542	-22.82251127662569	1
0.0006685781233740332	-17.898448007824506	17
0.0007192000910999031	-17.901986863568524	8
0.001085136475778649	-21.926557900697347	9
0.0011584728130890859	-18.574805767893473	15
0.0010935746544813371	-21.96585507528433	3
0.000797140731529477	-18.160838072326726	11
0.0009627134709298513	-20.856634170920024	4
0.0008435176449521576	-17.983043850161096	10
0.0006911382135909677	-17.912145077811516	8
0.0011731495278159245	-22.864975766696553	1
0.0011016653874339978	-22.507583817636302	1
0.001167029456456038	-22.777345532880663	1
0.000691850630355142	-17.365309440594565	6
0.0011568663755064082	-22.783566554672035	1
0.0011900052427050779	-22.94924756131915	1
0.0007470687824073156	-18.044180103161022	3
0.0009254228404373071	-18.08134290761292	16
0.0006785710030232549	-17.866276100218585	5
0.0011507762721291153	-22.753118487389415	1
0.001078540057316685	-17.838945046169588	2
0.0007166322110925124	-17.550313497728858	3
0.0007094567625099405	-17.50435124911315	2
0.001079172752518578	-22.03345931198901	2
0.0008219743954716845	-18.293884982232438	6
0.0009536743950814262	-18.274497752038137	15
0.0011659671894397484	-22.829066963745895	1
0.0011684094681510407	-22.841277374951986	1
0.0011407311754141486	-22.702897044223423	1
0.0006181010811040249	-17.04495739863445	17
0.0011719171812414602	-22.858814529507267	1
0.0010385899054664587	-22.192231778458765	1
0.0010794414454997608	-22.396473047034	1
0.001127218086608662	-22.63533703552479	1
0.0008096787507709401	-19.075456265300733	12
0.0011305362800117	-22.65192666787309	1
0.001190940086403486	-22.95392140379184	1
0.0007505438353923932	-17.480480152437025	6
0.0011276896909858242	-22.6376948677186	1
0.0006251882395357148	-17.252719171538388	10
0.0006258671641109101	-17.18828920432948	3
0.0011329231344603225	-22.50474626025649	19
0.0008190280895298163	-19.111441398531646	3
0.001141445286171122	-22.655182601271942	2
0.0011860120236600626	-22.92928307227448	1
0.0006536336491322682	-17.545336374031	20
0.0011987707419889196	-22.993071532018117	1
0.0007341491746855719	-18.28445066097004	5
0.001192614721087274	-22.96229390362754	1
0.0006115775325970411	-17.006440600915248	11
0.0011915892430790864	-22.957166926061515	1
0.0011585082558957702	-22.67493104938548	25
0.0009812196695518332	-18.122422085554472	11
0.0006317100873467417	-17.075851676744875	11
0.0011008451375937396	-22.10255945699377	3
0.0008519533960103649	-19.300132014373812	9
0.0006606701974753283	-17.021902610664018	21
0.0011505736448127245	-19.042009099741264	10
0.000829578666079965	-19.485040119727504	8
0.0009442315239181825	-20.63274420201025	6
0.0009520752656006744	-20.648573202585727	9
0.0006305948246772117	-17.07892318058038	21
0.0009486125239339182	-21.12329417625537	20
0.000771944169394956	-17.849869268508517	12
0.001169302822967363	-22.84574378970219	1
0.0007773819811604217	-17.07194591891843	43
0.0011692698276947835	-22.845578826610883	1
0.001171076673680811	-22.755740820387842	2
0.0007898034635018455	-18.608259204006522	7
0.0006258413171904736	-17.286651284884464	10
0.0008822666517272047	-20.339305526995226	3
0.0009876312052789723	-21.760151386750575	3
0.0011503009110152935	-22.669046736272414	4
0.0008532593714317178	-18.972132213631422	5
0.0009152173501789789	-17.62335165645046	16
0.0011449562043790806	-22.631188110995204	5
0.0008395191287810246	-18.783464804179427	9
0.0007965855927926833	-18.347602892208627	10
0.00074549398206127	-17.42597633368604	5
0.0008627979021915978	-19.454621467829703	3
0.0006956366675961177	-17.250830538306435	13
0.0010862304608626491	-21.945250261494486	5
0.0011526787250638706	-20.470795875104468	11
0.0011201421788938797	-19.186890064095817	40
0.0007873540277236634	-19.32915110820193	17
0.0011957678232280351	-22.97805814606862	1
0.0008812578179967351	-20.187203337075708	9
0.0011351197610007936	-20.9318609357962	14
0.0006645277024310964	-17.552599884360262	3
0.0011306362069886773	-22.63922664819967	2
0.001008784130517836	-19.78612665421638	14
0.0008184792413622713	-17.596769009372007	4
0.0007068099228201032	-18.049098891261515	4
0.0008772276428726327	-19.742784918052074	5
0.0011904482013189936	-22.951462176218826	1
0.0008846209424371945	-19.98899907736258	12
0.0011858304538779178	-22.92837529639602	1
0.000738418128399497	-17.183205282157438	8
0.0011468576690148984	-22.71798546011042	2
0.0007167462203352994	-17.525720905588095	14
0.0009033390043477798	-18.437183131002083	23
0.00113838857102111	-22.54379757165354	3
0.0010501249328120918	-21.76859174227536	3
0.0006182576301813715	-17.029590004643076	17
0.000759429669419109	-18.413902157515786	20
0.000669042156922916	-17.570037516977663	15
0.0008865590422085908	-17.55212210840859	14
0.0006034432024678077	-17.124750138577284	16
0.0007841550857642077	-17.471570741478054	18
0.0007777671716950368	-18.019850267879633	31
0.000619792777766054	-17.061343003481046	16
0.0007662278809352153	-18.17208459855636	20
0.0009280331867278812	-20.02853588429756	6
0.0011599018104310054	-22.798742508361215	1
0.0011667968821634587	-22.83321509363965	1
0.0006547307693974026	-17.756992271804247	5
0.0007653716967231248	-18.329078897081885	32
0.0006722103303932924	-17.695647062740072	11
0.0010569107367438845	-22.283828565713396	1
0.0009456675148905214	-18.878808878016414	9
0.0010578608973875836	-21.662769559630696	8
0.0009213526297240812	-20.28845447919693	3
0.0011015830486125796	-22.42759133595518	1
0.0006973803986499393	-17.569853589461196	4
0.0010861425408663003	-22.04603790312464	2
0.000620413481370049	-17.00125548960976	8
0.001159100978555423	-22.794738671099488	1
0.001059792284999384	-21.479223279409915	2
0.0010832408399440792	-22.120963449830484	2
0.0011895472150391944	-22.946957607220813	1
0.0006391108122165905	-17.235513195871242	4
0.0011965391906039603	-22.98191467268348	1
0.001131582391334775	-22.65715680371428	1
0.001183685206910943	-22.917649924437338	1
0.0011435856359527468	-22.497775380492623	2
0.0011243744873019334	-20.517473433554223	6
0.001024287785013898	-19.496565252455937	10
0.0011683413281324106	-22.840936702266585	1
0.0010607386685967614	-21.795548551295344	3
0.0011844469944472203	-22.921458555707233	1
0.0011626355112055124	-22.812409912665565	1
0.0007107093492126514	-18.24775204630387	12
0.0008845476309463381	-21.422082365815907	1
0.0009869902550542003	-20.235271135546398	3
0.0007155098032995635	-17.298477432159046	5
0.0011934790728686372	-22.962456356957706	1
0.0011426684110258133	-18.874232720216504	4
0.0006530561448464852	-17.57972485280419	29
0.0006812558170990572	-17.8055123710727	11
0.0009998283694224747	-18.946897667296714	5
0.0007663679435527537	-17.503336831930476	15
0.0011262019122507206	-22.630256572467818	1
0.0010165713665500563	-18.7626595335805	13
0.0006922695919359076	-17.89849228830645	9
0.0007329553981455336	-17.036349726572944	2
0.0011472354998363157	-22.735416050119532	1
0.0011592945741939426	-22.7957065714227	1
0.001101273788619098	-22.505625981073408	1
0.0007964008463958076	-17.424058120808905	11
0.0010539070750386558	-19.948234946904563	3
0.0008564028883114984	-18.9593348581645	5
0.0008678158587929416	-17.758648094291274	14
0.0007897667504950602	-18.482909548511223	3
0.0007792293155487309	-18.132447987114524	13
0.0006661985019391576	-17.31042020949584	16
0.0009995165298237252	-21.27177029343421	9
0.0006885380229783605	-17.565744336282464	14
0.0009116779734037797	-18.152756758136043	10
0.001129210297474419	-22.369332890097617	2
0.0009070360373405772	-20.263368886632833	4
0.0006225865732219783	-17.485740728871985	14
0.0006422292424538435	-17.130835493630023	28
0.001127629377847826	-22.63739332628818	1
0.0007384732390280763	-18.412841212725716	7
0.0006928270832286339	-17.012516031826557	5
0.0011823299112746358	-22.91087399139226	1
0.0007182778185827793	-17.276256532124727	10
0.0008047018005584012	-17.855810637369164	5
0.0011108892385255985	-22.5536993630126	1
0.0006256799733453493	-17.554800376764533	3
0.0011680443881422128	-22.83945212175287	1
0.0009975081678424455	-20.11505752140587	7
0.001167684247928878	-22.837651565544306	1
0.0006632974721742972	-17.153351860352075	9
0.0009884315356530858	-21.27474968124214	5
0.0010442313766572389	-22.220436865260787	1
0.0011855479734342992	-22.92696300779918	1
0.001094919457622076	-21.970134633911854	7
0.0009960304669406842	-21.091886892743116	3
0.0006313112214781111	-17.19179437530424	20
0.0008088326376097311	-17.47132578750077	8
0.0011797383898681	-22.897917426739397	1
0.0010966353146089065	-22.35775769253361	2
0.0006702604094522963	-17.767492389315763	5
0.0010881927631808369	-17.898121672002098	11
0.0009546871809421129	-17.594065540072087	6
0.0007165373758497486	-18.114183776651522	7
0.0009967019982654692	-18.937428828926166	17
0.0011981699195593872	-22.990067661537445	1
0.0011615323058941235	-22.80689432984755	1
0.0007748260276393109	-18.32435882895838	11
0.0011741543044617043	-22.781053793847768	2
0.0007579109159683538	-18.914428504455344	10
0.0007476170634111414	-17.51927266871732	15
0.0008850530036405903	-18.972232518047754	6
0.0007870465801843154	-17.932057702372013	13
0.0007333566190649392	-17.6574406667991	11
0.0006888367059569961	-18.217696561651213	13
0.0006962485798255954	-17.62163471433608	9
0.0006790970576902902	-17.059190089884943	19
0.0007623184816689083	-17.724401194834027	3
0.0011545854116945795	-22.77216265307806	1
0.0011519955645903494	-22.759214459263266	1
0.0007808172420416438	-17.257739373717556	8
0.0010737411434688622	-21.961496076270844	2
0.0009245291719895192	-20.649122297963537	9
0.0006772850760285002	-17.080512115086414	6
0.0008342392516799536	-19.462238436636703	10
0.001183502763561726	-22.916737781074886	1
0.001156580728513352	-22.65789253596686	2
0.0006253552036320235	-17.115018879895445	4
0.0009067622856193629	-19.17853622142342	24
0.0010373616559244503	-21.460190663799892	5
0.001161898911488669	-22.808727210361624	1
0.0011862796054964843	-22.93062087382796	1
0.0008052522496238691	-18.369023087516197	5
0.0006407053281483519	-17.22816601888215	34
0.0007373493701356205	-18.248899619882494	8
0.0011713566186008994	-22.856011941777872	1
0.0007366423679440073	-17.71213180381713	9
0.0011975216670603703	-22.986826659786995	1
0.0011882261962835893	-22.94035304479216	1
0.0008873879499521229	-19.325710687027854	3
0.000914509248060715	-18.49418420692248	13
0.0006449960656419319	-17.16563257188544	9
0.0007777843726201126	-18.82207042008217	11
0.0006738856571989257	-17.150569987039407	6
0.0007877965904202405	-18.403033187520506	7
0.0011331716538181336	-22.488900891321432	2
0.001103624013041768	-22.081727597430834	10
0.0011970108558703074	-22.984272809298723	1
0.0011894780546936085	-22.946611833311042	1
0.001191716261647881	-22.957801967815193	1
0.0011436576490599863	-22.717528235345977	1
0.0009151486892832493	-18.053578067532865	7
0.0011926949136477772	-22.962694834174446	1
0.0007678061615380231	-18.406213899925337	11
0.0011882264857463155	-22.940354491989364	1
0.0010976151120922774	-19.66557773232052	17
0.001154338016187755	-21.1381588890195	3
0.0006430415058388966	-17.492783035988587	39
0.0006532084100712099	-17.27235162359028	13
0.0008581486607396908	-17.621004561156496	26
0.0006942093127624864	-17.37522877007909	4
0.0011135889464929626	-22.19410176376328	23
0.0009363183394404169	-18.461433203472808	16
0.00115263510677087	-22.762411912924755	1
0.0011774134471545378	-22.88629364832625	1
0.0008345896393109167	-18.88988096541921	16
0.0006173692151690382	-17.085665937070363	13
0.0011959722457518408	-22.97908017646339	1
0.0011713727590289189	-22.856092637425856	1
0.0009123896725984294	-18.77844511114897	3
0.0011911103978868183	-22.95477289270463	1
0.0010216615609416556	-21.272224486754883	12
0.000551870837548213	-17.20186309231748	6
0.001073827644733906	-18.792602948533567	3
0.0011021279989738716	-22.14836918412793	12
0.0006961139893204811	-17.146135157100623	9
0.0011013729924652163	-22.015237388850874	6
0.0006647110331410501	-17.594747112211103	4
0.0009338684944822004	-19.132778496229864	5
0.0007259209174145534	-17.362337816030266	10
0.0011995698697623276	-22.99706684945441	1
0.0006808547193937951	-17.337920337786777	12
0.0007177339618986444	-17.677360650657324	20
0.0007527927489408268	-17.55548573560845	7
0.0011245907390797676	-22.622201354670356	1
0.0008798238366009756	-18.924316972389466	4
0.00116069828294955	-22.80272455059121	1
0.0007251632121195416	-18.317913819893686	5
0.0011139057955173641	-22.568780934630848	1
0.0011484493663822613	-19.19676481682315	7
0.0011710241889390373	-22.85434992718074	1
0.000965582076696581	-19.725008540293466	16
0.0011618316794628108	-22.808391077274862	1
0.001132407516188588	-22.661282096095867	1
0.001182022794714319	-22.528387442104417	7
0.001051050150318635	-22.254527990873083	1
0.0011560957847623504	-22.779713910904125	1
0.0011923962177835942	-22.9524240337232	2
0.0009878620924880638	-18.919999668178267	14
0.0008181799015192221	-19.324941604272947	5
0.0011751425147773767	-22.874939899870704	1
0.001199436844650905	-22.996401777403584	1
0.0011126046266943588	-22.493641629500225	2
0.000624313620428999	-17.248570643721482	39
0.0011540870281553182	-22.55597178570074	4
0.0011796149985726255	-22.897300519893328	1
0.0011162488558757277	-22.58049529398059	1
0.0011407357186487004	-22.70291975856877	1
0.0011672560949326223	-22.835510972777712	1
0.0007751730720680301	-18.675606236175014	21
0.0010934996538688403	-21.48740957683129	2
0.0006237326633665014	-17.132264602488558	11
0.0011983474086448831	-22.990955035574025	1
0.0007986124924537543	-17.551818620333023	6
0.0011366130306360099	-22.6182229247366	3
0.0007604448407437991	-17.085851822037064	19
0.0008779678011432094	-18.971568895629733	12
0.000991825417186642	-21.958428146998234	1
0.0007913922203939818	-18.378763505346473	14
0.0007090974592022203	-17.77984634204013	7
0.000881085910126796	-19.08125214087128	13
0.0011913669489643079	-22.956055544900316	1
0.0006269926648077379	-17.55491856025745	9
0.0007880396235763211	-18.735829947683808	15
0.0010716849797878856	-21.754383868822277	2
0.0007825555760626148	-18.450245371087256	14
0.0011653698895432412	-17.342416331839395	22
0.0011774568918287056	-22.88651085422248	1
0.0008029784711648659	-19.103016142876903	3
0.0008571964451675341	-20.668510532258217	22
0.0008116886104292065	-17.29101640566169	12
0.0006918932830060694	-18.260168791627564	5
0.0011371380570373607	-22.514286994440933	2
0.001091304907014684	-22.455785582804406	1
0.0007549202916214979	-18.52694127162176	3
0.0010375682180497007	-20.723949074111157	16
0.0010502314408952222	-21.746784576424783	3
0.0011566639272459895	-22.78255439480009	1
0.0011644266643607197	-22.69860255228953	3
0.0011629284506284782	-22.630458137318534	5
0.0011752636704320694	-22.875545629412095	1
0.001036152985893769	-20.168666391137137	11
0.0011965269356175765	-22.981853402680848	1
0.0006244717651211881	-17.256383072667134	9
0.000939416798883377	-19.024393801539137	7
0.0006537613072658973	-17.5447399094594	9
0.000976325315255264	-20.863411025977562	2
0.0008676884142064575	-19.80558351653517	42
0.0011533476962998918	-22.765974573947133	1
0.0006343231224028236	-17.24610315026629	16
0.0011577294147995668	-22.787881404000142	1
0.0008613337719353968	-17.388494561667493	6
0.00070431847190686	-17.989843503263806	22
0.0006572226805710264	-17.58510760559216	8
0.0007860505943075795	-18.728087737610615	9
0.0011496793573024461	-22.589912211350242	35
0.0008928763479524052	-20.027328714464694	16
0.0008320344660858488	-18.618730988952045	6
0.0010773260780760894	-22.385897060773477	1
0.0010822308735230404	-21.47396043552582	6
0.001186566457645851	-22.93205501919512	1
0.0007008499664332076	-17.703257578795863	30
0.001090755453263875	-19.882991659292575	20
0.0006701666926164358	-17.415381060224927	8
0.0007831950171166217	-18.510323938588577	2
0.0011664362805225907	-22.831412230479025	1
0.0011553185104315516	-22.646382930202492	1
0.001031045343729291	-21.541952298148427	33
0.0009262607812844421	-20.3176862752609	4
0.000854110200907156	-18.318803288477014	21
0.000776917799470437	-17.944627265720193	17
0.0011410821929887117	-22.7046519909075	1
0.0010442455264593592	-20.164524209814267	16
0.0010504270964814561	-19.744676797916878	16
0.0006762322518772648	-17.22670117825348	5
0.000807603647424063	-18.420709982098806	24
0.0011840283997020028	-22.919365750351243	1
0.001042441956008005	-21.57024534326692	2
0.0006586112104754549	-17.605890414647696	15
0.0009958522617359708	-18.963099670393568	5
0.0008747252962474601	-17.962838695442226	18
0.0011401797961652662	-22.583123113693393	2
0.0010872540382176126	-22.040170475388173	2
0.0011360582412165358	-21.218720102491893	8
0.0006056110467288241	-17.091698987897875	29
0.0010406034399156486	-19.028505587424775	25
0.001135698143698915	-22.542022379492916	4
0.0007105031722658029	-17.468305634641084	2
0.0008130384990264175	-18.749150990936418	21
0.0009747581383754632	-20.771682643909642	7
0.0007638397992445273	-17.781148018976026	9
0.000997269691943458	-20.99509259326981	11
0.0007697786632971917	-18.789362485016945	5
0.0010345347269549868	-21.45346016321573	4
0.000999376224258375	-17.305825633551862	7
0.001115687783119831	-22.5776901558797	1
0.0011831471284545053	-22.91495974858482	1
0.0010840124177711528	-21.84810683065529	3
0.0006192503639657725	-17.841961798697547	18
0.0008139776266603383	-18.404992615399227	10
0.0011123273167897214	-22.389777601569588	8
0.0006833726882406162	-17.70329880280511	12
0.0011925559959371545	-22.96200030149778	1
0.0011818981158209488	-19.61446108913322	11
0.0011749194677940801	-22.873824754669734	1
0.0005866433468855094	-17.205607039625875	12
0.0011230143607331587	-22.614320096999204	1
0.0011252130140247318	-22.625312479099414	1
0.0006813837959015551	-17.4606094334482	65
0.0006683024435153329	-17.713378439125275	5
0.0008838606414064504	-17.368413274330166	3
0.0011911899154054587	-22.95517044831374	1
0.0010116291526905971	-21.516835940718455	24
0.0007564826143612067	-17.39145157213017	7
0.0011620588716862044	-22.809526947008994	1
0.0009145221749409385	-20.287449911330494	6
0.0008205254898805811	-18.08283347367095	42
0.0010352746484268952	-20.400002531678343	2
0.000737975887385448	-17.821352799737184	2
0.0007918903609280175	-17.29352709311276	10
0.0011939672299966996	-22.969055904159106	1
0.0011433771102740762	-22.71612565425669	1
0.0011909174705353408	-22.953808333547826	1
0.001144684386866196	-22.722661511395383	1
0.001197082604193545	-22.9846315220558	1
0.0011908718114883425	-22.953580056678135	1
0.0011312267435630004	-19.302012036742646	4
0.0011953901705190806	-22.97617003442595	1
0.0011858811496647471	-22.928628754938956	1
0.0010508962163891173	-21.577409357460358	2
0.0007253629686049836	-17.692966245171245	7
0.001120691812318222	-22.60270828911614	1
0.0011944491977366226	-22.971465548998296	1
0.0008295946155277726	-19.305081397049484	21
0.0009563966180019972	-17.71840931429617	8
0.0007550362833954161	-18.070137559073544	24
0.0011356820681959025	-22.677653539019303	1
0.0011892940731702203	-22.94569199969643	1
0.0007687235000183566	-17.491698810418505	38
0.0009914308551662698	-21.033131503508006	15
0.001014836814628908	-20.5403662004206	9
0.0010919300816914902	-22.45891120472632	1
0.0011050486080133864	-22.524498559710672	1
0.0011693191331979813	-22.84582533429487	1
0.0006766623695025686	-17.14534875898037	4
0.0009394958832846642	-20.510415728487676	6
0.0009444325187881658	-20.477891674138988	4
0.0011985195034220036	-22.991815440238465	1
0.0009272261566024429	-19.070386496556026	7
0.0009453388123199217	-20.487595309872955	12
0.0006365581055303474	-17.478782810308097	6
0.0006689407727933831	-17.319488506512023	14
0.0011340974915469593	-22.669731293134056	1
0.0007835040400525004	-18.210752332697517	11
0.0011138500712464855	-22.485291613464433	4
0.0011814991002455297	-22.90672027042134	1
0.0007621873199580133	-17.281485687962522	5
0.000634574889282314	-17.33375455881081	14
0.0010382380865877569	-19.84307992430623	6
0.0006420733248675355	-17.337147992905948	12
0.001064674532010072	-20.510916978441873	8
0.0010479001180250848	-21.049683491630173	7
0.0011696546229354235	-22.847502648039058	1
0.0008321271615992397	-19.400048328712053	8
0.0007861247633444259	-18.622615217547153	25
0.0005977147613700793	-17.115414001692084	4
0.0010808031054487784	-22.24355320444718	3
0.0008312226979677572	-18.976763202584692	16
0.0010402270809734826	-21.50340548850075	8
0.0008929040687828755	-18.865278047644956	15
0.0011002818720509198	-22.17874663131998	3
0.0006579128190467982	-17.574659683865313	4
0.0011664988006190632	-22.831724805814115	1
0.001183831998872891	-22.918383825203396	1
0.0011891819167644305	-22.91165956817978	2
0.0007158728881507318	-17.17733317613793	17
0.0011819749839079607	-22.90909949732025	1
0.0007348940204047502	-17.62007263400742	16
0.0008675152654652792	-18.29730068779903	22
0.0008579590093749016	-17.769338921030503	4
0.0011874615891772058	-22.936530316805847	1
0.0011492017782962225	-22.495547329676864	2
0.0011786694958542017	-22.892573386607907	1
0.0008536144919310928	-18.827870436975495	18
0.0011581673790919708	-22.790071049301112	1
0.0007120736158455115	-17.82261889610761	6
0.0011972041566290135	-22.985239235341474	1
0.0007870064332603042	-17.6960968260098	28
0.0007006020445135682	-17.72786988372613	7
0.0007133117362956651	-17.57488682219169	3
0.001001917748757284	-21.02136848871493	6
0.0010018842446874563	-20.907492424462333	4
0.0007761028969288134	-18.946453225109295	17
0.001162479946066851	-22.811632149544753	1
0.001071838208703343	-21.91208797663761	3
0.0006500727066024605	-17.53760053807148	11
0.0010425491278559427	-21.48750565868702	5
0.0006883041127604235	-18.95268343322723	8
0.0009550366853360193	-18.63543335644916	12
0.00119613525752755	-22.979895169774203	1
0.0007003613570769262	-17.07342856886042	31
0.0009760038444737868	-20.2562929461977	6
0.001181908220952833	-22.908765709398473	1
0.0006868269459502878	-17.2824370454814	5
0.001113194200956064	-22.36520053814432	3
0.0011245263519217151	-22.621879444778347	1
0.0007825006903944859	-19.15006437521978	6
0.0007417070375432384	-18.034161246077332	17
0.001154873081684573	-22.773600887319393	1
0.0008579431420751458	-18.33351049573893	6
0.001156188768347239	-22.780178791428064	1
0.001192180409096299	-22.960122518364667	1
0.0007874875862687681	-17.500672143849194	16
0.001134229813013563	-21.166516265785727	2
0.0008657110342949484	-18.909733016731597	2
0.0011738831477859336	-22.86864357146486	1
0.0010995178131370065	-22.466697940404355	1
0.0011662377785710872	-22.83041980056434	1
0.0009241986162881527	-19.021378523632723	9
0.0011506834912614723	-22.752654620370166	1
0.0011916250487075673	-22.957345939801932	1
0.0011025729161716002	-22.512121096291775	1
0.0011597754395375425	-22.798110704723687	1
0.0010651444929545974	-21.671749959022236	10
0.0006306419140745531	-17.214185463888242	11
0.0010128266131608713	-17.53996434217506	4
0.0010869610860962066	-21.94614137985304	10
0.0008290809123796852	-19.313749865840443	2
0.0009587663907990391	-19.685852879898217	20
0.00114664925762369	-22.732485074858836	1
0.0010899309775121927	-22.448916487923455	1
0.0006659588696292462	-17.232086307835193	11
0.0006224146781463303	-17.040706998098276	21
0.0011106732273474243	-22.318099295313456	4
0.000862305392214833	-18.626961264588175	13
0.0009074207277741649	-20.338967172490495	7
0.0011220197326739982	-22.358160229685872	11
0.0010999592102948165	-22.49905361821086	1
0.0010623272309148236	-19.817903043196075	5
0.001163160570268144	-22.815034996785805	1
0.0006233811465077158	-17.599711767142878	14
0.0011861140585246763	-22.929793205556372	1
0.0009031468599855857	-20.082443179083143	4
0.001116966263777768	-22.584082044929982	1
0.0011783769462317963	-22.89111075616723	1
0.0010687819723905084	-22.3075169605927	2
0.0006688375276570427	-18.018846830917298	6
0.0007135275619322032	-17.284339366079767	10
0.0007671154109934913	-18.774812892979437	4
0.0007285969635841956	-17.092741988581043	15
0.0007544211268093444	-18.578358814772564	7
0.0011460334730760855	-22.616262838545566	3
0.000790158414425907	-18.854297626332905	16
0.0007888854559225715	-19.02761889345242	31
0.0005808849269742397	-17.26599958958947	24
0.0011751732631084578	-22.875093629158304	1
0.0007377654946362387	-18.29251968411132	5
0.0006311815131532442	-17.25668299507691	8
0.0011014377234745008	-21.768085894203033	7
0.0010572702990224998	-19.941521121941573	22
0.000737527514053137	-18.333800439515247	5
0.0008490724449591333	-19.80298570040151	29
0.0011815264016631745	-22.86156517420941	2
0.0011709777085034772	-22.854117543698628	1
0.001019842467875873	-18.847081137732953	3
0.0011089355222923705	-20.17391794941596	6
0.0011804266028958485	-22.901358215060295	1
0.0009164856854489918	-19.297948321684913	7
0.001143939158566331	-22.34017248973949	6
0.0009599318513692119	-21.798973146363508	1
0.0006654802039337709	-17.249444547784027	5
0.0008665997396662371	-18.6095763702952	7
0.0010625762426474828	-20.872804341057517	6
0.0009190916939699195	-20.134161394191747	9
0.0011741706181580915	-19.51387561233767	4
0.0006910617193699183	-17.812101559641597	4
0.0009418880664079446	-19.796936981734763	4
0.0007945723924007231	-18.60467416715389	9
0.0011692076285334443	-22.845267855822367	1
0.000929421985352552	-20.34232670213571	22
0.0006300145518611957	-17.311639454116722	12
0.0008069516711309832	-18.898272398662584	5
0.0006801109658719661	-17.42708428972285	11
0.0006387154608741302	-17.04370549416702	7
0.0008719793716824404	-19.474018959999654	33
0.0011616567445401984	-22.80751647302535	1
0.001104016855164115	-22.259939015963603	14
0.0011937386791519668	-22.96791324186475	1
0.0010472504607886035	-21.585214780812656	13
0.0006918547991144093	-17.5295539998151	8
0.0011849253434412501	-22.92385010827251	1
0.0008955516471158701	-18.187773750556374	13
0.0010440796425745448	-21.75461951840819	9
0.0011932239108987772	-22.96533960765248	1
0.0008790009077769541	-20.105419725373935	7
0.001069877328310333	-21.82127063768662	3
0.0008171805514582034	-18.880354341581995	9
0.0006579055603154947	-17.422132055571637	8
0.001171865273749083	-22.804201513518787	2
0.0009106040524836758	-19.669297242812366	15
0.0011960508688878347	-22.97947326051901	1
0.0011100423398921044	-22.534766940727664	2
0.0007685980843531417	-17.287465748458494	5
0.0011888446043913413	-22.943444836590505	1
0.000827130952053479	-19.30696116597754	5
0.0011707832431986363	-22.816796641801712	2
0.0011618004994475288	-22.808235189739896	1
0.0008849127807770353	-20.25190206708564	3
0.0006857081704161466	-17.6433082447147	6
0.0011637964610317403	-22.818214194831373	1
0.0008513797289436858	-18.395956661854132	19
0.0010873189142588508	-22.43585722229904	1
0.0011540008860412637	-22.76924025992346	1
0.0007954815580861774	-19.371770742513657	3
0.0006787735697378075	-17.36297251168402	22
0.0006587077267572091	-17.15952925612119	13
0.000786065612646626	-18.69934171714652	4
0.0006112534467625574	-17.076632571998378	30
0.0011998806320720151	-22.99862053600587	1
0.0009204236506975462	-19.64557028562821	7
0.0011738179131171196	-22.868317424359933	1
0.0010605057066844846	-21.90487991614223	9
0.000693798048560479	-17.157795210615575	5
0.0011954674779581672	-22.976556540526243	1
0.0011970901890783455	-22.984669443428956	1
0.0011331219970240388	-22.66485421288966	1
0.0008197853539752735	-18.508601620601283	32
0.000836501210478977	-19.547423677849146	6
0.0007127008906970255	-17.663442735916426	14
0.0008514339182555521	-19.224360883870467	4
0.0008115449191402441	-19.324226923384984	25
0.0011657140521763342	-22.760663818080232	2
0.0011874261849665712	-22.9363533099932	1
0.0011454706475502736	-22.4353210553409	7
0.0008142306056493381	-19.002367736631104	3
0.0011776810893325653	-22.887631751563486	1
0.0007152288192560875	-17.97347920514938	6
0.0011625812289672414	-22.648516169299466	2
0.0009884814395119234	-19.69456840330927	4
0.0010746747347780588	-22.021194062207268	12
0.0008293221527507766	-18.141521391865776	5
0.0007644120607103316	-17.386912333278378	27
0.001167886267707286	-22.83866158317854	1
0.0007467109357933556	-17.502467590110246	37
0.0009512306440966735	-19.274322875061447	11
0.0006625144444300923	-17.706274216756867	11
0.0011951339347017857	-22.974888958404435	1
0.0011168304204790703	-22.180745196779398	4
0.0006555575098977141	-17.4699325287744	14
0.0010616235728426243	-21.75222024951287	22
0.0008932974871649124	-17.559208463257765	20
0.0011892099535633278	-22.945271435497144	1
0.0010521083188154083	-21.83086273699134	24
0.0006731362480990784	-17.630760561377883	4
0.001063406310616136	-22.221047069409533	3
0.000730840783096859	-17.216728070298323	4
0.0007165877086770443	-17.543040704055265	13
0.0011994913161524224	-22.996674113001266	1
0.0011839572739051787	-22.919010149975836	1
0.001049396552813579	-21.52864045138658	3
0.0011306371488105508	-21.40773887119361	4
0.001084347298272916	-21.90215399060602	12
0.0007242426749674059	-17.599021576254962	18
0.0011666917310063306	-22.832689380148647	1
0.0008614291531411624	-19.33892758792314	14
