T	U	Steps
0.0011450098270786829	-16.010925092253345	13
0.0017977403471939176	-24.48752863631208	1
0.0017547455083110092	-24.272571735581426	1
0.001335399922456159	-19.54169798410585	25
0.0017799264191705733	-24.3984661614377	1
0.0016073858583908673	-22.700030978883156	7
0.001672838097719049	-23.863067627991427	1
0.001249341999609796	-15.742206244149859	3
0.0013036975812265414	-20.016059592219413	9
0.0012012020361588168	-18.1395517881022	7
0.001592217501386057	-22.616914629308333	3
0.0015544033528894963	-22.086239461169416	5
0.0017407015734895012	-23.895242429520653	2
0.0012688738902346748	-18.079236154656797	10
0.0017067123250405216	-23.604252765343958	34
0.0017195036352846379	-23.784041424380128	5
0.0014277196344861496	-21.661104030545864	9
0.0009378080064717161	-16.00002118853141	9
0.001643975923419914	-23.004628642963063	13
0.000977111303962958	-15.800004643647515	22
0.001684712274245218	-23.605337674156164	2
0.001213992569557629	-19.097321468956594	4
0.0010476168980759722	-16.483495576266996	2
0.0013189895852385813	-21.459100419722343	4
0.0012231751204602632	-18.449150504306708	19
0.001382647892786783	-19.88609890837045	6
0.0014501155299238367	-22.53330741007728	2
0.0016541608930178656	-23.769689116961015	1
0.0012449407628486158	-15.701023836591848	4
0.001485050108974966	-20.698419317155043	4
0.0017914712605978922	-24.456185724927682	1
0.0017540357039593341	-24.0530907132329	15
0.0017192854687686772	-24.095285800854118	1
0.001087687255339722	-16.982935273359708	3
0.0017648757589508498	-24.309581912806852	2
0.0011752110742839375	-17.648042748731484	9
0.0009065776870769391	-15.951839127565245	22
0.0017403808895233828	-24.20075441948042	1
0.0015952433481955712	-19.492391186158244	9
0.0017904701435604612	-24.451180542416797	1
0.000937387610340319	-16.01661899380147	11
0.0010041301699459432	-16.08241509820151	18
0.0016695604532526657	-23.415316542858637	2
0.0017427532378627784	-24.21261520695491	1
0.0010427332606247563	-16.963693072801526	7
0.0009522546529887159	-15.591351065676614	11
0.0017859738384215806	-24.4287008252576	1
0.0017903554855631487	-24.45060729854877	1
0.0012364825044217593	-17.22754981088622	4
0.0017049488185912611	-24.02360831655444	1
0.0014159819990988446	-17.814557253876323	12
0.001750588261740818	-24.251787174887166	1
0.00113379763658127	-16.663117626838414	17
0.0011728885891946282	-18.25663686685342	2
0.0009967419168021626	-16.28918854354176	22
0.0010141018414629552	-16.81341769236484	5
0.0017977422723543222	-24.487538261339758	1
0.001786957227435084	-24.433617374779534	1
0.0010921728870547907	-18.219183742546207	6
0.001742642169438857	-24.108232168876103	2
0.0012538207179337516	-18.736266037318693	31
0.000994511002993671	-15.730591585239619	3
0.0008982467400739912	-15.71795716575011	20
0.0014891757876436607	-21.497831970048182	9
0.0014045472052309632	-20.588749493686798	8
0.0016683733668252977	-22.74343529870722	2
0.0014188833028959578	-17.131372218343177	6
0.0011156973513690095	-18.07369596593693	6
0.0015190437279798787	-22.44611287906375	2
0.0017594062403125167	-24.295873520916835	1
0.0017798613517766744	-24.398140850640065	1
0.0013630115867078571	-20.153205964710885	8
0.001138117400741355	-16.84416448385623	30
0.001504691849649093	-18.791032673908497	12
0.0011347978625806698	-16.874783363069337	32
0.0010202716929177298	-15.906396067018411	6
0.0017989713259943553	-24.493683035181395	1
0.0013059365157083714	-18.770950456768432	8
0.0012729781696497401	-17.574504193979962	15
0.0014160267296097272	-20.704223016848356	19
0.0017112495318978966	-22.46200878051484	17
0.0010030234643416444	-15.730090701816989	11
0.0010383796432207138	-16.083871275555182	10
0.0013951235484088425	-20.473827051147286	13
0.0009308950169187857	-16.03483881739068	16
0.0016435686038728083	-16.24653695010851	34
0.001169346034762081	-16.48831559306128	6
0.0011650474072364154	-17.76979769305745	9
0.0011317657052589834	-16.779188192068098	9
0.0015423742698397478	-21.993850858403036	5
0.0015994386788303772	-22.534278318419172	35
0.0010879350765190313	-16.662292159396046	9
0.001226296888622904	-16.513479515445116	14
0.0017466928354885499	-24.232311610471335	1
0.0011240125682984708	-16.270414282691792	24
0.001617160946914146	-22.93901793422984	4
0.0017515136451325707	-24.256413719631773	1
0.0017389526794936304	-22.336143574759113	10
0.0013892350176974938	-18.463779802236537	9
0.0011163780697343783	-15.882463921588013	15
0.0017376843275941935	-24.187272694464415	1
0.001799442541035216	-24.496038920850296	1
0.0012599129124775575	-19.70529321119725	8
0.0017606625710342523	-24.302154669195414	1
0.0013765506071715483	-20.31889566336693	4
0.0013039735043124335	-19.76751938458434	17
0.0009473638097361318	-16.286210522806773	10
0.001675909360446983	-23.56080031290716	12
0.0017333058126599305	-24.16538188094991	1
0.0013096368743564105	-15.528118220558373	5
0.0010140224426711314	-16.33987656142924	19
0.0010152429570277962	-17.047549472594667	2
0.000981820570101115	-15.992815382334225	11
0.001580537049637521	-22.524241996309847	4
0.0011530784998670086	-18.207486344045417	19
0.0011687346811983946	-18.31550239419564	9
0.0009797888114936363	-16.25658448650338	7
0.0017891848810048885	-24.4447547466062	1
0.0012575672577275743	-18.154536468091123	11
0.0009427663504933037	-15.843343104310346	22
0.001668114462385468	-23.83945135129706	1
0.0012816232296454842	-17.18814395380565	8
0.0017870761769652266	-24.43421207458553	1
0.0011166659006323196	-17.09025897572058	13
0.0014836533426961325	-21.365478093836415	3
0.0017323984031703476	-24.160845198486562	1
0.0017782861065268796	-24.390265257997225	1
0.001576548023668141	-23.34233265820476	2
0.0017160767374691443	-24.07924343499473	1
0.000978499027635287	-16.03575505724126	9
0.0011465840960739977	-16.260713677755888	9
0.0016586235514540317	-23.179624959332905	3
0.0011764664729485943	-16.782644057146612	11
0.0016545433844074719	-22.039848396674742	7
0.0017279362346843891	-24.13853615086129	1
0.00157598300683887	-19.492701232906047	10
0.0010168508074187344	-16.51143789759287	6
0.0017429810955498339	-24.213754403739678	1
0.0012664432831827994	-18.340433960465855	9
0.0016837586744628454	-23.635670766687873	22
0.0012529446009274252	-18.779147847630966	8
0.0014946744986387161	-16.803111391801615	3
0.0011232961285492244	-16.51586726201943	9
0.0017381225327988737	-24.094341841831703	2
0.0017429969577030966	-24.2138337081258	1
0.0017955937946648704	-24.476796737068174	1
0.0017143581244936964	-24.070651061389988	1
0.00171761348186624	-24.086926538860162	1
0.0012412868844088386	-18.708511842672635	8
0.0015778897301296732	-21.11916198760734	2
0.0014807710456096078	-20.78343265707851	13
0.0017008220419748642	-22.792461008137472	13
0.0011610129979688598	-16.630399909616784	12
0.0014218025188350147	-21.07310793786883	8
0.0017148404922249418	-24.073062706024903	1
0.0008816903747194189	-15.935180370521639	9
0.0017560250394403215	-24.278968876566054	1
0.0012049545560499412	-17.45395546506253	4
0.0010352167386926358	-16.467986834560712	32
0.0017894110771130955	-24.445885636165062	1
0.0014579813949985485	-21.291813537432112	13
0.0017239952461391948	-24.118832793307217	1
0.0009204018609612247	-15.513841134697564	3
0.0012324689557429846	-17.553132491637253	6
0.0016807718255273424	-23.89315280271969	2
0.0017702627836332196	-24.3501518707258	1
0.0013139840818188022	-18.776396381895868	13
0.0013095706375488418	-15.901097679101891	9
0.001753852173056296	-24.26810541863139	1
0.001152865298032587	-15.824563929798627	14
0.0017917116326280906	-24.457387488394556	1
0.0014584430697245979	-18.254872678437312	6
0.0011841436797226164	-17.036012426429817	6
0.0016646635261122755	-23.43759370059441	8
0.001098960576867134	-16.00740375337157	2
0.001183064014899616	-18.87978721357693	11
0.0013736077153704558	-18.49258870819818	24
0.0016032642588313059	-22.721608631227493	8
0.0017191387633302265	-23.789536985622345	20
0.0017881800452319325	-24.439730971913473	1
0.0011346276478144284	-15.540283629809814	3
0.00176264724468028	-24.312077239136283	1
0.0017699955954087149	-24.34881603707359	1
0.0010462800639894796	-16.28105794692325	6
0.0010622196482787713	-16.94759669942176	25
0.001766856741324512	-24.333123029184343	1
0.0011232904034644262	-17.450340513406985	3
0.0015833231930503188	-22.50612231941352	15
0.0010796586458077188	-16.890109267256083	12
0.0016397691401000025	-23.697736141122903	1
0.0011379560504026797	-16.789339256915135	10
0.0017596125952400049	-24.296905212552765	1
0.001751878198703517	-24.258236340853227	1
0.0009674827123855403	-16.284463106421143	9
0.0013741536696800752	-18.2411902452723	13
0.0017855424228320849	-24.426543920837105	1
0.0017773390135038959	-24.385530173828663	1
0.0009092170646685372	-15.611668958797909	5
0.001142482334398161	-15.800417473476912	40
0.0014110716090648848	-17.074016880981006	12
0.0012142482993332765	-17.52060347585788	15
0.001714450683530315	-24.071113819343335	1
0.0017723711757102695	-24.36069298305889	1
0.001089859586312597	-16.793191522199642	15
0.0017633431624622495	-24.315556548129226	1
0.0017564972902807852	-24.281329940816345	1
0.000954151287780811	-16.758549711898773	13
0.0017611884313811015	-24.304783759414445	1
0.0011171297759413879	-17.191604753114405	29
0.0017883450554107012	-24.44055595643577	1
0.001206415405142189	-18.59842897718741	11
0.0011950011443617433	-16.42438128233256	4
0.0013563892977221364	-20.2277374490979	4
0.0010740238149555912	-16.935768714195305	4
0.0017296179975749058	-24.14694428886348	1
0.0011100261246342854	-17.086875862695635	5
0.0010437296431620704	-17.82171083409485	13
0.0011309402771702837	-16.232856417172734	7
0.0017214723217676418	-24.10621918623768	1
0.0017508788666291708	-24.25324008243981	1
0.0012790239318090791	-18.75719882256457	8
0.0013053697872792052	-19.12196746682963	7
0.001798561903924493	-24.49163608951268	1
0.0017567180862183133	-24.282433831693904	1
0.0010760920827517615	-16.69703059534857	2
0.001279921304940128	-18.78142504829291	7
0.0017853447037295476	-24.425555404852375	1
0.0017650309420369273	-24.323994767132145	1
0.000870074731381344	-15.591446994513479	22
0.000920636473686538	-16.235512339736353	10
0.0016799051482059375	-23.898400037867543	1
0.001249606797660326	-16.959550480950753	16
0.0012394331044891483	-17.414876426261845	40
0.001747024025607506	-24.23396742785252	1
0.0009284321838319929	-16.175022992266577	19
0.0017027770625369283	-24.01275040982164	1
0.0013326372219229089	-17.59812793963745	3
0.0014674223384246008	-21.647078917954108	2
0.0016024562229146949	-22.595820320096863	17
0.00174099570395929	-24.203828244365003	1
0.0010909210985378718	-16.3790952424624	14
0.0016148070186286611	-21.554905128275312	3
0.0010027619369810544	-16.2557802859845	13
0.0017897228952984796	-24.4474446016703	1
0.0017563317400121248	-24.28050225606183	1
0.0009758355050159092	-15.727752636126716	7
0.001258749582891564	-15.532613326958357	15
0.0017977287127493727	-24.487470468769047	1
0.0014757225755767701	-17.28731207837737	23
0.0010141328767424014	-17.565174924613277	9
0.0013312157270978326	-18.936512225651754	11
0.0009968016253546683	-15.96748748104295	7
0.0011874117700867318	-17.475830125359757	8
0.0017533616498660559	-24.26565299998185	1
0.0017980318244519204	-24.488985905362078	1
0.0009750572238756288	-15.9745592190628	12
0.001021619358872247	-16.12899846564472	12
0.0016275148147964279	-20.00023131461219	4
0.001639544099504706	-21.66137851582716	4
0.001654438909871112	-22.530833044902494	8
0.0016465296082056886	-21.48787327958938	30
0.0011250576775842026	-17.115125545749443	10
0.0009556944863095626	-16.18509850832847	13
0.0017999577628189391	-24.49861482253281	1
0.0013664871659895144	-20.365962375511337	10
0.0014182091446528842	-20.692731581922292	12
0.0017937174305263806	-24.467415671099985	1
0.0016218787284665915	-23.13326535370924	4
0.0017340755254006222	-24.16923013505414	1
0.0009169337381822282	-15.500200410575362	11
0.0017936882091783505	-24.46726957611345	1
0.0016483638903025178	-23.358102164803274	5
0.0014393605974583955	-17.768898262346173	15
0.0011613718329618176	-18.173571408697253	24
0.0009708751938074205	-15.998615314344136	4
0.0017048350511219784	-24.023039524968375	1
0.001319978116741088	-19.788055814856456	3
0.0012082514033482906	-17.02610573091171	20
0.0017918395781899132	-24.45802716474051	1
0.0012370135516994495	-18.620965266245406	4
0.001789835498672235	-24.448007573246958	1
0.0016627927510798521	-23.812844935304806	1
0.0010720781587689788	-15.91012466189208	8
0.001245411275842873	-16.284971245588693	6
0.0009705515509320343	-16.248851711706273	31
0.0017375607047512842	-24.186654629974313	1
0.0012621395476151186	-18.60883592026805	16
0.0009277842717146948	-16.36154151241221	19
0.0017832907147983697	-24.415286286366236	1
0.001756758824658316	-24.282637507507822	1
0.00106712468159654	-17.275700097143684	5
0.001165252688758798	-17.37886092861348	3
0.001642532466299639	-23.10345187091438	3
0.0011139439426954127	-16.486226849394107	12
0.0016402101506936412	-23.0682728277058	3
0.0013726204335793462	-16.375610767348395	16
0.0017244025515080572	-24.12086915632232	1
0.0015544173687119585	-19.466912179157973	4
0.0016901921333288667	-23.949830825779305	1
0.0015737283358002272	-22.496962807984815	7
0.0015800924570093448	-21.836479053990452	6
0.001238763742891151	-16.909572460240707	14
0.0009847236658750372	-16.112060047827832	7
0.0013452377261353435	-20.032023437576555	7
0.0015538843431751462	-22.32269980539339	3
0.001012164342067725	-15.864919244037171	6
0.001741294480646507	-24.090186465420626	9
0.001005570088421993	-15.96779368397862	10
0.001587462111340512	-22.524904889321526	6
0.0016377434756875094	-23.321053335356883	2
0.0016713730721554542	-23.855743089446246	1
0.0017815516105236292	-24.406591464507176	1
0.001093157914802379	-16.326507633026598	7
0.0015046560756247932	-21.855669062725784	8
0.0017049335092899256	-23.841592173549316	2
0.0010796101117402266	-17.028109344106205	2
0.0017394495431179602	-24.196098062065953	1
0.0013756514163807353	-20.289464903260615	17
0.0011390323850297836	-16.7158217847653	10
0.001571938117422806	-23.09968357727564	10
0.0009865745594047023	-16.580664077603505	4
0.0015875381774797374	-22.925270370739675	5
0.0013568809574813225	-19.429654145288183	6
0.0012508812473906166	-17.67561279332729	6
0.0009604736738172318	-16.14414914429016	16
0.0012713267933060649	-16.565650995221034	20
0.001177557041541329	-15.804458483320984	11
0.0017323510246744463	-24.160608325063965	1
0.0009511660872545921	-16.54260443853355	17
0.0008531288397191863	-15.624330818264042	14
0.0015268512839141167	-21.179057919155017	10
0.0017586294278633117	-24.291989771125735	1
0.0010258213340196473	-16.576458495189907	16
0.0017906367577856315	-24.45201354652591	1
0.001047942077851382	-16.68447040314826	4
0.0012448193622668676	-17.032920618619908	17
0.0017656044757456168	-24.326862204984863	1
0.00171715222558798	-23.952190550054443	2
0.0011175804906876654	-17.749198082349274	19
0.0011286287926258957	-18.660068493182838	10
0.0014965093412634383	-18.672587218810875	12
0.001686259113604684	-23.93016730912501	1
0.000917828262529363	-15.50694003837394	16
0.001747658902866714	-24.2371415587838	1
0.0011732751967380626	-17.88286271963274	16
0.0010133661012112927	-17.28257537590011	9
0.0010383257966779006	-16.6775098947235	3
0.0011017949500816886	-17.466959888947933	7
0.0016730612514360079	-23.864183306817775	1
0.00177760777301649	-24.386873863289303	1
0.0016440183603000655	-22.94404348620403	4
0.0017300002657522789	-24.148855475991773	1
0.0008875404883225626	-15.707614147033102	21
0.0011240398586480809	-17.93596189242659	9
0.0010966589363850235	-16.604993356562222	5
0.0017413833155710864	-24.20576614651614	1
0.0011961064846341366	-19.31969217833459	11
0.0010969435841939987	-18.09934346519831	6
0.0017767944302729247	-24.318177422094475	4
0.001376406467219146	-20.256559113749102	10
0.0010492898549351462	-17.33920513222403	7
0.0016998672505939174	-23.998202520511427	1
0.0016674237308739125	-21.13896127026238	12
0.0017134691979855366	-24.066206786399405	1
0.0010131976114527332	-16.307749241840185	21
0.0009145232747279204	-15.985228348767215	8
0.0013580651492200665	-17.607104467883477	8
0.0014035120010647492	-21.31321470781301	2
0.001798661739746366	-24.492135228465383	1
0.0012486874405898264	-15.977120482417247	5
0.0017804458805852972	-24.40106325956993	1
0.000974557589617608	-15.541533267111248	15
0.0010574250895487524	-15.999553294713964	30
0.0016204442432767225	-23.60111943000125	1
0.001745740600416492	-24.227550818125675	1
0.0015771875809992132	-20.981549871222896	2
0.0017421526588534788	-24.209612553477484	1
0.0016990939082237196	-23.994336119719602	1
0.0012813658614707684	-18.844696392670528	5
0.000993167765200731	-15.656051634043594	6
0.0017674444121615121	-24.336061146992286	1
0.0017267406360571402	-24.132558638627067	1
0.001101456544987707	-17.011897504514877	11
0.0017337101085349036	-23.902578838524214	5
0.001794423000136962	-24.47094323535377	1
0.0017684250673534905	-24.340964028506207	1
0.0008824568835545918	-16.180247494643993	16
0.0014970006147931837	-18.128498304422607	11
0.0012443954501944413	-16.925322958310993	3
0.001775500523868948	-24.37633846514404	1
0.001341758303250578	-17.68989134526998	10
0.0010513339945851326	-16.802706000479517	9
0.001447014512053483	-21.216604713634133	9
0.001690999360738589	-23.95386663813928	1
0.001449973663161793	-21.890147516068552	31
0.0013285149490351058	-19.792898784923644	2
0.0015775701850150095	-16.802938254668902	8
0.0012109195821933467	-15.904312846111482	29
0.0017590276804864574	-24.293980874053517	1
0.0015502168236497488	-22.11490804609376	13
0.0017430624473399356	-24.2141611299683	1
0.0015885114287588341	-22.500447419174638	11
0.0015131472957649365	-17.79376611309679	9
0.001406139649324991	-18.721380939159243	14
0.0011364624269006305	-17.196412271925897	9
0.001612315718505329	-21.188299393697097	9
0.0015543753269086384	-23.118312894553988	3
0.001410323736862143	-20.623709852395734	13
0.0017634561328661413	-24.316121354708937	1
0.0017329849716162784	-24.163777804782566	1
0.0014547188677702253	-21.047579951220584	5
0.001241260078550029	-18.382139877217938	4
0.0013751380048122297	-19.810885614855835	15
0.0017784062654558398	-24.390866004310862	1
0.001791375927574038	-24.455709098153918	1
0.0010152191025130405	-16.528017270313253	10
0.0014863707492705144	-21.406372677467207	14
0.000953791474439944	-16.122955139729715	29
0.0010702751499057747	-16.94544349127328	8
0.001255130823192702	-18.162523760353757	23
0.0011782779102092794	-16.974373711832463	16
0.0011202489000367284	-17.31377348373689	5
0.001758007734950666	-24.288881556624162	1
0.0009416500876655712	-16.153941451972884	11
0.001749029667418774	-24.24399483018562	1
0.001766405212051334	-24.330865564435708	1
0.0017954160984143008	-24.47590832728955	1
0.0017845899695947062	-24.4217820377526	1
0.0009649687798822652	-16.202272679278565	16
0.001124036732804109	-16.00536475059061	11
0.001542586573212921	-21.991102370106905	3
0.0017275444584388061	-24.13657742721635	1
0.0017248178995535833	-24.122945729485764	1
0.0009810995373290463	-16.460193402027812	11
0.0011217409452227416	-16.46773333496294	16
0.001062544645228029	-17.280023540967612	3
0.0011211715654635488	-15.76016778636635	3
0.0017776090757321622	-24.386880376343683	1
0.0017988383144774609	-24.49301803109774	1
0.0014224749166872682	-21.65205018259199	6
0.0011817224396079285	-15.723318338601914	18
0.0017605490498635882	-24.301587109003368	1
0.0015848779707588435	-20.64775024898029	5
0.0012172348303791968	-18.327219884680513	3
0.0017689349930206865	-24.340861390233982	2
0.0013288479906821166	-17.31519641433389	5
0.0017665527067911048	-24.331602978808203	1
0.0017627576145130355	-24.312629043906334	1
0.0015813311141533413	-17.59748244748276	9
0.0017975106175792395	-24.486380080642135	1
0.001721271200145161	-23.934164882785673	2
0.001687603451758701	-23.93688845916603	1
0.001750363357286248	-24.25066274307696	1
0.001468972962227797	-17.21947331608068	8
0.0009782924090901242	-16.496908669182595	6
0.0010429061446688235	-15.535220405871954	11
0.0011279715261733577	-18.200778468439154	5
0.001780590725786498	-24.37435102884926	2
0.0017498926975365184	-24.134892446225383	2
0.0017928174508350997	-24.46291613463969	1
0.001118208895271426	-15.634472142024302	11
0.0010715277035688814	-16.63663445869318	13
0.0016492009303337135	-22.16364102737352	4
0.001712549510735055	-24.061608720070016	1
0.0009023089454108018	-15.602880117621272	6
0.0010286313274819672	-16.064538709219228	8
0.0016729891943929594	-23.863823050585818	1
0.0016355818696798944	-23.67680147325547	1
0.0011170332438923145	-18.250425615996434	3
0.001414081981887989	-20.639869258131593	9
0.0017607196972748347	-24.302440277420608	1
0.001126768566242041	-16.98507723043107	6
0.0010434303555871942	-17.17297221929303	10
0.0016061954616503516	-22.695976464661133	9
0.0013031447050602417	-17.9858092862712	17
0.001780593789978364	-24.401802747042115	1
0.0015004573161691594	-20.994346899936584	2
0.0016626895847681633	-23.2334746466636	7
0.001605143616306324	-23.459932251869528	2
0.0015408314053435065	-22.45729514543256	5
0.0017175529994768349	-21.675570211699217	4
0.0017845824238041455	-24.421744311834914	1
0.0016900704239656442	-23.94922232791798	1
0.0017765411715154628	-24.381541284800065	1
0.001235936163417819	-17.515422404136014	8
0.0016157014669294773	-22.778166653936708	5
0.001533601164258702	-20.69156240984796	2
0.0012167718097030507	-18.042296487178827	6
0.0017983383904048727	-24.490518611817745	1
0.0017408040477251308	-23.930946521958862	2
0.0016302207881385583	-19.301271233340323	2
0.0009757130889143349	-16.348809109237003	7
0.0017412584296325926	-24.205141767056165	1
0.001750671318200288	-24.25220242377697	1
0.001779175621876354	-24.39471247695753	1
0.0010939249598693557	-17.21650607865233	6
0.001467211280228561	-19.568831722362244	2
0.001488261187470886	-21.195282320164075	8
0.0017784533935181633	-24.3911016256663	1
0.001790358190024387	-24.410162692788898	2
0.0016642872029600908	-23.820316593597145	1
0.0016311298676477098	-19.505955120135035	6
0.0017984307088858829	-24.490980167089816	1
0.0011783802844787725	-18.221726269793663	14
0.0016893399502343677	-18.809865297882027	4
0.001224036514574206	-15.975795521805573	3
0.001635738626989236	-22.928523730365036	3
0.0011446081403731407	-16.090476183305206	8
0.0013887231952101052	-18.06836983130098	8
0.0014092853641252175	-20.592873518261634	21
0.0017139004454942684	-22.453058471484855	19
0.0011152533282336268	-16.49599396406333	24
0.0013140039701206886	-16.023312627125655	19
0.0015283744484658709	-15.56171675471823	8
0.0015497989205123352	-16.044006565870742	12
0.0017473620524190527	-24.23565742594675	1
0.0014758251832612402	-21.88520833274903	13
0.0010949062985603944	-17.533432095489083	42
0.001449808517516194	-21.369278496625988	10
0.0012654226546463746	-16.07190570534781	4
0.0014872849793652815	-21.63087605341375	9
0.0014433960364706288	-21.625680702290406	4
0.0014901527037336655	-20.588329759555535	14
0.0017586890178344218	-24.29228769701259	1
0.0013511840827426253	-20.13693939789432	7
0.0012873163037543682	-19.2802492431928	16
0.0017999650885945652	-24.498651448464322	1
0.0017936300573409953	-24.466978840316916	1
0.0011375061939696395	-17.915519517989377	11
0.0009730775193110819	-15.87555936064823	12
0.0015619801859433863	-22.205944457335846	6
0.0017010858970584128	-23.556782734572085	4
0.0015121587208153278	-21.68244861463423	16
0.0017637571570709339	-24.31762635465285	1
0.0012885125388703044	-19.456873991051552	9
0.001785745406620458	-24.374512637737617	2
0.0009403055024107532	-15.627673658603982	6
0.001337807161462619	-20.426239470134696	2
0.0012477532199401213	-19.284504952344175	12
0.001174222959594022	-16.362485655687102	16
0.0017102850847737778	-21.891432812481767	18
0.0014478356420084008	-18.213241972053808	5
0.0017166818564124644	-24.08226878631617	1
0.0010345634541886453	-15.616955957522105	7
0.0014480068200165637	-19.165129816220194	3
0.0009254712507687354	-15.62941183764943	8
0.0009418706687292257	-16.10488360443497	5
0.0010830478173596138	-15.708083345579595	4
0.001790257418062034	-24.450117000488593	1
0.0012426121152267766	-19.27301750999828	6
0.0014966992301827112	-22.083291104103026	4
0.0017077822889776653	-23.384467793570938	7
0.0010171499610875472	-16.241567939321303	13
0.0009701643372336629	-16.437505562016156	11
0.0017865500119140013	-24.390046259353895	2
0.0017183212347318024	-24.090465018510685	1
0.001446747992098264	-15.990655814217586	5
0.0010826067413735358	-17.21663664002306	4
0.0015681796200124796	-20.044252327616427	8
0.001402029839360991	-16.391197781639743	7
0.0016833163877311155	-23.629366534415546	8
0.001799504537033743	-24.49634887590647	1
0.0017690572367921535	-24.344124621423926	1
0.0014049660742290826	-20.721574693247035	4
0.0017918201199751533	-24.45792988149333	1
0.0010450287519486166	-17.483711503181638	7
0.0017741595711660266	-24.36963424099678	1
0.0013491820083063378	-20.145948622275156	4
0.0009776996347741309	-16.631640024519623	4
0.0017523236411745653	-24.26046337403949	1
0.0017867041922386545	-24.432352300574966	1
0.0017497050996508323	-24.247371719668855	1
0.0013349808922023846	-16.87758658848424	17
0.0014264176080703483	-20.907128413408948	24
0.0010712399054421406	-15.621441775384342	19
0.0014060214583715186	-21.175194049609306	12
0.0017762822089497207	-24.380246576133075	1
0.0016367037264746994	-21.951342910147343	5
0.001659915725840181	-23.209013424742345	4
0.0011468003971707064	-17.867374740913668	21
0.000978021320030441	-16.183723447474062	2
0.0015786084581410377	-23.391957331804033	1
0.0016974078580517995	-22.372702356758985	3
0.0013704513716091128	-20.208611321787757	8
0.0013921330227846264	-20.291807403651067	6
0.0017797162896465459	-24.397415598337325	1
0.0017411440086484537	-24.20456970815868	1
0.0009233873569603388	-15.661141871688143	28
0.0017435747607610508	-24.2167224910076	1
0.0011053011601887524	-16.115738803591697	4
0.0018000144221104021	-24.498898096200232	1
0.0012013601091833126	-17.96310567114942	18
0.0010256697698348997	-16.897747077757227	11
0.0017829998609219984	-24.413832133973656	1
0.0009264783718351615	-15.522940957846652	9
0.0016593536004582492	-23.617878153495848	5
0.0015960201986710697	-23.47900903098251	1
0.0013722729016301066	-17.82846489326419	11
0.0014878124854739666	-21.873672403733313	3
0.001463419894087047	-15.94321163050327	10
0.0010979082472293799	-17.029757834253886	9
0.0015750915938597012	-15.997712192877358	6
0.0017429953160387885	-24.158660708961694	2
0.0011526848127718747	-16.21499654669641	7
0.0010965435038011518	-15.64042952202222	9
0.0013312622817634493	-20.083391782142385	6
0.0016846564589168345	-23.9221546803167	1
0.001457975927297759	-18.680640968048415	6
0.0013998533514973449	-20.758576417897466	3
0.0017825802954517217	-24.411734475382822	1
0.0010109237559737317	-15.848091646023263	24
0.0015657192656906597	-16.607068912701923	5
0.0018002293581155901	-24.499972689773113	1
0.0016857720887796036	-23.414213241973588	3
0.0014967138386355044	-22.982517174501247	1
0.0010479722025916053	-16.470979920305503	13
0.0017810955778655168	-24.404311484645255	1
0.0016896075309275785	-16.560949579196357	8
0.0017191649302984618	-23.705100829435867	2
0.0015455721985284403	-22.722339264073337	2
0.001615441438667587	-23.480111528810802	4
0.0017162088813841101	-24.07990410141771	1
0.0014545331544424949	-21.164138091494067	19
0.0017010170918318952	-19.32505200270575	5
0.0017453737098795175	-24.225716513014074	1
0.001641268073474033	-22.972653073158906	9
0.0013486152679910105	-17.502823484644814	8
0.0016952715383808257	-23.975225807965383	1
0.001729905242969932	-24.14838040030077	1
0.0015131628203007557	-21.515733333848836	3
0.001726188725795188	-24.129799309310503	1
0.0016082080131143955	-20.586022833680964	5
0.0010774216436929042	-17.480160059044593	8
0.001773947215867664	-24.368572549919996	1
0.001372289353777593	-20.604698586185297	7
0.0010068442476113821	-15.562303058953654	7
0.0017464820404800771	-24.135210206101007	1
0.0017323925138429282	-24.14128702265918	1
0.0008722255647527202	-15.554592349480103	7
0.0014959869495553542	-21.15057774905712	6
0.0010252082213743272	-16.65750591563663	11
0.0009965408582360894	-15.643820362458861	14
0.0017137289002031797	-24.067505193028385	1
0.0014016787906293564	-19.08140922682836	5
0.001488148913239437	-21.80088276708019	3
0.0008964523803162287	-15.545291397387311	6
0.0012231937956703252	-16.480697129958116	9
0.0017605478818846678	-24.301581269578563	1
0.0017138721261399105	-24.068221265102704	1
0.0010487965754662053	-17.141554145801585	10
0.0017542892141156677	-24.145725276470138	3
0.0016149131302533413	-22.751799443529887	18
0.001790305755822692	-24.45035866984913	1
0.0015980388875103167	-23.038426548189456	10
0.0014803028020807178	-21.459044470126415	10
0.0014516977143186217	-21.02401805795505	4
0.0008929425556506	-15.603979846473464	16
0.0017820632826950373	-24.409149619555873	1
0.0012638650387819302	-16.827347982789355	6
0.0010453618965073391	-16.52877345460939	6
0.0013087468377247582	-16.880703569184185	13
0.0010204943974036734	-16.563748610541076	10
0.0017615067791368845	-24.306375370145304	1
0.0014001318807287712	-20.4447359846912	10
0.00125118002412322	-18.763396040167898	12
0.0008905754936511699	-15.526125211555922	4
0.0010193126141853693	-17.162743576113357	5
0.0013348501101460072	-18.05569587855289	24
0.001716067943898431	-24.079199470678176	1
0.0009535986933717213	-15.815900811627635	9
0.0009459563816635014	-16.50379931807445	12
0.0009647607047504303	-16.429708123450684	3
0.001028253094586864	-15.828043773274894	3
0.0010253008989417156	-16.759190961237238	9
0.0011516081829742876	-16.975349977501942	10
0.001146769886436166	-17.457654126486922	3
0.0017532524313480327	-24.212406738446152	2
0.0017704214911287877	-24.3509453443672	1
0.0010900196271381162	-16.109136430859266	14
0.0016882661630719844	-23.131905220475534	7
0.001710981193768454	-24.0537677660564	1
0.0017542840320689714	-24.270264539989427	1
0.0010492742841408881	-17.353615568906555	25
0.001312045711450418	-19.667141712295233	3
0.0017710950688963592	-24.354312962273916	1
0.0017961710312326675	-24.479682687727042	1
0.0009711289377237346	-16.82517609685219	27
0.0017712216501177874	-24.354945817466675	1
0.00097954489707826	-16.102848855635447	7
0.0017962729169916578	-24.480192075540785	1
0.0015630114820464152	-22.19862647344341	5
0.0015709615749795608	-22.312628123702435	5
0.001397056375093561	-15.968735498440084	2
0.001095655164189859	-16.4806927698872	28
0.0017927651832644537	-24.462654817809884	1
0.0016987170140099856	-23.80265130747622	3
0.001706774974471248	-18.710784423137227	11
0.0008984090426904026	-15.562730444179675	16
0.0017275694913469516	-24.13670258168817	1
0.0016465781233071107	-22.974878130550792	6
0.0009145452541828087	-16.36075707192456	7
0.001515913955258285	-21.816686396369015	9
0.001705913776786841	-24.028432719400122	1
0.0016409711675439871	-23.441942582773038	20
0.0016062502524273614	-22.652407504201506	7
0.00168970861901211	-23.78892815673669	2
0.00140383524375761	-19.5778237199271	3
0.0010739350980027253	-16.327793234330706	31
0.0009833831426345992	-16.491991693781127	7
0.001716130554436491	-23.717938112518702	5
0.0011845837477269098	-15.741874448883527	12
0.001037662564891631	-15.809617180638892	24
0.0009659224658181742	-15.702836635901164	19
0.0010558623946901851	-16.760868990268307	16
0.001790947508435398	-24.453567174782453	1
0.001641235938073789	-23.70506954100613	1
0.0010954171807361277	-17.39717447628597	4
0.0016890201610631776	-23.943971435849715	1
0.0011199203445397296	-17.822368442731822	13
0.0010691840899392413	-15.880264132928199	6
0.001332166291473425	-19.2048273676998	4
0.0011674920411936522	-18.03429630021359	18
0.0012567599096051157	-18.371584943714467	7
0.0015163398667526003	-17.58683791550266	16
0.0017153958491380951	-24.07583926721114	1
0.0008729778925497738	-15.522649719554101	14
0.001773042140143328	-24.364047535344184	1
0.0017182197901985652	-24.089957836648225	1
0.0010527387952962302	-17.365357133147434	10
0.0016250558630557025	-20.78599519662084	7
0.0011640478367878225	-15.692426374157915	4
0.0017076709877087723	-24.037218067212148	1
0.0013561004059524135	-15.932483509473979	15
0.0008625450684975205	-15.612544302571727	27
0.0017874449892973053	-24.436055987899657	1
0.0014915627866589846	-21.967599680903422	13
0.0017875717651991165	-24.436689816416028	1
0.0016167014471644126	-23.582406954893255	1
0.0017098724006192117	-24.048224246296698	1
0.0017318878464438285	-24.158292620213658	1
0.0017703082626045737	-24.350379247289702	1
0.001427244744200457	-19.429425062866542	17
0.0017898544740362749	-24.448102442434752	1
0.000993154692324588	-15.668797336337137	5
0.00173276336129156	-24.162669842296626	1
0.0014065878320029196	-16.931185938126486	10
0.0017943786433311302	-24.470721469166108	1
0.0017523598691602496	-24.26064449939604	1
0.0017789491911977787	-24.393580414641175	1
0.0016896489956351854	-21.979058838603926	3
0.0009286939506930558	-15.940678043248408	29
0.0009495234761498052	-15.75082418427985	5
0.0015292443718710191	-18.871057025494842	11
0.0013953292013818043	-17.1139297226171	5
0.001613927097080197	-23.56853632039061	1
0.0017884812755609785	-24.441237002395738	1
0.0017832667653312048	-24.415166548663535	1
0.001717731622772673	-22.099370721340886	6
0.0017002397088415082	-23.611793299138732	2
0.0011015265220672213	-17.47371242905289	23
0.0016989576383831147	-23.877172316595185	2
0.0015929596230927427	-20.370391270885847	4
0.00156309664694007	-22.6580934055246	2
0.001086699227821277	-17.091248126728104	6
0.0017534532364683409	-24.266110896154668	1
0.001401045687121972	-19.89785995394869	20
0.0017341368630812977	-24.169536798785845	1
0.0011804963907303028	-17.4876216631028	18
0.0017740158155158036	-24.368915520568066	1
0.001574312424768945	-23.370478892924066	1
0.0012584557989396641	-15.983442538894442	6
0.0012613130472552774	-16.92648426384823	5
0.0009386894355773137	-16.591020365384253	10
0.0010772815642613282	-16.628297109132536	4
0.0015928031323545408	-23.462924993390708	1
0.0012011477089011523	-19.218414464460515	4
0.0015709156827264663	-20.901138173847578	9
0.0010457777165114514	-15.760715603793527	8
0.0012855185392472014	-18.060040699391166	7
0.0011142414586193504	-17.582547231514766	12
0.0009704841089978583	-16.65463112162838	10
0.0017818288694216435	-24.407977647476244	1
0.0016904500223938585	-20.378258186363972	11
0.0017395773664248707	-24.19673712718652	1
0.0016519810883996594	-23.40081356701303	2
0.0016267894841730877	-23.63284308225604	1
0.0017188123796665767	-24.09292054563281	1
0.0011225413548164283	-17.765442716576942	6
0.0017071035920528598	-24.034381317154427	1
0.0010912587456411694	-16.56029570013912	2
0.001039803091927309	-15.620129975681795	16
0.001646376813928106	-23.31569858952243	7
0.0017653644846330496	-24.325662345952924	1
0.0011356483113051424	-17.86811734528561	10
0.001108747301354772	-16.50722141779275	26
0.0013545222698761357	-20.23862004850038	39
0.0017979808536756638	-24.488731071982617	1
0.0011915506418422302	-16.319318677369107	5
0.0017740326997957038	-24.36899993517625	1
0.0011614409562911094	-17.984463524619898	15
0.0017455655503414937	-24.22667563816055	1
0.001123300616121678	-17.464158262403473	15
0.0017957877080844813	-24.47776622616902	1
0.0015342586402270937	-23.17022608092731	1
0.0017029840325202066	-20.695834618935603	3
0.0017988741716665738	-24.49319730262057	1
0.001627206105709203	-18.979221581950938	9
0.0012366168065870054	-17.76062456596009	9
0.001789063416174398	-24.444147471310178	1
0.0013294714014030675	-18.004675533087756	14
0.0009442796601376563	-15.840903801178001	12
0.0017748468009245195	-24.345474199528766	2
0.001656249529035205	-23.265843130865353	4
0.001500705681438584	-23.0024747828898	1
0.0011286894186750835	-17.790726925542316	14
0.0017029238152585012	-24.0134841144016	1
0.0017180335799583703	-23.776686841264294	2
0.0017217796269560172	-23.724163867475355	10
0.001202860870294306	-18.427809829742863	13
0.0011489428400770986	-17.76795418064347	7
0.0016429077120965543	-23.5788103314845	2
0.0015164439084027384	-21.726604958581575	12
0.0017006233347789579	-19.916767893663557	7
0.001650746105042403	-23.75261655060353	1
0.0017127519310316185	-24.06262074013393	1
0.0013884355732279362	-17.618259800219743	13
0.0017373896761711644	-24.18579955586602	1
0.0017020334632540345	-23.841592648363143	3
0.0017778297173537934	-24.38798349570383	1
0.0012216847282302795	-16.06872084566394	7
0.001751484270578057	-24.25626685867444	1
0.00150974907667018	-22.04069215173386	44
0.0012162203579645337	-18.769752396451644	2
0.001524290728806399	-22.33445594745535	4
0.0017692773526194127	-24.345225112023698	1
0.0017307129998216555	-24.152418859657786	1
0.0014955609431195596	-21.84552854362367	4
0.0009809981790565565	-17.028439221415844	11
0.0009536287946041067	-16.32197745028577	11
0.0012700566599565788	-19.376771471974006	22
0.0011816497883929235	-17.365361499025877	6
0.0017731387711668084	-24.364530651593984	1
0.0011554988379844804	-16.8034488999474	6
0.0012664804708911747	-19.336875728523207	19
0.0014107388550891114	-20.759071957748933	7
0.0010607890365799636	-17.208921605576048	5
0.0008837332781215784	-15.58474039164554	5
0.0017309007355862502	-24.153357462968376	1
0.0008993120897262149	-15.578880180662463	4
0.0016585464607737218	-21.822865775124082	2
0.0017486458196197948	-24.242075745584664	1
0.0016589191440954454	-22.244342216535447	4
0.0011422906214486883	-17.644119621857396	6
0.0009468294514798053	-16.012512554643507	12
0.0017386816802053575	-24.192259056358115	1
0.0014131301173699394	-18.457447747079417	10
0.0013167095922424665	-17.660939345868172	3
0.0014823358378929414	-17.008237454190116	6
0.0009921079750152201	-16.110900322530114	14
0.0012604466492359045	-17.712238963470103	22
0.0012813800442428003	-17.13701779225691	23
0.0017158802138166806	-24.078260895779525	1
0.0016488062192447392	-23.7429179018896	1
0.0017484912316934962	-24.124963329669242	2
0.0014693125649887714	-21.629784266206357	7
0.001106791802070842	-16.804310991952203	9
0.001639296383024018	-23.22196754162779	3
0.0012269500005231081	-16.07928301556338	10
0.001706626772782504	-23.812080259683174	31
0.0013654373605025809	-17.593719814409766	21
0.0011486941709998803	-17.401183340687524	19
0.001135129590541216	-15.752297576584976	12
0.0009966323881512446	-15.9335683724508	16
0.001244302536830346	-20.674198630254686	8
0.001740392205717255	-24.200810995898102	1
0.0013065044713218192	-16.7734811055465	4
0.001021944016293603	-16.021993693027667	6
0.0013051696953556488	-16.073448504127228	4
0.0008916320370988691	-15.626069451358976	7
0.001786875994229374	-24.433211241425166	1
0.0014925075964450764	-21.458976944429136	7
0.0017708850230388482	-24.35326281747247	1
0.0013630902790434146	-19.10159313590413	6
0.0017832256889292798	-24.414961183175947	1
0.00100204999263096	-16.69168918866812	8
0.0017820885793679365	-24.409276092745365	1
0.0009754867848680999	-15.644170576554796	5
0.0008606880038274446	-15.671383277308646	6
0.001669909825598296	-23.84842744521769	1
0.0009854122681724972	-16.18017283247352	14
0.0013995104490671893	-19.438109469737654	7
0.0016791531965197847	-23.544143274881744	6
0.0016385830639231546	-23.093465654983728	8
0.00090520300216616	-16.14907751069456	3
0.001145465446381998	-17.801785631114154	8
0.0017352178825667227	-23.911771153805955	4
0.0016198795957474805	-22.959960540443003	3
0.001221846973466828	-16.125390936144882	2
0.001251891136192136	-17.525250004714774	17
0.0010436709234855049	-15.67909101338007	13
0.0017096106749791872	-23.619960308727205	4
0.0017779977158827805	-24.38882342077522	1
0.0013382914175572422	-18.240323177557322	10
0.0009354819536638186	-15.757401838132642	5
0.001736182279585011	-24.179763058582726	1
0.0017091420914551085	-23.884436606888084	2
0.0011596981221565475	-17.920048550387005	19
0.0009794148615538231	-16.16050359413503	8
0.0012699973604112494	-17.279094601497714	2
0.0012477004746641307	-16.307815958296324	14
0.0017864184895163946	-24.430923901881002	1
0.001106225254854931	-16.802591599966654	5
0.0008119082464009417	-15.607395942289703	9
0.0010868723826815583	-17.246029411479217	6
0.0009722510329121404	-16.203379715076544	12
0.0010250446820517587	-16.57317571170875	17
0.0016424227608000603	-23.711003177265376	1
0.001748310281828585	-24.24039819159097	1
0.0012271407954362681	-16.401500361108887	3
0.001672512619217595	-23.509879386783112	2
0.0017563622003270842	-24.28065454538466	1
0.0017690410252353735	-24.344043570160746	1
0.0016913652464071727	-23.955695919313115	1
0.0010433949667509163	-16.843860052305914	9
0.0011381757678224792	-16.07922180658994	14
0.001773380162839786	-24.36573751286463	1
0.0017988735666162198	-24.493194277612176	1
0.0013988973255249161	-18.596770939728692	9
0.0015554753189208378	-21.68464896730064	10
0.0013542658920820503	-20.301356539505633	4
0.0010111607605725703	-16.40479759076598	3
0.0017031996620033834	-23.56253302708821	2
0.001040298609123659	-16.3627344165804	17
0.0013072561332116797	-15.765637945139467	6
0.0012054828370110524	-16.18038273163181	18
0.0017515189746982339	-24.256440365316397	1
0.0011577862658225528	-17.179861120441636	6
0.0012371473983488026	-18.244060198415802	14
0.0015657947801656906	-22.423282276882347	10
0.0009672116890026898	-15.970427520771299	4
0.0017270417493325052	-24.13406408388801	1
0.001214818695811555	-18.650799392457888	3
0.0008241048837963113	-16.16627103198659	2
0.0016473981010477656	-22.635685018631065	11
0.0013830120871052766	-20.883677371476466	2
0.0011257991120181582	-18.00925907449564	11
0.0017949107671236786	-24.47338187409431	1
0.0017422943235799794	-24.210320820128615	1
0.0013545103806435507	-20.23128057781146	11
0.0009539624158110125	-16.815060346031476	6
0.001498072520282095	-21.56126115919176	19
0.0016134318717036687	-15.897144815129597	2
0.001749353904683888	-24.245615886094225	1
0.0017972215749559918	-24.484934983786637	1
0.0016343823774754654	-23.415139481583946	3
0.001207979711154154	-16.604962868521373	5
0.0009286305807373493	-15.865240299776607	25
0.001795616284914319	-24.476909179269228	1
0.0011618978249879326	-17.275822693633078	5
0.0015283666661764753	-21.825083955755634	7
0.0017426569995715464	-24.1006431642333	2
0.0009366520873182985	-15.586897046515583	13
0.0013181760626695212	-16.295167079415165	4
0.001616818921265282	-22.824124584667242	26
0.001532583312703922	-22.168826371366606	4
0.0015849110055495919	-19.206563469145543	9
0.0011932779638214137	-16.19145215975003	13
0.0015772602345530949	-21.418309387567497	14
0.0010404301203479126	-16.703093612893742	7
0.0016754363620582666	-23.669354106942436	5
0.0016654002251707133	-23.534022975314755	2
0.001621080116071778	-23.60429853821134	1
0.0016003309114615168	-19.32290429159079	23
0.0016985619276593709	-23.991676430874794	1
0.001468931535376789	-17.9010544494165	6
0.0008599851342401417	-15.53127316946874	16
0.0013493522335153011	-20.316336997149737	3
0.001165905350781338	-17.661166731877024	5
0.0016602317015874642	-23.800040717966056	1
0.0017236296291908949	-20.308308247473605	3
0.001480654539708492	-21.316334938365202	3
0.0015017091885731208	-20.558298955902995	50
0.0016452754988614325	-17.38705165201144	18
0.0009712151103717454	-16.219343280713304	16
0.0015638802749489177	-17.46368136173312	25
0.00141888417057476	-20.46456040776561	8
0.001463147124122707	-22.81469710337522	1
0.001747508609275192	-24.236390151278325	1
0.0010104733543200436	-16.225901428136993	8
0.0013397152091189075	-18.373199205209346	8
0.0016605974377546765	-23.801869251693166	1
0.0015799988268706325	-23.398908616208203	1
0.000995444038429389	-15.615429673678316	6
0.0017878931437172749	-24.438296579739713	1
0.0013745828470968834	-19.247689107038244	35
0.0009648491037657134	-16.480524104469552	4
0.0015411465401386306	-20.690491813607064	3
0.001567072680580765	-17.40355599295149	13
0.0009984948948438869	-15.920710017718022	10
0.0015858073339388458	-21.40893002138275	6
