T	U	Steps
2.843643818273534	-120	0
2.843643818273534	-120	0
2.843643818273534	-120	0
2.843643818273534	-120	0
2.843643818273534	-120	0
2.843643818273534	-120	0
2.843643818273534	-120	0
2.843643818273534	-120	0
2.843643818273534	-120	0
2.843643818273534	-120	0
2.843643818273534	-120	0
2.843643818273534	-120	0
2.843643818273534	-120	0
2.843643818273534	-120	0
2.843643818273534	-120	0
2.843643818273534	-120	0
2.843643818273534	-120	0
2.843643818273534	-120	0
2.843643818273534	-120	0
2.843643818273534	-120	0
2.843643818273534	-120	0
2.843643818273534	-120	0
2.843643818273534	-120	0
2.843643818273534	-120	0
2.843643818273534	-120	0
2.843643818273534	-120	0
2.843643818273534	-120	0
2.843643818273534	-120	0
2.843643818273534	-120	0
2.843643818273534	-120	0
0.00019440028272709755	-19.47177322059828	1
2.843643818273534	-120	0
2.843643818273534	-120	0
2.843643818273534	-120	0
2.843643818273534	-120	0
2.843643818273534	-120	0
2.843643818273534	-120	0
2.843643818273534	-120	0
2.843643818273534	-120	0
0.0005407221361037317	-21.203243187490795	1
2.843643818273534	-120	0
2.843643818273534	-120	0
2.843643818273534	-120	0
2.843643818273534	-120	0
2.843643818273534	-120	0
2.843643818273534	-120	0
2.843643818273534	-120	0
2.843643818273534	-120	0
2.843643818273534	-120	0
2.843643818273534	-120	0
2.843643818273534	-120	0
2.843643818273534	-120	0
2.843643818273534	-120	0
2.843643818273534	-120	0
2.843643818273534	-120	0
2.843643818273534	-120	0
2.843643818273534	-120	0
2.843643818273534	-120	0
0.0002647084305307919	-19.823285679783304	1
2.843643818273534	-120	0
2.843643818273534	-120	0
2.843643818273534	-120	0
2.843643818273534	-120	0
2.843643818273534	-120	0
2.843643818273534	-120	0
2.843643818273534	-120	0
2.843643818273534	-120	0
2.843643818273534	-120	0
2.843643818273534	-120	0
2.843643818273534	-120	0
2.843643818273534	-120	0
2.843643818273534	-120	0
2.843643818273534	-120	0
0.0005052296350915718	-21.02579495847123	1
2.843643818273534	-120	0
2.843643818273534	-120	0
2.843643818273534	-120	0
2.843643818273534	-120	0
2.843643818273534	-120	0
2.843643818273534	-120	0
2.843643818273534	-120	0
2.843643818273534	-120	0
2.843643818273534	-120	0
2.843643818273534	-120	0
2.843643818273534	-120	0
2.843643818273534	-120	0
2.843643818273534	-120	0
2.843643818273534	-120	0
2.843643818273534	-120	0
2.843643818273534	-120	0
2.843643818273534	-120	0
2.843643818273534	-120	0
2.843643818273534	-120	0
2.843643818273534	-120	0
0.00019339271862278844	-19.466735805346193	1
2.843643818273534	-120	0
2.843643818273534	-120	0
0.0005275033538348885	-21.137154593097353	1
2.843643818273534	-120	0
2.843643818273534	-120	0
2.843643818273534	-120	0
2.843643818273534	-120	0
2.843643818273534	-120	0
2.843643818273534	-120	0
0.0004490809243595747	-20.745073989337182	1
2.843643818273534	-120	0
2.843643818273534	-120	0
2.843643818273534	-120	0
2.843643818273534	-120	0
0.0003712355665861124	-20.355878511972467	1
0.0005497782054909036	-21.24851989183128	1
2.843643818273534	-120	0
2.843643818273534	-120	0
2.843643818273534	-120	0
2.843643818273534	-120	0
2.843643818273534	-120	0
2.843643818273534	-120	0
2.843643818273534	-120	0
2.843643818273534	-120	0
2.843643818273534	-120	0
2.843643818273534	-120	0
2.843643818273534	-120	0
2.843643818273534	-120	0
2.843643818273534	-120	0
2.843643818273534	-120	0
2.843643818273534	-120	0
2.843643818273534	-120	0
2.843643818273534	-120	0
2.843643818273534	-120	0
0.00033748140839449405	-20.187121297847238	1
2.843643818273534	-120	0
2.843643818273534	-120	0
2.843643818273534	-120	0
2.843643818273534	-120	0
2.843643818273534	-120	0
2.843643818273534	-120	0
2.843643818273534	-120	0
2.843643818273534	-120	0
2.843643818273534	-120	0
2.843643818273534	-120	0
2.843643818273534	-120	0
2.843643818273534	-120	0
2.843643818273534	-120	0
2.843643818273534	-120	0
2.843643818273534	-120	0
2.843643818273534	-120	0
2.843643818273534	-120	0
2.843643818273534	-120	0
2.843643818273534	-120	0
2.843643818273534	-120	0
2.843643818273534	-120	0
2.843643818273534	-120	0
2.843643818273534	-120	0
2.843643818273534	-120	0
2.843643818273534	-120	0
2.843643818273534	-120	0
2.843643818273534	-120	0
2.843643818273534	-120	0
2.843643818273534	-120	0
2.843643818273534	-120	0
2.843643818273534	-120	0
2.843643818273534	-120	0
2.843643818273534	-120	0
2.843643818273534	-120	0
2.843643818273534	-120	0
2.843643818273534	-120	0
0.00010117550167357309	-19.00568681285212	1
2.843643818273534	-120	0
2.843643818273534	-120	0
2.843643818273534	-120	0
2.843643818273534	-120	0
2.843643818273534	-120	0
0.000262501973698518	-19.81225428311839	1
2.843643818273534	-120	0
2.843643818273534	-120	0
2.843643818273534	-120	0
2.843643818273534	-120	0
2.843643818273534	-120	0
2.843643818273534	-120	0
2.843643818273534	-120	0
2.843643818273534	-120	0
2.843643818273534	-120	0
2.843643818273534	-120	0
2.843643818273534	-120	0
2.843643818273534	-120	0
2.843643818273534	-120	0
0.00036289273402776307	-20.314167704893002	1
2.843643818273534	-120	0
2.843643818273534	-120	0
2.843643818273534	-120	0
2.843643818273534	-120	0
2.843643818273534	-120	0
2.843643818273534	-120	0
2.843643818273534	-120	0
2.843643818273534	-120	0
2.843643818273534	-120	0
2.843643818273534	-120	0
2.843643818273534	-120	0
2.843643818273534	-120	0
0.00016687411863659514	-19.33415347191142	1
2.843643818273534	-120	0
2.843643818273534	-120	0
2.843643818273534	-120	0
2.843643818273534	-120	0
2.843643818273534	-120	0
2.843643818273534	-120	0
2.843643818273534	-120	0
2.843643818273534	-120	0
2.843643818273534	-120	0
2.843643818273534	-120	0
2.843643818273534	-120	0
2.843643818273534	-120	0
2.843643818273534	-120	0
0.00024579429315503884	-19.728722600680758	1
2.843643818273534	-120	0
0.000311550290552749	-20.05747613883354	1
2.843643818273534	-120	0
2.843643818273534	-120	0
2.843643818273534	-120	0
2.843643818273534	-120	0
2.843643818273534	-120	0
2.843643818273534	-120	0
2.843643818273534	-120	0
0.00041696643633599344	-20.584514466532575	1
2.843643818273534	-120	0
2.843643818273534	-120	0
2.843643818273534	-120	0
2.843643818273534	-120	0
2.843643818273534	-120	0
2.843643818273534	-120	0
2.843643818273534	-120	0
2.843643818273534	-120	0
2.843643818273534	-120	0
2.843643818273534	-120	0
2.843643818273534	-120	0
2.843643818273534	-120	0
2.843643818273534	-120	0
2.843643818273534	-120	0
2.843643818273534	-120	0
2.843643818273534	-120	0
2.843643818273534	-120	0
2.843643818273534	-120	0
2.843643818273534	-120	0
2.843643818273534	-120	0
2.843643818273534	-120	0
2.843643818273534	-120	0
2.843643818273534	-120	0
2.843643818273534	-120	0
2.843643818273534	-120	0
2.843643818273534	-120	0
2.843643818273534	-120	0
2.843643818273534	-120	0
2.843643818273534	-120	0
2.843643818273534	-120	0
2.843643818273534	-120	0
2.843643818273534	-120	0
2.843643818273534	-120	0
2.843643818273534	-120	0
0.00024221951941759835	-19.710850169863974	1
2.843643818273534	-120	0
2.843643818273534	-120	0
2.843643818273534	-120	0
2.843643818273534	-120	0
2.843643818273534	-120	0
2.843643818273534	-120	0
2.843643818273534	-120	0
2.843643818273534	-120	0
2.843643818273534	-120	0
2.843643818273534	-120	0
2.843643818273534	-120	0
2.843643818273534	-120	0
2.843643818273534	-120	0
2.843643818273534	-120	0
2.843643818273534	-120	0
2.843643818273534	-120	0
2.843643818273534	-120	0
2.843643818273534	-120	0
0.0005664627654389823	-21.331935980591634	1
2.843643818273534	-120	0
2.843643818273534	-120	0
2.843643818273534	-120	0
2.843643818273534	-120	0
2.843643818273534	-120	0
2.843643818273534	-120	0
2.843643818273534	-120	0
2.843643818273534	-120	0
2.843643818273534	-120	0
2.843643818273534	-120	0
2.843643818273534	-120	0
2.843643818273534	-120	0
2.843643818273534	-120	0
2.843643818273534	-120	0
2.843643818273534	-120	0
2.843643818273534	-120	0
2.843643818273534	-120	0
2.843643818273534	-120	0
2.843643818273534	-120	0
2.843643818273534	-120	0
2.843643818273534	-120	0
2.843643818273534	-120	0
2.843643818273534	-120	0
2.843643818273534	-120	0
2.843643818273534	-120	0
2.843643818273534	-120	0
2.843643818273534	-120	0
2.843643818273534	-120	0
2.843643818273534	-120	0
2.843643818273534	-120	0
2.843643818273534	-120	0
2.843643818273534	-120	0
2.843643818273534	-120	0
2.843643818273534	-120	0
2.843643818273534	-120	0
2.843643818273534	-120	0
2.843643818273534	-120	0
2.843643818273534	-120	0
2.843643818273534	-120	0
2.843643818273534	-120	0
2.843643818273534	-120	0
2.843643818273534	-120	0
2.843643818273534	-120	0
2.843643818273534	-120	0
2.843643818273534	-120	0
0.000525407369341915	-21.126675513693982	1
2.843643818273534	-120	0
2.843643818273534	-120	0
2.843643818273534	-120	0
2.843643818273534	-120	0
2.843643818273534	-120	0
2.843643818273534	-120	0
2.843643818273534	-120	0
2.843643818273534	-120	0
2.843643818273534	-120	0
2.843643818273534	-120	0
2.843643818273534	-120	0
2.843643818273534	-120	0
2.843643818273534	-120	0
2.843643818273534	-120	0
2.843643818273534	-120	0
2.843643818273534	-120	0
2.843643818273534	-120	0
2.843643818273534	-120	0
2.843643818273534	-120	0
0.0005778085057840564	-21.388660118754213	1
2.843643818273534	-120	0
0.0003130655994116828	-20.065052073630113	1
2.843643818273534	-120	0
2.843643818273534	-120	0
2.843643818273534	-120	0
2.843643818273534	-120	0
2.843643818273534	-120	0
8.699251492161381e-05	-18.934777583872147	1
5.805777863687091e-05	-18.790115540779812	1
2.843643818273534	-120	0
2.843643818273534	-120	0
2.843643818273534	-120	0
2.843643818273534	-120	0
2.843643818273534	-120	0
2.843643818273534	-120	0
2.843643818273534	-120	0
2.843643818273534	-120	0
2.843643818273534	-120	0
2.843643818273534	-120	0
2.843643818273534	-120	0
2.843643818273534	-120	0
2.843643818273534	-120	0
2.843643818273534	-120	0
2.843643818273534	-120	0
2.843643818273534	-120	0
2.843643818273534	-120	0
2.843643818273534	-120	0
2.843643818273534	-120	0
2.843643818273534	-120	0
2.843643818273534	-120	0
2.843643818273534	-120	0
2.843643818273534	-120	0
2.843643818273534	-120	0
2.843643818273534	-120	0
2.843643818273534	-120	0
2.843643818273534	-120	0
2.843643818273534	-120	0
2.843643818273534	-120	0
2.843643818273534	-120	0
2.843643818273534	-120	0
2.843643818273534	-120	0
2.843643818273534	-120	0
2.843643818273534	-120	0
2.843643818273534	-120	0
2.843643818273534	-120	0
2.843643818273534	-120	0
2.843643818273534	-120	0
2.843643818273534	-120	0
2.843643818273534	-120	0
2.843643818273534	-120	0
2.843643818273534	-120	0
2.843643818273534	-120	0
2.843643818273534	-120	0
2.843643818273534	-120	0
2.843643818273534	-120	0
2.843643818273534	-120	0
2.843643818273534	-120	0
2.843643818273534	-120	0
2.843643818273534	-120	0
2.843643818273534	-120	0
2.843643818273534	-120	0
2.843643818273534	-120	0
2.843643818273534	-120	0
2.843643818273534	-120	0
2.843643818273534	-120	0
2.843643818273534	-120	0
2.843643818273534	-120	0
2.843643818273534	-120	0
2.843643818273534	-120	0
2.843643818273534	-120	0
2.843643818273534	-120	0
2.843643818273534	-120	0
2.843643818273534	-120	0
2.843643818273534	-120	0
2.843643818273534	-120	0
2.843643818273534	-120	0
2.843643818273534	-120	0
2.843643818273534	-120	0
2.843643818273534	-120	0
2.843643818273534	-120	0
2.843643818273534	-120	0
2.843643818273534	-120	0
2.843643818273534	-120	0
2.843643818273534	-120	0
2.843643818273534	-120	0
2.843643818273534	-120	0
2.843643818273534	-120	0
2.843643818273534	-120	0
2.843643818273534	-120	0
2.843643818273534	-120	0
2.843643818273534	-120	0
2.843643818273534	-120	0
2.843643818273534	-120	0
2.843643818273534	-120	0
2.843643818273534	-120	0
2.843643818273534	-120	0
2.843643818273534	-120	0
2.843643818273534	-120	0
2.843643818273534	-120	0
2.843643818273534	-120	0
2.843643818273534	-120	0
2.843643818273534	-120	0
2.843643818273534	-120	0
2.843643818273534	-120	0
2.843643818273534	-120	0
2.843643818273534	-120	0
2.843643818273534	-120	0
2.843643818273534	-120	0
2.843643818273534	-120	0
2.843643818273534	-120	0
2.843643818273534	-120	0
2.843643818273534	-120	0
2.843643818273534	-120	0
2.843643818273534	-120	0
2.843643818273534	-120	0
2.843643818273534	-120	0
2.843643818273534	-120	0
2.843643818273534	-120	0
2.843643818273534	-120	0
2.843643818273534	-120	0
2.843643818273534	-120	0
0.0004972606935723155	-20.98595345619817	1
2.843643818273534	-120	0
2.843643818273534	-120	0
2.843643818273534	-120	0
2.843643818273534	-120	0
2.843643818273534	-120	0
2.843643818273534	-120	0
2.843643818273534	-120	0
2.843643818273534	-120	0
2.843643818273534	-120	0
2.843643818273534	-120	0
2.843643818273534	-120	0
2.843643818273534	-120	0
2.843643818273534	-120	0
2.843643818273534	-120	0
0.000512297906297236	-21.061133471450223	1
2.843643818273534	-120	0
2.843643818273534	-120	0
2.843643818273534	-120	0
2.843643818273534	-120	0
2.843643818273534	-120	0
0.0003042538457393883	-20.020996849593644	1
2.843643818273534	-120	0
2.843643818273534	-120	0
2.843643818273534	-120	0
2.843643818273534	-120	0
2.843643818273534	-120	0
2.843643818273534	-120	0
2.843643818273534	-120	0
2.843643818273534	-120	0
2.843643818273534	-120	0
2.843643818273534	-120	0
2.843643818273534	-120	0
2.843643818273534	-120	0
2.843643818273534	-120	0
2.843643818273534	-120	0
2.843643818273534	-120	0
2.843643818273534	-120	0
2.843643818273534	-120	0
2.843643818273534	-120	0
2.843643818273534	-120	0
2.843643818273534	-120	0
2.843643818273534	-120	0
2.843643818273534	-120	0
2.843643818273534	-120	0
2.843643818273534	-120	0
2.843643818273534	-120	0
2.843643818273534	-120	0
2.843643818273534	-120	0
7.345187275240565e-05	-18.867079819437613	1
2.843643818273534	-120	0
2.843643818273534	-120	0
2.843643818273534	-120	0
2.843643818273534	-120	0
2.843643818273534	-120	0
2.843643818273534	-120	0
2.843643818273534	-120	0
2.843643818273534	-120	0
2.843643818273534	-120	0
2.843643818273534	-120	0
2.843643818273534	-120	0
2.843643818273534	-120	0
2.843643818273534	-120	0
2.843643818273534	-120	0
2.843643818273534	-120	0
2.843643818273534	-120	0
2.843643818273534	-120	0
2.843643818273534	-120	0
2.843643818273534	-120	0
2.843643818273534	-120	0
2.843643818273534	-120	0
2.843643818273534	-120	0
0.00019898165825396353	-19.4946782554798	1
0.00034639429209124163	-20.23168213132875	1
2.843643818273534	-120	0
2.843643818273534	-120	0
2.843643818273534	-120	0
2.843643818273534	-120	0
2.843643818273534	-120	0
2.5203243097165376e-05	-18.625856078061656	1
2.843643818273534	-120	0
2.843643818273534	-120	0
2.843643818273534	-120	0
2.843643818273534	-120	0
2.843643818273534	-120	0
2.843643818273534	-120	0
2.843643818273534	-120	0
2.843643818273534	-120	0
8.075560202255523e-05	-18.90359552803145	1
2.843643818273534	-120	0
2.843643818273534	-120	0
2.843643818273534	-120	0
2.843643818273534	-120	0
2.843643818273534	-120	0
2.843643818273534	-120	0
0.0004911326215030637	-20.95531556072779	1
2.843643818273534	-120	0
2.843643818273534	-120	0
2.843643818273534	-120	0
2.843643818273534	-120	0
2.843643818273534	-120	0
2.843643818273534	-120	0
2.843643818273534	-120	0
2.843643818273534	-120	0
2.843643818273534	-120	0
2.843643818273534	-120	0
2.843643818273534	-120	0
2.843643818273534	-120	0
2.843643818273534	-120	0
0.0002479691842979866	-19.739596181595616	1
2.843643818273534	-120	0
2.843643818273534	-120	0
2.843643818273534	-120	0
2.843643818273534	-120	0
0.0002543989065917113	-19.771742206856505	1
2.843643818273534	-120	0
2.843643818273534	-120	0
2.843643818273534	-120	0
2.843643818273534	-120	0
2.843643818273534	-120	0
2.843643818273534	-120	0
2.843643818273534	-120	0
2.843643818273534	-120	0
2.843643818273534	-120	0
2.843643818273534	-120	0
0.0002606071942949291	-19.802781148231826	1
2.843643818273534	-120	0
2.843643818273534	-120	0
2.843643818273534	-120	0
2.843643818273534	-120	0
2.843643818273534	-120	0
2.843643818273534	-120	0
2.843643818273534	-120	0
2.843643818273534	-120	0
2.843643818273534	-120	0
2.843643818273534	-120	0
0.00021657012200815073	-19.58261349969621	1
0.00013476203314983715	-19.17360596082456	1
2.843643818273534	-120	0
2.843643818273534	-120	0
2.843643818273534	-120	0
2.843643818273534	-120	0
2.843643818273534	-120	0
2.843643818273534	-120	0
2.843643818273534	-120	0
2.843643818273534	-120	0
2.843643818273534	-120	0
2.843643818273534	-120	0
2.843643818273534	-120	0
2.843643818273534	-120	0
2.843643818273534	-120	0
2.843643818273534	-120	0
2.843643818273534	-120	0
2.843643818273534	-120	0
2.843643818273534	-120	0
2.843643818273534	-120	0
2.843643818273534	-120	0
2.843643818273534	-120	0
2.843643818273534	-120	0
2.843643818273534	-120	0
2.843643818273534	-120	0
2.843643818273534	-120	0
2.843643818273534	-120	0
2.843643818273534	-120	0
2.843643818273534	-120	0
2.843643818273534	-120	0
2.843643818273534	-120	0
2.843643818273534	-120	0
2.843643818273534	-120	0
0.0003853756196959652	-20.426573090010972	1
2.843643818273534	-120	0
2.843643818273534	-120	0
2.843643818273534	-120	0
2.843643818273534	-120	0
2.843643818273534	-120	0
2.843643818273534	-120	0
2.843643818273534	-120	0
2.843643818273534	-120	0
2.843643818273534	-120	0
2.843643818273534	-120	0
2.843643818273534	-120	0
2.843643818273534	-120	0
2.843643818273534	-120	0
2.843643818273534	-120	0
2.843643818273534	-120	0
2.843643818273534	-120	0
2.843643818273534	-120	0
2.843643818273534	-120	0
2.843643818273534	-120	0
2.843643818273534	-120	0
2.843643818273534	-120	0
2.843643818273534	-120	0
2.843643818273534	-120	0
2.843643818273534	-120	0
2.843643818273534	-120	0
2.843643818273534	-120	0
2.843643818273534	-120	0
2.843643818273534	-120	0
2.843643818273534	-120	0
2.843643818273534	-120	0
2.843643818273534	-120	0
2.843643818273534	-120	0
2.843643818273534	-120	0
2.843643818273534	-120	0
2.843643818273534	-120	0
2.843643818273534	-120	0
2.843643818273534	-120	0
2.843643818273534	-120	0
0.0005395870643477813	-21.19756828526752	1
2.843643818273534	-120	0
2.843643818273534	-120	0
2.843643818273534	-120	0
2.843643818273534	-120	0
2.843643818273534	-120	0
2.843643818273534	-120	0
2.843643818273534	-120	0
2.843643818273534	-120	0
0.0002346101256820606	-19.67280626188969	1
2.843643818273534	-120	0
2.843643818273534	-120	0
2.843643818273534	-120	0
2.843643818273534	-120	0
0.0004208781160184097	-20.604071291561578	1
2.843643818273534	-120	0
0.00042759093897190624	-20.637632706250606	1
2.843643818273534	-120	0
2.843643818273534	-120	0
2.843643818273534	-120	0
2.843643818273534	-120	0
2.843643818273534	-120	0
2.843643818273534	-120	0
2.843643818273534	-120	0
0.0001023994876412194	-19.011806250370178	1
2.843643818273534	-120	0
2.843643818273534	-120	0
2.843643818273534	-120	0
2.843643818273534	-120	0
2.843643818273534	-120	0
2.843643818273534	-120	0
2.843643818273534	-120	0
2.843643818273534	-120	0
2.843643818273534	-120	0
2.843643818273534	-120	0
2.843643818273534	-120	0
2.843643818273534	-120	0
2.843643818273534	-120	0
2.843643818273534	-120	0
2.843643818273534	-120	0
2.843643818273534	-120	0
2.843643818273534	-120	0
2.843643818273534	-120	0
2.843643818273534	-120	0
2.843643818273534	-120	0
2.843643818273534	-120	0
2.843643818273534	-120	0
2.843643818273534	-120	0
2.843643818273534	-120	0
2.843643818273534	-120	0
2.843643818273534	-120	0
2.843643818273534	-120	0
2.843643818273534	-120	0
2.843643818273534	-120	0
2.843643818273534	-120	0
2.843643818273534	-120	0
0.00031517635866932684	-20.07560502091403	1
2.843643818273534	-120	0
2.843643818273534	-120	0
2.843643818273534	-120	0
2.843643818273534	-120	0
2.843643818273534	-120	0
2.843643818273534	-120	0
2.843643818273534	-120	0
2.843643818273534	-120	0
2.843643818273534	-120	0
2.843643818273534	-120	0
2.843643818273534	-120	0
2.843643818273534	-120	0
2.843643818273534	-120	0
2.843643818273534	-120	0
2.843643818273534	-120	0
2.843643818273534	-120	0
2.843643818273534	-120	0
2.843643818273534	-120	0
2.843643818273534	-120	0
2.843643818273534	-120	0
2.843643818273534	-120	0
2.843643818273534	-120	0
2.843643818273534	-120	0
2.843643818273534	-120	0
2.843643818273534	-120	0
2.843643818273534	-120	0
2.843643818273534	-120	0
2.843643818273534	-120	0
2.843643818273534	-120	0
2.843643818273534	-120	0
2.843643818273534	-120	0
2.843643818273534	-120	0
2.843643818273534	-120	0
2.843643818273534	-120	0
2.843643818273534	-120	0
2.843643818273534	-120	0
2.843643818273534	-120	0
2.843643818273534	-120	0
2.843643818273534	-120	0
2.843643818273534	-120	0
2.843643818273534	-120	0
2.843643818273534	-120	0
2.843643818273534	-120	0
2.843643818273534	-120	0
2.843643818273534	-120	0
2.843643818273534	-120	0
2.843643818273534	-120	0
2.843643818273534	-120	0
2.843643818273534	-120	0
2.843643818273534	-120	0
2.843643818273534	-120	0
2.843643818273534	-120	0
0.0005553068525741606	-21.276160903476587	1
2.843643818273534	-120	0
2.843643818273534	-120	0
2.843643818273534	-120	0
2.843643818273534	-120	0
2.843643818273534	-120	0
2.843643818273534	-120	0
2.843643818273534	-120	0
1.0620423768807012e-05	-18.552947847023134	1
2.843643818273534	-120	0
2.843643818273534	-120	0
2.843643818273534	-120	0
2.843643818273534	-120	0
0.00023938994092398492	-19.6967034155287	1
2.843643818273534	-120	0
2.843643818273534	-120	0
2.843643818273534	-120	0
2.843643818273534	-120	0
2.843643818273534	-120	0
2.843643818273534	-120	0
2.843643818273534	-120	0
2.843643818273534	-120	0
2.843643818273534	-120	0
2.843643818273534	-120	0
2.843643818273534	-120	0
2.843643818273534	-120	0
0.00045259930229543384	-20.76266446382997	1
2.843643818273534	-120	0
2.843643818273534	-120	0
2.843643818273534	-120	0
2.843643818273534	-120	0
2.843643818273534	-120	0
2.843643818273534	-120	0
2.843643818273534	-120	0
2.843643818273534	-120	0
2.843643818273534	-120	0
2.843643818273534	-120	0
2.843643818273534	-120	0
2.843643818273534	-120	0
2.843643818273534	-120	0
2.843643818273534	-120	0
2.843643818273534	-120	0
2.843643818273534	-120	0
2.843643818273534	-120	0
2.843643818273534	-120	0
2.843643818273534	-120	0
2.843643818273534	-120	0
0.000181884994125346	-19.409201811576168	1
2.843643818273534	-120	0
2.843643818273534	-120	0
2.843643818273534	-120	0
2.843643818273534	-120	0
2.843643818273534	-120	0
0.0004999216031347472	-20.999256933720734	1
2.843643818273534	-120	0
2.843643818273534	-120	0
2.843643818273534	-120	0
2.843643818273534	-120	0
2.843643818273534	-120	0
2.843643818273534	-120	0
2.843643818273534	-120	0
2.843643818273534	-120	0
2.843643818273534	-120	0
2.843643818273534	-120	0
2.843643818273534	-120	0
2.843643818273534	-120	0
1.52483977329308e-05	-18.576085855347795	1
2.843643818273534	-120	0
2.843643818273534	-120	0
2.843643818273534	-120	0
2.843643818273534	-120	0
2.843643818273534	-120	0
2.843643818273534	-120	0
2.843643818273534	-120	0
2.843643818273534	-120	0
2.843643818273534	-120	0
2.843643818273534	-120	0
2.843643818273534	-120	0
2.843643818273534	-120	0
2.843643818273534	-120	0
2.843643818273534	-120	0
2.843643818273534	-120	0
2.843643818273534	-120	0
2.843643818273534	-120	0
2.843643818273534	-120	0
2.843643818273534	-120	0
2.843643818273534	-120	0
0.00016743022564366233	-19.336933783265515	1
2.843643818273534	-120	0
2.843643818273534	-120	0
2.843643818273534	-120	0
2.843643818273534	-120	0
2.843643818273534	-120	0
2.843643818273534	-120	0
2.843643818273534	-120	0
2.843643818273534	-120	0
2.843643818273534	-120	0
2.843643818273534	-120	0
2.843643818273534	-120	0
2.843643818273534	-120	0
2.843643818273534	-120	0
2.843643818273534	-120	0
2.843643818273534	-120	0
0.0003107380778966443	-20.053415402246856	1
2.843643818273534	-120	0
2.843643818273534	-120	0
0.0003805375401202721	-20.40238463813861	1
2.843643818273534	-120	0
2.843643818273534	-120	0
2.843643818273534	-120	0
2.843643818273534	-120	0
2.843643818273534	-120	0
2.843643818273534	-120	0
2.843643818273534	-120	0
2.843643818273534	-120	0
2.843643818273534	-120	0
2.843643818273534	-120	0
2.843643818273534	-120	0
2.843643818273534	-120	0
2.843643818273534	-120	0
2.843643818273534	-120	0
2.843643818273534	-120	0
2.843643818273534	-120	0
2.843643818273534	-120	0
2.843643818273534	-120	0
0.0005339470733505272	-21.16937059883775	1
2.843643818273534	-120	0
2.843643818273534	-120	0
3.07897198647937e-06	-18.515243621486817	1
2.843643818273534	-120	0
2.843643818273534	-120	0
2.843643818273534	-120	0
0.00010534514268322014	-19.026533340758274	1
2.843643818273534	-120	0
2.843643818273534	-120	0
2.843643818273534	-120	0
2.843643818273534	-120	0
0.0003309617197486795	-20.15452547701279	1
2.843643818273534	-120	0
2.843643818273534	-120	0
2.843643818273534	-120	0
2.843643818273534	-120	0
2.843643818273534	-120	0
0.0005243689169281326	-21.121483669318643	1
2.843643818273534	-120	0
2.843643818273534	-120	0
2.843643818273534	-120	0
2.843643818273534	-120	0
2.843643818273534	-120	0
2.843643818273534	-120	0
2.843643818273534	-120	0
2.843643818273534	-120	0
2.843643818273534	-120	0
2.843643818273534	-120	0
2.843643818273534	-120	0
2.843643818273534	-120	0
2.843643818273534	-120	0
2.843643818273534	-120	0
2.843643818273534	-120	0
4.3520949288089044e-05	-18.717437241140765	1
2.843643818273534	-120	0
0.0005003479785356274	-21.001388639225446	1
2.843643818273534	-120	0
2.843643818273534	-120	0
2.843643818273534	-120	0
2.843643818273534	-120	0
2.843643818273534	-120	0
2.843643818273534	-120	0
2.843643818273534	-120	0
2.843643818273534	-120	0
2.843643818273534	-120	0
2.843643818273534	-120	0
2.843643818273534	-120	0
2.843643818273534	-120	0
2.843643818273534	-120	0
2.843643818273534	-120	0
2.843643818273534	-120	0
2.843643818273534	-120	0
2.843643818273534	-120	0
2.843643818273534	-120	0
2.843643818273534	-120	0
2.843643818273534	-120	0
5.4412790178191535e-05	-18.77189206459909	1
2.843643818273534	-120	0
2.843643818273534	-120	0
2.843643818273534	-120	0
2.843643818273534	-120	0
0.00018455356907114435	-19.422543612932337	1
2.843643818273534	-120	0
2.843643818273534	-120	0
2.843643818273534	-120	0
2.843643818273534	-120	0
2.843643818273534	-120	0
2.843643818273534	-120	0
2.843643818273534	-120	0
2.843643818273534	-120	0
2.843643818273534	-120	0
2.843643818273534	-120	0
2.843643818273534	-120	0
2.843643818273534	-120	0
0.00024380107384022019	-19.718757305833236	1
2.843643818273534	-120	0
2.843643818273534	-120	0
2.843643818273534	-120	0
2.843643818273534	-120	0
2.843643818273534	-120	0
2.843643818273534	-120	0
2.843643818273534	-120	0
2.843643818273534	-120	0
2.843643818273534	-120	0
2.843643818273534	-120	0
2.843643818273534	-120	0
2.843643818273534	-120	0
2.843643818273534	-120	0
2.843643818273534	-120	0
2.843643818273534	-120	0
2.843643818273534	-120	0
2.843643818273534	-120	0
