T	U	Steps
0.00018453981870866345	-19.7194209128484	2
0.0001754252080147197	-20.32724014831879	2
0.0001804099926841178	-20.31272776210084	4
0.00019939512471361712	-20.496845421470706	1
0.00018649597220927235	-20.432354847336043	1
0.00019921850180715407	-20.495962377980888	1
0.00019746426280283844	-20.487191888561554	1
0.00019732111967684586	-20.486476230507616	1
0.00019158826206317706	-20.457814248349237	1
0.00010933402711591227	-19.533189284337606	4
0.0001778266259323366	-20.360689054425134	2
0.00019865036288792907	-20.49312191190556	1
0.00018371662723161178	-20.418459240375256	1
0.00015114032494725055	-19.54250317879398	21
0.00019221487754616558	-20.4359231737715	2
0.00018592944928144399	-20.429522460567703	1
0.00016414239809802543	-20.04150527340487	3
0.0001928541023496481	-20.464142940626484	1
0.0001641078315116668	-19.98443901138304	2
0.00012768653217797558	-19.79712508366127	3
0.0001951573299045388	-20.475658151980692	1
0.00019642544772490635	-20.48199823101134	1
0.00019907109105211118	-20.495225383498255	1
0.00018368539243472144	-20.418303078954285	1
0.00017015568084168323	-20.257645840826445	3
0.00019187629176477418	-20.429255666387785	4
0.0001918994244388484	-20.45936993506969	1
0.00013438234783415154	-19.840603210597394	4
0.00018494119015292806	-20.379272349574418	2
0.0001946415484008548	-20.473079451923503	1
0.0001880173445960561	-20.439961097332954	1
0.00019623033787035524	-20.481022760217027	1
0.0001984784510148572	-20.492262421687794	1
0.000154533690483626	-19.964480730032726	10
0.00019342638379038924	-20.449749440310104	2
0.0001293819602866284	-19.878429174492986	2
0.00019670170348526573	-20.483379398695615	1
0.0001720278439626675	-20.298062968245322	2
0.00014525422791077065	-19.828668236825038	2
0.00019835013674910593	-20.491620901970496	1
0.00010617342107696209	-19.581818586905133	12
0.0001961876036560919	-20.480809106334565	1
0.00018584280939586422	-20.368453311447627	4
0.0001482471532325249	-19.86066479807242	9
0.00010320368876656082	-19.508474010938333	5
0.0001104131186776308	-19.53610093425797	16
0.00016880368773137676	-20.34390054126059	1
0.00019592782821710496	-20.47951033362832	1
0.00019702732796506093	-20.485007390119645	1
0.00019327504962134948	-20.438083381486933	3
0.000127542829242113	-19.631640489307802	6
0.00019200124856142648	-20.459879014726173	1
0.00019257994252737962	-20.462772251789616	1
0.00019368982245680062	-20.437428389379953	3
0.00017946994823243392	-20.397227553508205	1
0.0001718285823353483	-20.225962516762866	2
0.00011384838655571463	-19.628223008035818	7
0.00019893759343149732	-20.49455794909153	1
0.00019815369429127387	-20.490638768695792	1
0.00018984327938192399	-20.44909003682207	1
0.00010791015230369678	-19.658789009071437	3
0.00017105616369331479	-20.26668359579351	11
0.00018491614493851505	-20.416051594991178	2
0.00019961546541601483	-20.497947036355722	1
0.00018777653782948663	-20.39772383684878	2
0.00016432554779068458	-20.213094283401045	2
0.0001978358651786378	-20.48904975097205	1
0.0001525394948380608	-19.945791133440068	16
0.00016198300891139155	-19.98869230205942	2
0.00018186865262287302	-20.15673946584398	2
0.00017169769492531668	-20.2177768359635	3
0.0001988445041245755	-20.49409253999995	1
0.0001632779239542874	-20.17504187538262	2
0.00018845615078631257	-20.44215495178455	1
0.00019145322214123286	-20.457139103056214	1
0.00019050052925096363	-20.452376021803644	1
0.00019895134444505587	-20.494626698628295	1
0.0001174816275882405	-19.502420624900893	3
0.00018294924980319886	-20.281328251220597	6
0.00019247188782107032	-20.462232021720588	1
0.00013402041216143277	-19.638752108180746	2
0.00019018221273389474	-20.45078456725379	1
0.00014023485236080776	-20.021603818776036	2
0.00019667512050286325	-20.47138770561996	3
0.00019268368362559076	-20.446970219176052	2
0.00018843233093420643	-20.413668782112904	2
0.00019740588637689113	-20.48690002991239	1
0.00012250977115636506	-19.534871647924554	7
0.00019795671031309255	-20.489653928037153	1
0.00017977817091395046	-20.398768542940314	1
0.00019112535060596982	-20.455499877258674	1
0.0001756095459160345	-20.32397997222942	2
0.00016895219579273838	-20.233685971408327	2
0.00015666950408842716	-20.12647436449342	3
0.00010390563050850919	-19.50258958433323	15
0.00019455470373025373	-20.472645263501768	1
0.00011967349833414652	-19.6468947309762	2
0.00019153623626817927	-20.457554140300424	1
0.00019513039824921806	-20.475523504536724	1
0.00019551533019714095	-20.471267200923684	2
0.00019826842219766515	-20.49121236208109	1
0.0001986371462601108	-20.493055834082554	1
0.00019611323720343375	-20.480437303983468	1
0.00019171724110372658	-20.458459091673134	1
0.0001590541248405156	-20.032862627690843	2
0.00019397963903641823	-20.46977017133912	1
0.00011570285098709868	-19.64664105978289	13
0.0001713839146413183	-20.22246344254317	2
0.00011999798584869474	-19.6959199955603	5
0.00010131641130410173	-19.50408165714495	2
0.0001899128052318346	-20.405655896415375	4
0.00016003780526261787	-19.989167591616607	3
0.00017954341060260983	-19.538432479083966	2
0.0001836362862322368	-20.4180575676937	1
0.00015523209135804046	-20.011024160936444	2
0.0001983088918154103	-20.490636323880985	2
0.00015819774181106595	-20.20350339396329	3
0.00017219667355445776	-20.277141727621995	2
0.0001884801771315614	-20.42994239615144	2
0.00019381990292151308	-20.450446678883512	2
0.0001974005421255137	-20.486873310805105	1
0.00017663234944911987	-20.29275951045913	5
0.0001995338184317339	-20.497538834274934	1
0.00018880782431483637	-20.42073082772817	2
0.00016495816336475723	-20.163224691986958	3
0.0001985206408498996	-20.492473353893114	1
0.00013994108912245595	-19.934099548474173	7
0.00017427394464277377	-20.299254974261277	3
0.00019034395075231175	-20.45159319229048	1
0.0001988935318867736	-20.494337659090654	1
0.00019339762014641685	-20.18495831689612	2
0.0001377745245121049	-19.796980363877815	2
0.00019613569472049918	-20.480549582535776	1
0.00019124140816770185	-20.131643566069815	3
0.00015286296092268333	-20.071812954803313	4
0.00019942515826331246	-20.49699557713888	1
0.00013856352554107132	-19.826271494722103	2
0.00019896627284528306	-20.494701334624825	1
0.00019832774510498594	-20.49150895275642	1
0.00015687352865398547	-19.84825638447607	2
0.00018834862651291023	-20.441617373666702	1
0.00016242146765849892	-20.207875853214855	7
0.00019695332422551098	-20.484637401188195	1
0.0001918150791585773	-20.458948242594282	1
0.00015828944326020828	-19.966004171425215	3
0.00018001835671395308	-20.310810479413444	4
0.00016851191645401447	-20.260507443185055	6
0.00015167961760343052	-19.889787410288346	4
0.0001687655147291457	-20.244121510388897	2
0.00012745570440334994	-19.633989004620986	2
0.00017142706982325255	-20.22125087942155	11
0.00014349766028585645	-19.808542559394283	9
0.0001960127352443998	-20.479934834612898	1
0.00017443250712350275	-20.27970097419815	2
0.0001884269687917018	-20.399597921071948	3
0.00019993125117406536	-20.499525838128424	1
0.00019573730047933838	-20.47855777157488	1
0.00018221981775406196	-20.410975795044653	1
0.00019617981976651443	-20.469504336337227	2
0.00017366177788489612	-20.36818903797329	1
0.00019858242658634724	-20.492782257723462	1
0.0001766272579332382	-20.287049346929273	2
0.00019654181890126123	-20.482580040085484	1
0.0001785595879009458	-20.311541823582353	2
0.00019737862396902636	-20.486763728838742	1
