T	U	Steps
0.0003145343598294777	-18.688533738492406	16
0.0005914743078758634	-21.456983632459046	1
0.0005997810743871968	-21.498514123810168	1
0.0004030716174224099	-18.808892934421706	3
0.0003689311939445229	-18.830236632504302	44
0.0005994316316349869	-21.496767050604415	1
0.00038155032043236443	-19.158648773361648	15
0.00041528633800945133	-19.195395244537043	19
0.0003708852696512455	-18.51886358148905	14
0.0005645844582807752	-21.161640558159178	2
0.0005896737190185134	-21.4479814124177	1
0.00037365565408671575	-18.65084052958753	20
0.0005165012540405501	-20.695094608750768	3
0.0003092790186282356	-18.752866769855284	28
0.0003337746438409477	-18.839424885550624	14
0.0003553928220288345	-19.14820687584772	30
0.000575989547349118	-21.37956605821367	1
0.000592963682466113	-21.46442990634366	1
0.00034028889705428286	-18.864038788997675	36
0.0004910750257953056	-20.4528159506358	61
0.00035470536557208603	-18.56496333719022	31
0.00032618735054595167	-18.759283280909372	10
0.0003140009462725331	-18.62631041248426	45
0.00034585104564397156	-18.729608189451532	6
0.0003540156434408998	-18.622171621326228	7
0.0004038329808134886	-19.331102139506907	45
0.0005917254149357293	-21.45823906675634	1
0.00032741826258292416	-18.642554286762223	67
0.00038827213216047587	-19.560766546636984	17
0.0005892321822586025	-21.44577390621614	1
0.00046682317706713954	-19.651112900013207	26
0.00036851389947073157	-18.83467970662265	17
0.0003250881439524577	-18.663104669235995	38
0.00037425482024941567	-18.691072537194824	29
0.0003256183661151122	-18.80787679594102	54
0.0003599684126223838	-18.530922430898848	22
0.0003278779589797486	-18.849285552142124	27
0.0005977994703937138	-21.488606900897327	1
0.0005817920503139887	-21.40857623911482	1
0.0003144560126726026	-18.580964436575563	47
0.0003449802298024347	-18.623552448055968	3
0.0003895595626700342	-18.589674613181497	32
0.0005318112930438757	-20.86623308065472	48
0.00031167960057232964	-18.590329639168296	17
0.00035315893314667604	-18.745805003783303	18
0.00037687957128169284	-18.885613686793025	8
0.0005549410233938324	-21.122966636688346	27
0.000497105541145838	-20.10559539185473	17
0.00037697344519717303	-19.036866173507505	13
0.00037439627679534	-18.720912889597273	17
0.0005947397440832407	-21.46951033211503	2
0.0005906145373551707	-21.452685125678475	1
0.00037193957762971566	-19.015112541834537	17
0.00052770407934686	-20.823756604123446	8
0.0003351531019882489	-18.62381657093109	9
0.00043335605285500507	-18.696777519240115	26
0.0005617516961149928	-21.30838252889084	1
0.0004376282008212411	-19.360201485538855	73
0.000338564449402642	-18.875779077926563	20
0.0005974128419113193	-21.48667391399776	1
0.00032657422581588194	-18.612828832524876	12
0.00030528126211116195	-18.53837612273835	56
0.0003064658800586692	-18.57066460997312	12
0.000352859029388076	-18.716183008840556	25
0.000598108965222728	-21.49015425055523	1
0.0005970204299832801	-21.484712012196223	1
0.0003646344571224983	-18.92029731342414	7
0.0005592290497730075	-21.204584752875984	3
0.0003742095634990379	-19.000237336382853	19
0.0005870116488328885	-21.37120406014794	2
0.0005707338618600783	-21.353289744746935	1
0.0005238324346092558	-19.850011622107765	8
0.0006000639933002667	-21.499928604577896	1
0.00048605925675486997	-19.59266559422	18
0.0003582200776795506	-19.01789912770227	20
0.00039472998570727	-19.3930416361382	31
0.0003555235883407409	-18.838624991525673	64
0.00039184671620096323	-19.162526619225083	23
0.00033790711909368286	-18.872450266108803	30
0.0003853966878415375	-18.928398668867914	78
0.0003968203747660772	-19.345426513777387	13
0.0005846953112297605	-21.42309137592383	1
0.0003610424547795983	-18.57146238357598	20
0.000564984732709475	-21.32454641144873	1
0.0004963144063803708	-20.507588112922974	11
0.0005651166573518734	-21.178426961060197	5
0.0003032908926940206	-18.560696855757058	47
0.000402628125567949	-18.777712895119382	19
0.00037681979125657054	-19.231999410765628	44
0.0003452715064001883	-18.976320058345145	46
0.000589404303419698	-21.398375849241283	2
0.0003080704133475373	-18.56788705023569	30
0.0005825777854998709	-21.412504599000346	1
0.00031637402811602266	-18.51519214019394	35
0.0005247004776959722	-19.579938523275754	18
0.0005905646515602706	-21.452435716769386	1
0.0005957050187028304	-21.478135484887872	1
0.00031739515934646787	-18.52122744135712	18
0.00039430927273677465	-19.32619631467113	10
0.0003465745242180482	-18.752360015748902	16
0.0005901559023733945	-21.450392135244954	1
0.0005915557987706271	-21.45739105415503	1
0.0005978300297711603	-21.488759685492752	1
0.00033638016025416714	-18.710358887969658	23
0.0003207703870989527	-18.578512717285886	77
0.0003155479402202634	-18.63125332341116	166
0.00039618911173688583	-19.22530124921487	14
0.0005410237754226433	-20.97867010526965	46
0.0003724100479638623	-18.716677875882283	32
0.000583228138807625	-21.415756103949473	1
0.00033421456382521394	-18.76122566505051	6
0.000378656049158233	-19.163872224828612	6
0.00032657808469197707	-18.681493132399787	25
0.00035834888987319085	-18.618330202796038	76
0.00032201945041095576	-18.665819982562564	44
0.00034446501652042095	-18.6041403650327	27
0.0005087836134258993	-19.906832554064025	16
0.0005884310354762314	-21.44176849454713	1
0.00034347297991703146	-18.825475669280948	50
0.00031899922913118667	-18.526879744916283	28
0.0005886378776528441	-21.44280262223269	1
0.00044401026217837325	-18.90559019977924	25
0.0005714451141469403	-21.356845720096388	1
0.0005947579908108792	-21.473400726348277	1
0.0005977605871057855	-21.488412500097592	1
0.0004407932086131148	-20.159465669169048	6
0.0003589965379247805	-18.660522403600247	41
0.0003102052432564703	-18.674826711161224	22
0.0005850941097680995	-21.425085208207996	1
0.0004316545873966043	-19.853056841436363	8
0.00044218226263163205	-19.439976720242083	8
0.0005860260350999622	-21.429744460021805	1
0.0003940055304135053	-18.723906120304797	32
0.00035568731697430925	-19.07586802896973	28
0.00033547334093076943	-18.909065517491722	42
0.000568642568360996	-21.122934008985258	14
0.0005921076190762158	-21.460149933725962	1
0.0005750303266546378	-21.374770340565703	1
0.0004976927044373342	-20.096952424703183	48
0.0003849837024329127	-19.034150473018073	15
0.0005930646918846962	-21.4546648121279	2
0.0005993068682323492	-21.496143283774433	1
0.0003557083869437688	-19.046441344259335	32
0.0005307568491494993	-21.03476572264093	5
0.0003265036437547685	-18.57487288582117	37
0.0004971462776905333	-20.55781785101602	10
0.0005904535012408895	-21.41505343060413	2
0.0003839578184037609	-18.878124917774418	13
0.000323153541701691	-18.72127384163996	19
0.00034236495893179167	-18.63798521262673	49
0.0003844421211863881	-19.259566068125295	75
0.0005873401076385072	-21.393035221389987	3
0.00046106348753898515	-18.77500448029035	6
0.00042946015776961296	-18.6371661440692	41
0.00039304353082324954	-18.985731582703615	44
0.0005960415161182853	-21.47981783661681	1
0.0002971809191425932	-18.538966997637445	31
0.0003767540740420046	-19.2109668554061	10
0.0003349059185207961	-18.60848349606029	16
0.00034211320452768776	-18.699228701445627	14
0.00046734659599890414	-19.79814035565825	54
0.0005805687840333001	-21.402460399742072	1
0.00033736240258079445	-18.733262043134555	8
0.0003398975753864571	-18.57596034837644	135
0.0003601545548449634	-18.768134558076806	35
0.0003922302321508318	-18.95598670662691	28
0.0003225800790195121	-18.727318741840197	22
0.0003163871759296014	-18.65514970702477	25
0.00034321702937553276	-18.82979165840332	82
0.0005688787710447334	-21.251704533672086	4
0.00034691757828931625	-18.631825645809837	11
0.00040043972722501354	-19.20668611524461	17
0.0005985584500681455	-21.49240149398739	1
0.0005927792925099675	-21.463508030729546	1
0.0005991099470830787	-21.495158757235078	1
0.00041421657614523056	-19.366960858906616	78
0.00035059032177676627	-18.739118366477708	11
0.0005955036547099333	-21.477128745917415	1
0.00034705901243365126	-18.561785869545215	26
0.0005882919164872521	-21.441072955559644	1
0.00038068956496122095	-19.08239931518784	30
0.00033176255896026147	-18.807016051177268	84
0.0005644455625820608	-21.321850777680428	1
0.0005737789791475216	-21.24215631352111	5
0.00033551269069617294	-18.848979829836217	16
0.00034852663181468926	-18.69401484392912	45
0.0003706143467082287	-18.914421145104026	102
0.0005961356393803244	-21.48028841506809	1
0.0005700550188880608	-21.264661073961232	106
0.0005763851155976509	-21.38062636380896	2
0.0003864111642024258	-18.781708957364323	9
0.0005923001958350414	-21.46111274006052	1
0.00031248813285044775	-18.628551561578725	23
0.00047430625477397337	-19.517633071514975	36
0.0003558851736621993	-18.717369550063083	22
0.0005876295340601381	-21.437761309852153	1
0.0003384772926458385	-18.83930734399108	39
0.0004346714156815306	-18.59990393954727	10
0.0005853701645111234	-21.363012579698225	2
0.0005690409427283645	-21.207803357571716	2
0.0003502634304177307	-18.505494570336026	17
0.0003714503873940701	-19.163857107563857	15
0.0003919090071117104	-19.02192830935085	8
0.0003042939993226718	-18.547340895791937	14
0.0004948939836568085	-20.59341978217524	4
0.0003146114286281419	-18.59206962962943	21
0.00035775938534619693	-18.8810958432939	35
0.0005540437161461869	-21.060067430915417	6
0.0003112019343031111	-18.646294749621116	48
0.0003144790958407849	-18.560802950333734	24
0.0005564391110796342	-21.07213808966895	2
0.00035326615350273513	-19.0734500402673	37
0.00043373209391833626	-19.845312116031756	33
0.0003477286464701059	-18.781535147614495	82
0.0003462147509165349	-18.690108761284538	17
0.0003035715100237366	-18.56565186678361	25
0.000402569828065074	-19.527377374137235	48
0.00044556132535203185	-18.898845580930235	55
0.0004655891924368669	-20.18324260506421	50
0.000597630725577292	-21.48776324468893	1
0.0005893592620325501	-21.446409253970966	1
0.0005689236682099402	-21.344239504604953	1
0.0005993490138968163	-21.496353995144645	1
0.00039971565480105396	-19.08435582371747	12
0.0003882570947083195	-19.392999852331606	34
0.0004593810274899874	-20.153340704798236	81
0.0005929183836703315	-21.454430643458505	2
0.00032055065278805946	-18.69937988695855	11
0.0003033335074227731	-18.513692693083577	68
0.0005662051892128014	-21.22973863579142	2
0.0005861046974406941	-21.43013774008535	1
0.0005975589841024413	-21.487404566171037	1
0.0005786204468065594	-21.39271949728215	1
0.0005967939414998307	-21.483579660878753	1
0.0005510892844758084	-21.010633088137464	3
0.0003096988311490409	-18.569936450121286	9
0.00044819466220286135	-18.554214716952284	17
0.0005369673056364888	-20.898699522152793	39
0.00059492732977684	-21.474247353065383	1
0.00048659880021355105	-20.070229425884214	12
0.0003191146502519038	-18.67252768520316	21
0.0005544396941811529	-21.07999681065609	14
0.0005960196169842034	-21.479708349754823	1
0.00036342430808656466	-19.098674275164523	35
0.00031126253879851863	-18.590849977661378	38
0.0005547250149801673	-21.08913476272561	14
0.00032671689778154144	-18.712877886564247	67
0.0005886807510692633	-21.412890080399603	2
0.0003394126115253291	-18.53147243973086	20
0.0003584676782900494	-19.093427340190633	25
0.0004837015177537768	-19.439375803606126	35
0.00042587145619416846	-18.918485999403025	17
0.0003563801434251875	-18.68128045465029	11
0.0003954095306191778	-19.461232840420575	23
0.0005826552276860158	-21.41289177878173	1
0.00035471403070613805	-18.7567646329764	43
0.000499657379288732	-18.962264650740714	23
0.00035420512780316146	-18.93480353018249	27
0.0004946029174696326	-20.453963618853837	12
0.00044879781469062634	-19.978444890610053	5
0.000580287915325245	-21.401056169174765	1
0.00037046859047603384	-18.57753836750817	129
0.0003201931570155518	-18.699008328230175	24
0.00030674102891097477	-18.534921493995036	10
0.0003773837383227329	-19.428100232151028	7
0.0005822927101824041	-21.411079337077993	1
0.00045158322638620175	-19.20623396370157	11
0.00034038685740013784	-18.673642618281526	24
0.0003341712806193185	-18.71241792055994	16
0.0003045974143630042	-18.535646655689998	34
0.0005863346721133313	-21.43128752094652	1
0.00045849364446282927	-19.977240400360518	10
0.0003161133955995125	-18.573794289911444	33
0.00032457420811860584	-18.622154211427308	62
0.0005945013284179816	-21.472117517620326	1
0.0003621386555788791	-18.612157163659965	18
0.00031800603216642547	-18.595382980481865	34
0.0003179727112835606	-18.62238816218659	16
0.0003743867126013564	-19.11887336257202	46
0.0005971126096531875	-21.48517287346861	1
0.00043071262282311093	-19.666023200956538	29
0.0005553647413597138	-21.067960246702683	8
0.0003060797917284395	-18.521992027855923	12
0.0005889189099026911	-21.444207670443177	1
0.00030831371500956105	-18.587197918170457	28
0.0005417490350551845	-20.429234031676444	46
0.0003833807166246212	-19.217349838683948	41
0.0005789252044248403	-21.39424316279182	1
0.0003299967274885874	-18.579451207785308	37
0.00048000637096813235	-18.64708904431793	14
0.00034528266277243213	-18.982964732524245	22
0.0003254455312060512	-18.6523935866135	53
0.0003458285427346767	-18.670167829852694	34
0.00036235898265859015	-18.830149658301703	20
0.0003944003954194947	-19.487735430064923	18
0.0003963711895828423	-19.32844832176182	4
0.00036820592436192194	-18.933568942133633	68
0.0005968378653558677	-21.483799262491576	1
0.0005854909990507396	-21.3572620729667	11
0.000580736764229812	-21.40330023315846	1
0.0003164410739951761	-18.691780607646773	21
0.0005958552322758018	-21.47888649233278	1
0.0003620577929776766	-18.804046704994004	79
0.0003295361138794405	-18.63681093075194	26
0.0003175383733511379	-18.73076497579553	15
0.0005987910609314077	-21.493564454741335	1
0.0005910414124855574	-21.454819329629718	1
0.0005404638319124502	-20.967212791925697	32
0.0005815329882075236	-21.40728103278426	1
0.0003516707239156405	-18.594192653932392	12
0.0005807920551511304	-20.98941096672977	29
0.00036494027650443053	-19.106441251774132	38
0.0005976007058657967	-21.487613158206194	1
0.00037446657529241375	-19.04350094181395	36
0.0005644652526024934	-21.32194921986273	1
0.0005020971747996655	-20.32058887939498	3
0.0005811940753057662	-20.06888040991141	30
0.0005442518622908397	-21.169952046992258	2
0.00030978923689396976	-18.612615872236134	13
0.00042736654061248136	-19.231114421794743	57
0.0005696619378738784	-21.235338980431404	4
0.00034251315380964944	-18.5900886762728	18
0.0003204365437746034	-18.536240975013527	26
0.00030539496515669476	-18.535910566949944	18
0.00036913623623351766	-19.058847862146493	22
0.0003165708447948746	-18.604651433277457	49
0.0005856642308535399	-21.381697434445172	3
0.0006000202753200966	-21.499710032261596	1
0.00043654616798715723	-18.87495130672036	15
0.0003403382844747524	-18.965342903289947	17
0.000585170592366852	-21.373677433434633	2
0.0003590898238867134	-18.980278622315616	46
0.0003648767132869619	-18.850878512980955	16
0.00041823172288280903	-19.656150484010187	59
0.00034760574502494583	-18.988648877663675	28
0.0003016541123398652	-18.500201549112482	20
0.0005821582217042194	-21.410406948781965	1
0.000582513408982143	-21.412182742305678	1
0.0004123571865043021	-19.31025053303207	28
0.0005822346979376748	-21.373196740764783	2
0.0003859854081052495	-18.853516608206004	10
0.0005718261693199634	-21.358750842690835	1
0.0005924263367854842	-21.427149316636804	2
0.00029777046976630045	-18.519522134407353	56
0.000599473854051885	-21.496978145705913	1
0.0005998287064403625	-21.498752264917098	1
0.0003161382334741328	-18.541507118617766	101
0.00034299650714949447	-18.72438086715066	93
0.0003225211721021255	-18.693785570448703	22
0.0005821804766376242	-21.359969198792275	3
0.0005782249812375056	-21.3907423285038	1
0.000594815552715293	-21.4736885127174	1
0.0003087826296060768	-18.62594411072389	12
0.00038877714021416144	-19.04795580854107	36
0.0005262850316745961	-20.862792844927082	48
0.00038002217751187433	-18.78755822210594	26
0.0005178009930986002	-20.721394734535284	80
0.00039727552692666023	-18.834104547020733	6
0.00035227558186289644	-19.040348758113172	31
0.0005187561323495229	-20.831665336844903	6
0.0005736133057628317	-21.070231980600596	24
0.0003203753439685163	-18.527552407422856	12
0.0005888273591058512	-21.443749953283174	1
0.00030392429001914717	-18.5254102374568	23
0.00033982820766273144	-18.578144609807623	78
0.00034412498174938964	-18.936882856040555	50
0.0003404633018371598	-18.637076543662083	3
0.0003162759598526124	-18.53474551710572	3
0.0003515423656451632	-18.99276834217473	138
0.0004097408881148023	-19.345680298715532	14
0.00031625999909179307	-18.66509005991675	9
0.0004902513922492495	-19.461425154450712	8
0.00031655497536275804	-18.612333426974075	12
0.000598780430078035	-21.493511304750488	1
0.0003455430504207971	-18.73423382151116	17
0.0003208604805375588	-18.6208429728665	10
0.00032058174913653504	-18.71843521414582	80
0.0003715463602976367	-19.022854905753306	18
0.0005996987116698389	-21.498102343351885	1
0.0003524513307129248	-18.89242526924941	8
0.0003160924548860615	-18.523319607680747	38
0.0005997873057262245	-21.49854527799889	1
0.0005968700854172094	-21.48396034983851	1
0.0002965093733554688	-18.524828411984203	21
0.00033866561436368437	-18.871575196457265	6
0.00031233007662969617	-18.70781583265464	20
0.0005002447712816591	-18.90582521736587	18
0.0005812989376904649	-21.4061108743404	1
0.000584056153769222	-21.419895845707508	1
0.0003335124025728731	-18.529873655554706	6
0.0005926952272579007	-21.463087738282525	1
0.00037389786483656357	-19.27647834605642	17
0.00033138164934786514	-18.704649429978165	81
0.00030226389339513764	-18.52714041944408	8
0.0002973776311047787	-18.59341318212146	15
0.00033532524542943657	-18.732415912986454	41
0.0005873896302023045	-21.436561887058787	1
0.00040627321323150506	-19.008711089936316	16
0.0005963085481426297	-21.467088419436937	2
0.0003608506150185827	-18.822682298130108	7
0.0005201024391488047	-20.7102950143157	7
0.0005898635118398247	-21.448930300184465	1
0.0005928817304961243	-21.46402017945701	1
0.0003661760855610087	-18.991850391874056	34
0.0004689099374933603	-20.26024310304502	21
0.0005834876912985474	-21.3427838953189	3
0.00044777234326558613	-19.127945111380836	6
0.00030270819030548627	-18.589763875717452	90
0.0005956760154434607	-21.477990480256917	1
0.0005992095526333018	-21.495656744922155	1
0.0005976922018687265	-21.488070601418684	1
0.0005646598821304365	-21.162017233171255	21
0.00044301121453857814	-19.692205339280182	60
0.0005935019090595026	-21.451734270866055	2
0.0004253778028266693	-18.803044960542113	22
0.0004059863434347444	-19.087446898663885	41
0.0004714250704727881	-18.840675007128613	19
0.00035045413932600835	-18.946748047652026	51
0.0005991256252935289	-21.495237141981132	1
0.00033211930591460357	-18.696652917096596	13
0.0005750946684746043	-21.30411073162171	21
0.0005315989401003965	-20.665239330384857	48
0.0005198359602629121	-20.88439397852789	25
0.0005977204816073978	-21.488211988737167	1
0.0005904255746348103	-21.41708484870832	10
0.0005836037348228403	-21.366244637734397	3
0.0003419495197883019	-18.816184561393897	190
0.00032617816211495915	-18.574366635512497	14
0.0005710435908300997	-21.354838265015694	1
0.0003073211155834424	-18.59780882421457	51
0.00030999798650927494	-18.548299084466134	15
0.00035647551958224797	-18.995387415985498	51
0.0005655287020532551	-21.17353967746403	4
0.0005910752184209702	-21.454988345709122	1
0.0004226079451803426	-19.420659258443827	9
0.0003224119230767644	-18.56363707468467	183
0.0003326493656807337	-18.67450699260498	32
0.00042671707481578303	-19.090691348281357	74
0.0003513613970344406	-18.533534313057274	68
0.0003098663072845273	-18.57658651382033	17
0.000588439554569311	-21.44181108658592	1
0.00033455764920554276	-18.66524970371052	2
0.000594014157664253	-21.4696818598049	1
0.000585180124322349	-21.42551524638187	1
0.0005954957710938917	-21.47708933100821	1
0.0003567530735291131	-19.090330161966385	4
0.0003484358609567096	-18.823718322323952	31
0.000366133128265227	-18.642881807455737	8
0.00035876413927140205	-18.984290178226807	46
0.0003244787018717647	-18.63048109428327	15
0.00031382550990996353	-18.671946667865225	83
0.00047561681747093924	-19.838112529649003	37
0.0005867171394299846	-21.433199703691116	1
0.0003143975759426622	-18.56969419762167	32
0.00032170055753697504	-18.71816935559827	19
0.0005924003904631076	-21.461613672899873	1
0.00044726840789158467	-18.554011652472923	22
0.0003577730753683341	-18.735882248711263	33
0.0003287550547876527	-18.80342740675552	93
0.00040997983520130773	-19.231824005057913	42
0.00032018992548002483	-18.68592242763474	14
0.0003988119059489258	-18.80063630449775	50
0.0003030783887101614	-18.5788685038653	32
0.000596128240524974	-21.480251423767356	1
0.0005988755701437481	-21.493986966811153	1
0.00033483766990191556	-18.910603663896737	13
0.0005733103570537375	-21.366171184379365	1
0.0005527575079879928	-21.263415205960904	1
0.0005927132322505117	-21.463177756003486	1
0.0004508173798896767	-19.518265601985554	52
0.0005802489159912926	-21.400861188191584	1
0.00040302341866794983	-19.40048633866428	18
0.0005844722195134964	-21.352757527003554	22
0.0005917148173218614	-21.45818608294965	1
0.0003694262873809958	-18.940466058493577	18
0.00042224015319196963	-19.324880665605967	19
0.0005991401457829581	-21.495309738587746	1
0.0003050888275910942	-18.583376228072353	37
0.0005064219863816015	-20.674853547752228	14
0.0005937793616157732	-21.457190624428232	2
0.0005875091414466202	-21.43715939520972	1
0.0005884109199252766	-21.441667924883372	1
0.00030844427738253155	-18.570294696766737	19
0.0003328963599090596	-18.71701649720522	27
0.0003210975347400321	-18.539597039503306	44
0.0004646021580887277	-19.672527661208882	9
0.0003519969073428688	-18.73235394861716	4
0.0003659205190890627	-18.924089071020777	22
0.0005891400338950268	-21.44531320146282	1
0.0005425908010341197	-18.861740822067247	8
0.0003249487215566837	-18.607127820397064	20
0.0004804316116079495	-19.972368151989883	28
0.0005977793871801781	-21.488506492907657	1
0.0005965168128334408	-21.48219412901543	1
0.0004786265007902673	-20.28372729166589	6
0.00035107506650246994	-18.667235656907472	9
0.00037796321188116446	-18.555557392922378	124
0.00032823483711957706	-18.73339322793334	17
0.0003156971192629296	-18.572839640247786	45
0.0003008730957158724	-18.588897117922016	51
0.0003667576900732816	-18.626488655932448	17
0.00034769232092084646	-18.65626710875418	6
0.0003623589283154363	-18.92066940456048	15
0.0003647418582356305	-18.80355541505009	24
0.0004884657991923816	-20.458822093693882	6
0.00034518458483198607	-18.827671263019482	6
0.0003638101642169804	-18.864061549408977	13
0.00036990876533384085	-18.565889021750664	10
0.000599488747227826	-21.49705260559518	1
0.0003713701995464706	-19.02892415715607	10
0.0005635472995546816	-21.15989670733037	31
0.00041180556815082213	-18.795946206724384	10
0.000463919606919544	-19.557272203368562	6
0.0005909904854583387	-21.45456471497785	1
0.0005191397798885528	-20.88843587925858	65
0.0004117118371627344	-19.437793551988793	6
0.0003380954955048694	-18.60844460506674	37
0.0003158421472667475	-18.734179953514687	46
0.0005501047446951082	-21.00726460511912	9
0.0003186941279623226	-18.506309748663753	27
0.00034270177364579255	-18.62113459279393	55
0.0005822881669915991	-21.411056622951364	1
0.000511422612510698	-19.782189575616076	10
0.00041589459710783414	-19.662616407785354	21
0.0003530794496884765	-18.919972117965777	26
0.00031085349418878005	-18.618286761321748	12
0.0003559313341749693	-18.91469607238323	16
0.0003762265417900325	-18.638430651326793	44
0.0006000623634371644	-21.49992045591796	1
0.0005930126486624243	-21.46467471762969	1
0.0005201724391478208	-20.082465472003072	6
0.0003583152626277941	-18.57307427753621	19
0.00041562616170457784	-19.43086280333155	4
0.00036133409108931095	-19.132634208560237	45
0.0005914668560836531	-21.456946376495306	1
0.0003495527599069759	-18.810423861300364	37
0.00035689080704232805	-18.876109742517574	71
0.0005999087615998472	-21.499152508514175	1
0.00034187970897506974	-18.543310623769358	17
0.0003935134788940695	-18.63607573474338	8
0.00046392906885379937	-19.07318774506001	16
0.0005923045799712732	-21.461134658978263	1
0.0004709170228963385	-19.226637320746256	18
0.00036247266611551764	-18.826579733652448	28
0.00036947238927627335	-18.659085707444376	15
0.0005936862600352004	-21.46804250354891	1
0.00040350707631506174	-19.23859699992746	28
0.0003233259418662187	-18.709498134113588	35
0.0004964799218384457	-20.471800348041235	4
0.0005955428515007467	-21.477324714105478	1
0.0005594985334503767	-21.165709573588625	17
0.0005934239500693372	-21.466731059227737	1
0.00042217076366099894	-19.149426795237975	10
0.0003299861958329443	-18.60701689860194	23
0.0003142035227145155	-18.59854782749086	11
0.00035356929936338215	-18.622416576378907	21
0.000584748566659808	-21.4233576316533	1
0.00031795032208442803	-18.68792601374533	42
0.0005969995237703658	-21.484607489540696	1
0.0004588915803744051	-19.112937981582107	20
0.0005727577884997329	-21.36340856386732	1
0.0003828280737625646	-18.983469868209117	27
0.0005909465858326528	-21.454345234507034	1
0.00039199265791277593	-19.64358642894036	14
0.00032583435564782537	-18.509221271903005	24
0.0004199036683985912	-19.29003099963372	57
0.0003146484475587467	-18.532782821183417	34
0.000561505233698332	-21.307150315941367	1
0.00041886928386214407	-19.73867249952704	46
0.00037028850576729613	-18.91313107943235	17
0.00034443687224903374	-18.773378317001548	28
0.0005618256022997501	-21.170234744816643	3
0.00031042632497260946	-18.562560202651525	16
0.00032543625654142647	-18.72578895477123	12
0.0005978916221084922	-21.489067622405315	1
0.0005990127485647014	-21.494672803739057	1
0.0003675715605819073	-18.795581320206466	93
0.0005975866708378459	-21.487542988711706	1
0.0003507428193954117	-19.002649546687444	40
0.0003905129476013985	-18.952481793678157	40
0.0005780240861157243	-21.285302825001096	5
0.0005946902103758676	-21.47306185143634	1
0.0005321053412780444	-20.993864496950877	37
0.00034041782491291703	-18.55253296698964	44
0.0005328251908137881	-20.684044004793993	41
0.0003644982667695098	-18.714494093805424	63
0.0005935021264499851	-21.43957869188986	2
0.0005990856929595582	-21.49503749637314	1
0.0005859171479135583	-21.429200067887148	1
0.0005792850679566058	-21.39604233570383	1
0.00031566449806494406	-18.674722391407972	4
0.0005969949130985261	-21.48458443803603	1
0.00033194325358784627	-18.74458211850822	28
0.00037375995309092935	-19.01110943873927	12
0.000598641780988887	-21.49281811507315	1
0.0005972502408906263	-21.48586097429681	1
0.0005987552030935005	-21.49338517997479	1
0.0005023445541531566	-20.591182414972245	15
0.0005957667805357668	-21.47844426921028	1
0.00035497695040826187	-18.781121974964663	17
0.0005230500437034357	-20.836953492291762	63
0.0002847408794262595	-18.52032451944638	21
0.0005895492474201925	-21.44735910449193	1
0.000419154985123006	-19.489979240073684	26
0.0003824038345686142	-19.29363481270706	6
0.00034928856254083456	-18.95363155584198	22
0.000516973357107583	-20.686121183150235	12
0.00034134597842874455	-18.909050625193032	14
0.00033303358638429783	-18.62732986178111	38
0.0003347013518716142	-18.758059940903944	43
0.00047007227391654633	-19.7699150190751	15
0.0005957321362124123	-21.47827106152839	1
0.0003092590338810293	-18.548411013935564	46
0.0005597843430982707	-21.29854655512968	1
0.000472696456400061	-19.107956354288124	7
0.0003530626092411909	-18.989239655358915	19
0.00034436752771700913	-18.84355525978487	64
0.00047776099685960114	-20.312667963545227	12
0.00031054936068249794	-18.62030782285306	13
0.00032566428049598097	-18.708571207750968	48
0.0005544535302969103	-21.12062513294771	10
0.000319923453082341	-18.662873886292797	35
0.0005709644082518536	-21.21645337026856	5
0.00032185050061973993	-18.73191798447255	76
0.0003589109834012725	-18.62001242830398	16
0.0003022828972005533	-18.523931497185554	30
0.0003177299747877347	-18.737243800141805	10
0.0005860918870062789	-21.430073693065975	1
0.0005105174153562957	-20.71801576104878	131
0.0005811321232794711	-21.405276869382686	1
0.00035275588443568225	-18.618035181654367	5
0.0005883929965694029	-21.44157831531326	1
0.0003939596757719714	-19.43031512205468	61
0.0004418038678331783	-19.59676790283716	63
0.00030596760084542445	-18.582468525989906	37
0.00038907199307789965	-19.406733255305582	10
0.0005831347689087891	-21.415289292011188	1
0.0005442494499721085	-21.2208783380519	1
0.00046379778099883023	-20.169214561953208	26
0.00032987039378515445	-18.71661168087688	9
0.0003194441700163525	-18.59946178740826	59
0.0003800207424621961	-19.299715295529737	33
0.0005609815351050508	-21.187770113688014	3
0.0005591612610825416	-21.07480924341549	11
0.0005959876518337445	-21.479548536859774	1
0.0005494853513519552	-21.003393175924543	35
0.0005986816771128007	-21.49301757964542	1
0.000329231261959577	-18.617357335627247	10
0.0005825942917091652	-21.412587123407576	1
0.0005541924747919561	-21.070821767297662	15
0.00031278665727934625	-18.696108100484246	39
0.000590777754712573	-21.453501146815064	1
0.0003337489448802952	-18.792400207405752	32
0.000580870078425478	-21.40396675051423	1
0.0005918306921260623	-21.45876541036268	1
0.00029918453492520664	-18.539257385748023	24
0.0003117959699124779	-18.558075382316527	10
0.0005788630363700865	-21.39393234752372	1
0.0003622312200183367	-18.67733810092075	42
0.0005790237912902308	-21.394736057464478	1
0.0005964757043827742	-21.481988603297022	1
0.00033860414244139353	-18.52990898192574	23
0.00033479820556473193	-18.96019150710952	53
0.00032464823807456313	-18.744630231187987	39
0.0003624903185047508	-18.93364753037484	11
0.000402478333015979	-18.9475461728553	46
0.0004216756535613368	-19.496820744714373	13
0.0004695355941740079	-20.200868877368045	30
0.0003745533759027951	-18.82812772954889	47
0.00048296992562003844	-19.8541584109358	6
0.00033971077810486294	-18.881950895282234	91
0.0005169634760608631	-20.704155974493744	2
0.0003872909392160448	-18.60719002080217	35
0.000429507328817481	-19.59357117227562	18
0.0003660590267862362	-18.787399238696786	36
0.0005601472547119107	-20.968516505157655	22
0.0003891360601570489	-19.33965762695569	28
0.0005273378779447286	-20.788123879174016	5
0.00029835279637416935	-18.51147414479895	68
0.000581594428052339	-21.407588207295575	1
0.0005766025857703417	-21.3826310037392	1
0.0004933706093316937	-20.451505026864243	28
0.0005949454833981329	-21.47433811386997	1
0.0003247703421070573	-18.77891286593316	56
0.0003370527721413221	-18.855341059099842	18
0.000505326375736146	-19.096148042005872	34
0.0005710384918836954	-21.354812772334608	1
0.0003485231387036825	-18.585039691753487	5
0.000558380140640473	-21.19693777771857	2
0.00031586892602635913	-18.594879080291516	12
0.0006000161449968663	-21.499689382306773	1
0.0005718113965982518	-21.358676985024264	1
0.00036703648844340167	-19.26093304661688	24
0.00035060600317843744	-18.959756421101044	8
0.0005939953747735261	-21.469587952906256	1
0.0005680612924606625	-21.339927972729352	1
0.00037546549464210176	-19.382870705417837	26
0.0005586734510238103	-20.675179756586356	13
0.0005727129527950727	-21.36318440337815	1
0.0003306982661035373	-18.715316004662498	9
0.00031360672502953735	-18.508334073040015	29
0.00031557147006748836	-18.539892394829934	49
0.0005039870132717351	-20.5835944329721	29
0.0004498118352348607	-19.406999751543708	16
0.0005957948935856581	-21.458817627632765	10
0.0005672473435695926	-21.190638740274107	15
0.00033743775023079784	-19.0740259813473	30
0.00031217262378228927	-18.59366831108393	45
0.0004069995177902762	-18.617430902354194	21
0.0005837722081330147	-21.363355786234973	50
0.0005735722831013673	-21.367480709263795	1
0.00039726305884284593	-18.85720428737363	79
0.000435018946296325	-19.46380857953462	6
0.00029905891193077514	-18.50153806548962	15
0.00035262288498805335	-19.142116670375202	17
0.000595267403700141	-21.475947585894982	1
0.000591657444446531	-21.457899241649915	1
0.0005334042835357207	-21.101034326533448	26
0.00053866149918104	-20.917100460236753	9
0.00037061947628214505	-18.894187392368867	29
0.0003311312737236289	-18.811915926842246	30
0.0005832327699946528	-21.415779258021825	1
0.0004031386233453278	-19.54149683663915	7
0.00035004844104070026	-18.93533893923792	22
0.00035390971136110713	-18.751102162248753	45
0.0004577578119733048	-19.93728543029361	14
0.00029685703833369297	-18.52636505123472	43
0.0005685041015126911	-21.34214183987975	1
0.0005592595811487076	-21.219986791657433	19
0.00033290313346272146	-18.572275682998242	7
0.00037521280202657215	-18.82943513305755	102
0.00030870127764157296	-18.528026857504873	22
0.00037102018285817864	-18.95216151274373	28
0.0004620509540753701	-20.122028503959637	39
0.00037405237490841344	-18.87438652960303	39
0.00039843603761794945	-18.78099607435278	30
0.0004580192344022507	-19.578941003752554	20
0.00046302498685717863	-19.454023639395878	7
0.00033360216649800447	-18.58684795012945	47
0.0005470163785213163	-21.234711867864647	1
0.00032406115903004906	-18.770357108125257	15
0.0005491358729278238	-21.13449344136452	3
0.0005899660575907385	-21.44944298769237	1
0.000592252331552909	-21.460873437902166	1
0.00031688456797872246	-18.502388129161236	26
0.0005862185948701568	-21.430707181420043	1
0.0005476492740676526	-21.014561439314715	7
0.000344042008932236	-18.784733178220982	75
0.000554873850591526	-21.27399606772849	1
0.0003933136915397244	-18.696757680076423	51
0.0003387602399079579	-18.805836181198902	38
0.0005003202390555287	-19.8104073720688	2
0.0003521756182746207	-18.794974130445727	83
0.00037597885704395106	-19.00426823309556	28
0.0005950020734001016	-21.47462104111779	1
0.0004118993722588975	-18.955211619898886	36
0.0003281785533277668	-18.737637136469292	31
0.00035411052446005366	-18.865456704579856	22
0.00029534627837410435	-18.542888289799325	22
0.00035843795781877744	-18.683554663610476	50
0.0005948695355705469	-21.473958405280307	1
0.0005997576402380746	-21.498396962490403	1
0.00041396962476020405	-18.506963274129603	13
0.000588559463495245	-21.442410582984987	1
0.0005990259217260057	-21.49473866424698	1
0.00037296796346517183	-18.529790309046682	11
0.0003404320711913701	-18.745873004569315	30
0.0005758722048247424	-21.378979392790118	1
0.000597286856999749	-21.486044040114436	1
0.0005521025307001865	-21.113051334369636	3
0.0005991873096398776	-21.495545538901766	1
0.0005892464107781138	-21.445845043090603	1
0.00037910610041417246	-19.27494902002175	8
0.0005954027824642743	-21.47662442526266	1
0.00043890074413870366	-18.634936926362275	49
0.0004036700560291008	-18.919259775976098	21
0.0005825679203944405	-21.407274712380115	2
0.00033874090797123804	-18.896521222167276	63
0.0003070404402457487	-18.62094196033618	23
0.0005884628417345652	-21.441927513045464	1
0.00035834916405532184	-18.98511926574596	8
0.0004889878747505867	-20.412920983903994	8
0.00031577878800312826	-18.56056799716999	43
0.00030759642807692654	-18.537191490772305	88
0.00031005837242535265	-18.506893950838283	27
0.0003223219992019575	-18.595611798243475	35
0.0003849498574148697	-18.905299022254454	38
0.0003458417336892064	-18.887947193813933	13
0.000448780975147872	-19.39919976720448	7
0.0005692842015865677	-21.217655042232913	50
0.0003192153006754913	-18.615830807218963	22
0.00046818744963929943	-19.934256687159717	11
0.0003156281715268401	-18.536998601745385	7
0.0005999529555320759	-21.49937346039933	1
0.0002988290400222546	-18.518902286476557	47
0.0005865092396039465	-21.43216028818384	1
0.000568586877936432	-21.251446951102775	3
0.00033030347523879634	-18.546126525188754	13
0.00037758653946107137	-18.922100971281015	34
0.00058152656829481	-21.407248935802954	1
0.00032818618726450626	-18.531826337381727	30
0.0005970806868213224	-21.48501327214951	1
0.0003539388580192361	-19.115874026139597	23
0.000597597432238194	-21.48759679138492	1
0.0004072800061895778	-18.544264935862312	11
0.0005718495501555203	-21.35886773746422	1
0.0003984595437914009	-19.540079618102467	31
0.0005971849592112093	-21.485534592157777	1
0.00032638134182062334	-18.567588896268017	33
0.0005900076618182398	-21.44965099209553	1
0.00030639007687494426	-18.650001929288347	52
0.0002999345360944536	-18.55510156514173	18
0.0005964090578093302	-21.481655397236853	1
0.0005998663316536811	-21.498940375849816	1
0.00037609779474990503	-19.28507202822122	17
0.0003688613148579388	-19.042043525558967	58
0.00046983309700257043	-20.20278957115667	40
0.0003259515535031896	-18.696080006442656	28
0.00035496036368705327	-18.80701390704256	15
0.0005718178147896622	-21.358709073399748	1
0.0005933516775741561	-21.466369725821778	1
0.0003214436407570989	-18.5602937775311	24
0.0005886399492271517	-21.442812979270986	1
0.0005279454537631557	-20.884163431411885	12
0.0003437860048878235	-18.780740718334087	21
0.0005698556861454697	-21.285870289291907	2
0.0003812124135168075	-19.136593787015848	35
0.00035366091966426103	-18.64702749360166	44
0.0005994008942336996	-21.49661337596139	1
0.0005938509330936893	-21.46886580260541	1
0.0005961414120645109	-21.480317276167092	1
0.0005965070368901308	-21.482145253231028	1
0.0003257991210384527	-18.60173806434332	71
0.0005803165434201959	-21.345841064768578	2
0.0005926472212353769	-21.46284772747922	1
0.0004035003412210214	-18.81479203637447	101
0.000551899502114977	-20.137488699991625	40
0.0004467937501596072	-18.675754623517882	72
0.0005908668291760603	-21.453946483304346	1
0.0005972857259445751	-21.486038385293508	1
0.0005999486668938055	-21.49935201893298	1
0.00029743559557947444	-18.510206909855043	23
0.0003334843916814806	-18.759465974110086	89
0.0005976257750750283	-21.48773849416884	1
0.0003997821631668901	-19.049336780396757	42
0.0003084754014950893	-18.642591945415447	23
0.0004312746415700653	-18.69811577266368	45
0.00044892212722368225	-19.012522601320462	28
0.0005955631916328417	-21.477426406584602	1
0.000388958933645586	-19.09410254549535	22
0.0005954359952271107	-21.47679047571777	1
0.0003060540427006004	-18.5409152043481	15
0.000498385552081303	-20.537525278434615	43
0.0005989952093066745	-20.7498999458075	3
0.00041009550295759346	-19.35452379087677	57
0.0005016711976615142	-20.76410495663161	30
0.00033492069109757885	-19.019000673945403	19
0.0005834744290879454	-21.33459791507843	18
0.0003401183690778935	-18.70570152861721	4
0.0005972536876152604	-21.485878206533616	1
0.000387010441177353	-18.952555430690268	25
0.0004314859743520354	-19.192930140277078	9
0.00048759480534130395	-19.325169233685152	4
0.0004094190784017798	-18.92454602363684	80
0.0003629261739799172	-18.87137296262267	20
0.0003216789057887864	-18.73421918438233	38
0.0003093579842044348	-18.60787402796839	27
0.00041174464825020706	-19.321275364923103	34
0.00039868325077287425	-18.734262474867926	16
0.0005146250281741373	-20.16169074072702	6
0.0003964445931836131	-19.39541630431239	8
0.0003645440704000608	-18.651031032162237	18
0.0003895365565932597	-19.173417452393018	99
0.0005644319627091299	-21.163728466535797	6
0.0005659038172127954	-21.329141464284753	1
0.0005737759783645758	-21.354061001213456	2
0.0003650884844310114	-18.60144526965147	75
0.00036314315068941284	-18.618919490803087	24
0.00032739264652180335	-18.61689943092018	64
0.0005929499364290326	-21.464361181687284	1
0.000587229683846006	-21.43576221961203	1
0.0003638427852321548	-18.59039063396713	13
0.0004446091940581604	-19.392449569764498	17
0.00037997249353420516	-19.213389426471526	18
0.00034364814396720713	-18.833559017065436	5
0.00035629286990614687	-19.01373222945074	10
0.0005719216498594936	-21.359228206983637	1
0.0005886372233809572	-21.442799351136422	1
0.0005981475781839578	-21.4903472998302	1
0.0005792371536920117	-21.39580278365327	1
0.0003367773819595028	-18.53794074904317	21
0.0005217378870601136	-20.50159348115426	47
0.000582224079123401	-21.41073620938824	1
0.00033510967736216174	-18.974572903817304	11
0.0003081157654042482	-18.65486048548315	59
0.000598693242444202	-21.49307540165054	1
0.0003279907766621367	-18.530019088283453	11
0.00033250441677048944	-18.623050737982712	7
0.0005812306874334891	-21.405769650507615	1
0.00030268177462982313	-18.559472078457386	15
0.0005813982056429161	-21.36388667827842	5
0.00039418737383719145	-18.903382433639315	52
0.0005949173803369689	-21.47419760986796	1
0.00033147552057287	-18.699970742345375	24
0.0005655885303954753	-21.240315808017318	3
0.0005965254962462254	-21.48223754258665	1
0.0005884647949910861	-21.441937278542415	1
0.0003678106471271072	-19.118468388870077	28
0.00034338656642424767	-18.613221555695578	44
0.0005918537109956089	-21.458880495451606	1
0.00035470166325080396	-18.94005652894519	20
0.0003935056239610848	-19.171616693234547	11
0.000318374329452501	-18.83792264635538	18
0.0005443457865045469	-20.95773899480919	3
0.0004159160553660221	-19.441713597380677	32
0.0004607808341428938	-20.213716018143558	44
0.00031031764944447124	-18.664483459102872	50
0.0003184641233254432	-18.6019535442931	37
0.00041153194342447204	-19.532845913750265	12
0.0003230757884703714	-18.57116142287938	50
0.0005747904940867688	-21.373571274193488	1
0.0003892013827609844	-19.27057072426404	47
0.0003457789565648792	-18.7514345929796	23
0.0005919354705882005	-21.45928926052865	1
0.0003526773367084386	-18.964084175231086	17
0.0004412918522159516	-19.846689430027922	19
0.000509696547298531	-20.593280197241352	15
0.0005666431451543983	-21.278505763342274	6
0.00034493700421162835	-18.78079185049538	74
0.0005960453150428015	-21.47983682971136	1
0.00033814441905858343	-18.93821914703034	56
0.0005959218278318742	-21.47921944332661	1
0.00039900649901050136	-19.088933858606723	44
0.0005879890510579235	-21.439558750233644	1
0.00033289455205478874	-18.76917835958148	7
0.0003573660837251665	-18.88190847877929	49
0.00032309606390787935	-18.590996946982145	10
0.0005850341771311123	-21.424785569129583	1
0.00034830546283414263	-18.73409726307342	26
0.0003226108386368801	-18.544167711745803	16
0.00059870611757559	-21.493139772128757	1
0.00041460137828478204	-19.19892032968269	12
0.0005952261377465719	-21.411710477443144	63
0.0005925295918841955	-21.462259628037014	1
0.00034808499469577895	-18.684329831478816	13
0.0003046182396661325	-18.511031232134666	13
0.00048041133181650974	-19.525479784270352	11
0.0005181778378262164	-20.762530528875217	12
0.0005937512965770964	-21.468367660098938	1
0.0005341040084277198	-20.84820985804582	6
0.0003833931325503062	-19.29112750021303	39
0.0004035310595608347	-18.795866916080676	49
0.0005901648361172105	-21.450436800370642	1
0.00048107966680880585	-20.44681207396054	60
0.00044579020474455437	-19.56764848788868	34
0.0005821840134828713	-21.410535897301074	1
0.0003824803852086924	-18.629361030407466	87
0.0005999657472968728	-21.49943741407812	1
0.0003570836667506755	-18.757607732442	36
0.0005423763530216636	-21.03054630962657	47
0.0005804945209794665	-21.328311011531287	2
0.0004797919869641189	-20.366935190559282	31
0.000581568559071964	-21.407458872798905	1
0.0005971927307376522	-21.485573446664073	1
0.00034059650378089626	-18.861125906902338	46
0.0005691927766960752	-21.072599500180697	9
0.0003771847246223862	-18.798832264371732	27
0.0003374501041642246	-18.750717732861993	13
0.00038694997454006007	-18.750263249337237	39
0.0005978804558734145	-21.489011795721286	1
0.00034148834939692506	-18.605554816111255	46
0.000553357497589603	-21.092109370318035	24
0.0005683390524303389	-21.184100537171233	3
0.0005901815734182653	-21.450520480143723	1
0.000584975713422074	-21.378398030403975	2
0.0005938865682783225	-21.46904396419514	1
0.0004192867891699362	-19.269689262386166	14
0.0005711612107148194	-19.69292638623926	37
0.0005849552533452704	-21.42439098194565	1
0.0004110003172498673	-19.405483488833248	61
0.0004364240566787624	-18.650065709051876	19
0.0005936978032895179	-21.46810021517749	1
0.000515518650819489	-19.50896268927405	49
0.0006000706254833186	-21.499961762825514	1
0.0005444020574070599	-20.985337173209683	10
0.0005973976187017673	-21.48659780407318	1
0.00039892252959549616	-19.10739258003491	19
0.0005998977842537947	-21.499097626199298	1
0.0005837597951014378	-21.418414171572035	1
0.0005918120974004037	-21.45867244421369	1
0.0003729497709798546	-18.866171117718558	10
0.0005956853636568368	-21.478037217563692	1
0.0003414541178290785	-18.54817737700922	4
0.0003877959427833992	-18.617009327992278	20
0.0003765608800134154	-19.2344179826487	11
0.00032369906915099455	-18.622232022350456	11
0.0005236712664763889	-20.744809517401066	5
0.000594554956468891	-21.472385636304224	1
0.0005151948721996837	-20.666427116482026	32
0.000402605932901804	-19.470453193173906	47
