T	U	Steps
2.843643818273534	-120	0
2.843643818273534	-120	0
2.843643818273534	-120	0
2.843643818273534	-120	0
2.843643818273534	-120	0
2.843643818273534	-120	0
2.843643818273534	-120	0
2.843643818273534	-120	0
2.843643818273534	-120	0
2.843643818273534	-120	0
2.843643818273534	-120	0
0.0002913064316151414	-19.956264986771597	1
2.843643818273534	-120	0
2.843643818273534	-120	0
2.843643818273534	-120	0
2.843643818273534	-120	0
2.843643818273534	-120	0
2.843643818273534	-120	0
2.843643818273534	-120	0
2.843643818273534	-120	0
2.843643818273534	-120	0
2.843643818273534	-120	0
2.843643818273534	-120	0
2.843643818273534	-120	0
2.843643818273534	-120	0
2.843643818273534	-120	0
2.843643818273534	-120	0
2.843643818273534	-120	0
2.843643818273534	-120	0
2.843643818273534	-120	0
2.843643818273534	-120	0
2.843643818273534	-120	0
2.843643818273534	-120	0
2.843643818273534	-120	0
2.843643818273534	-120	0
2.843643818273534	-120	0
2.843643818273534	-120	0
2.843643818273534	-120	0
2.843643818273534	-120	0
2.843643818273534	-120	0
2.843643818273534	-120	0
2.843643818273534	-120	0
2.843643818273534	-120	0
2.843643818273534	-120	0
2.843643818273534	-120	0
2.843643818273534	-120	0
2.843643818273534	-120	0
2.843643818273534	-120	0
7.460119011050301e-05	-18.87282594394166	1
2.843643818273534	-120	0
2.843643818273534	-120	0
2.843643818273534	-120	0
2.843643818273534	-120	0
0.0005197663572665687	-21.098472722284463	1
2.843643818273534	-120	0
0.00010305738226429862	-19.015095458862614	1
2.843643818273534	-120	0
2.843643818273534	-120	0
2.843643818273534	-120	0
2.843643818273534	-120	0
2.843643818273534	-120	0
2.843643818273534	-120	0
2.843643818273534	-120	0
2.843643818273534	-120	0
2.843643818273534	-120	0
2.843643818273534	-120	0
2.843643818273534	-120	0
2.843643818273534	-120	0
2.843643818273534	-120	0
2.843643818273534	-120	0
2.843643818273534	-120	0
2.843643818273534	-120	0
2.843643818273534	-120	0
2.843643818273534	-120	0
2.843643818273534	-120	0
2.843643818273534	-120	0
2.843643818273534	-120	0
2.843643818273534	-120	0
2.843643818273534	-120	0
2.843643818273534	-120	0
2.843643818273534	-120	0
2.843643818273534	-120	0
2.843643818273534	-120	0
2.843643818273534	-120	0
2.843643818273534	-120	0
2.843643818273534	-120	0
2.843643818273534	-120	0
2.843643818273534	-120	0
2.843643818273534	-120	0
0.00043779750331265156	-20.688661422598855	1
2.843643818273534	-120	0
2.843643818273534	-120	0
2.843643818273534	-120	0
2.843643818273534	-120	0
2.843643818273534	-120	0
2.843643818273534	-120	0
2.843643818273534	-120	0
2.843643818273534	-120	0
2.843643818273534	-120	0
2.843643818273534	-120	0
2.843643818273534	-120	0
2.1146378270604524e-05	-18.605573385709306	1
2.843643818273534	-120	0
2.843643818273534	-120	0
2.843643818273534	-120	0
2.843643818273534	-120	0
0.0002489148581351844	-19.74432417040608	1
2.843643818273534	-120	0
6.273243839495262e-05	-18.81348695929598	1
2.843643818273534	-120	0
2.843643818273534	-120	0
2.843643818273534	-120	0
2.843643818273534	-120	0
2.843643818273534	-120	0
2.843643818273534	-120	0
4.357785849913848e-06	-18.52163717643056	1
2.843643818273534	-120	0
2.843643818273534	-120	0
2.843643818273534	-120	0
2.843643818273534	-120	0
2.843643818273534	-120	0
2.843643818273534	-120	0
2.843643818273534	-120	0
2.843643818273534	-120	0
2.843643818273534	-120	0
2.843643818273534	-120	0
0.0003851567698845766	-20.425478928981327	1
2.843643818273534	-120	0
2.843643818273534	-120	0
2.843643818273534	-120	0
2.843643818273534	-120	0
2.843643818273534	-120	0
2.843643818273534	-120	0
2.843643818273534	-120	0
2.843643818273534	-120	0
2.843643818273534	-120	0
2.843643818273534	-120	0
2.843643818273534	-120	0
2.843643818273534	-120	0
2.843643818273534	-120	0
2.843643818273534	-120	0
2.843643818273534	-120	0
2.843643818273534	-120	0
2.843643818273534	-120	0
2.843643818273534	-120	0
2.843643818273534	-120	0
2.843643818273534	-120	0
2.843643818273534	-120	0
2.843643818273534	-120	0
2.843643818273534	-120	0
2.843643818273534	-120	0
2.843643818273534	-120	0
2.843643818273534	-120	0
2.843643818273534	-120	0
2.843643818273534	-120	0
2.843643818273534	-120	0
2.843643818273534	-120	0
2.843643818273534	-120	0
2.843643818273534	-120	0
2.843643818273534	-120	0
2.843643818273534	-120	0
2.843643818273534	-120	0
2.843643818273534	-120	0
2.843643818273534	-120	0
2.843643818273534	-120	0
2.843643818273534	-120	0
2.843643818273534	-120	0
2.843643818273534	-120	0
2.843643818273534	-120	0
2.843643818273534	-120	0
2.843643818273534	-120	0
2.843643818273534	-120	0
0.0005355733473898271	-21.17750131490297	1
2.843643818273534	-120	0
2.843643818273534	-120	0
2.843643818273534	-120	0
2.843643818273534	-120	0
2.843643818273534	-120	0
2.843643818273534	-120	0
2.843643818273534	-120	0
2.843643818273534	-120	0
2.843643818273534	-120	0
2.843643818273534	-120	0
2.843643818273534	-120	0
2.843643818273534	-120	0
2.843643818273534	-120	0
2.843643818273534	-120	0
2.843643818273534	-120	0
2.843643818273534	-120	0
2.843643818273534	-120	0
2.843643818273534	-120	0
2.843643818273534	-120	0
0.0001320322440889246	-19.159958113514787	1
2.843643818273534	-120	0
2.843643818273534	-120	0
2.843643818273534	-120	0
2.843643818273534	-120	0
2.843643818273534	-120	0
2.843643818273534	-120	0
2.843643818273534	-120	0
2.843643818273534	-120	0
2.843643818273534	-120	0
2.843643818273534	-120	0
2.843643818273534	-120	0
2.843643818273534	-120	0
2.843643818273534	-120	0
2.843643818273534	-120	0
2.843643818273534	-120	0
2.843643818273534	-120	0
2.843643818273534	-120	0
2.843643818273534	-120	0
2.843643818273534	-120	0
2.843643818273534	-120	0
2.843643818273534	-120	0
2.843643818273534	-120	0
2.843643818273534	-120	0
2.843643818273534	-120	0
2.843643818273534	-120	0
2.843643818273534	-120	0
2.843643818273534	-120	0
2.843643818273534	-120	0
2.843643818273534	-120	0
2.843643818273534	-120	0
2.843643818273534	-120	0
2.843643818273534	-120	0
2.843643818273534	-120	0
2.843643818273534	-120	0
2.843643818273534	-120	0
2.843643818273534	-120	0
2.843643818273534	-120	0
2.843643818273534	-120	0
2.843643818273534	-120	0
2.843643818273534	-120	0
2.843643818273534	-120	0
2.843643818273534	-120	0
2.843643818273534	-120	0
2.843643818273534	-120	0
2.843643818273534	-120	0
2.843643818273534	-120	0
2.843643818273534	-120	0
2.843643818273534	-120	0
2.843643818273534	-120	0
2.843643818273534	-120	0
2.843643818273534	-120	0
2.843643818273534	-120	0
2.843643818273534	-120	0
2.843643818273534	-120	0
2.843643818273534	-120	0
2.843643818273534	-120	0
2.843643818273534	-120	0
2.843643818273534	-120	0
2.843643818273534	-120	0
2.843643818273534	-120	0
2.843643818273534	-120	0
2.843643818273534	-120	0
2.843643818273534	-120	0
2.843643818273534	-120	0
2.843643818273534	-120	0
2.843643818273534	-120	0
2.843643818273534	-120	0
2.843643818273534	-120	0
2.843643818273534	-120	0
2.843643818273534	-120	0
2.843643818273534	-120	0
2.843643818273534	-120	0
2.843643818273534	-120	0
2.843643818273534	-120	0
2.843643818273534	-120	0
2.843643818273534	-120	0
2.843643818273534	-120	0
0.00026098334586736714	-19.80466175479571	1
2.843643818273534	-120	0
2.843643818273534	-120	0
2.843643818273534	-120	0
2.843643818273534	-120	0
2.843643818273534	-120	0
2.843643818273534	-120	0
2.843643818273534	-120	0
2.843643818273534	-120	0
0.0003890066983593195	-20.444727022809968	1
2.843643818273534	-120	0
2.843643818273534	-120	0
2.843643818273534	-120	0
2.843643818273534	-120	0
2.843643818273534	-120	0
2.843643818273534	-120	0
2.843643818273534	-120	0
2.843643818273534	-120	0
2.843643818273534	-120	0
2.843643818273534	-120	0
2.843643818273534	-120	0
2.843643818273534	-120	0
2.843643818273534	-120	0
2.843643818273534	-120	0
2.843643818273534	-120	0
2.843643818273534	-120	0
2.843643818273534	-120	0
2.843643818273534	-120	0
2.843643818273534	-120	0
0.0003070861325189041	-20.03515714426909	1
2.843643818273534	-120	0
2.843643818273534	-120	0
2.843643818273534	-120	0
2.843643818273534	-120	0
2.843643818273534	-120	0
2.843643818273534	-120	0
2.843643818273534	-120	0
2.843643818273534	-120	0
2.843643818273534	-120	0
2.843643818273534	-120	0
2.843643818273534	-120	0
2.843643818273534	-120	0
2.843643818273534	-120	0
2.843643818273534	-120	0
2.843643818273534	-120	0
2.843643818273534	-120	0
2.843643818273534	-120	0
2.843643818273534	-120	0
0.0005239774690254853	-21.11952658725631	1
2.3568058251957618e-05	-18.617680811551065	1
2.843643818273534	-120	0
2.843643818273534	-120	0
2.843643818273534	-120	0
2.843643818273534	-120	0
2.843643818273534	-120	0
2.843643818273534	-120	0
2.843643818273534	-120	0
2.843643818273534	-120	0
2.843643818273534	-120	0
2.843643818273534	-120	0
2.843643818273534	-120	0
2.843643818273534	-120	0
2.843643818273534	-120	0
2.843643818273534	-120	0
2.843643818273534	-120	0
2.843643818273534	-120	0
2.843643818273534	-120	0
2.843643818273534	-120	0
2.843643818273534	-120	0
2.843643818273534	-120	0
2.843643818273534	-120	0
2.843643818273534	-120	0
2.843643818273534	-120	0
2.843643818273534	-120	0
2.843643818273534	-120	0
2.843643818273534	-120	0
2.843643818273534	-120	0
2.843643818273534	-120	0
2.843643818273534	-120	0
2.843643818273534	-120	0
6.807429478032295e-05	-18.84019409258411	1
2.843643818273534	-120	0
2.843643818273534	-120	0
2.843643818273534	-120	0
2.843643818273534	-120	0
2.843643818273534	-120	0
2.843643818273534	-120	0
2.843643818273534	-120	0
2.843643818273534	-120	0
2.843643818273534	-120	0
2.843643818273534	-120	0
2.843643818273534	-120	0
2.843643818273534	-120	0
2.843643818273534	-120	0
2.843643818273534	-120	0
2.843643818273534	-120	0
2.843643818273534	-120	0
2.843643818273534	-120	0
2.843643818273534	-120	0
0.00010564660514900813	-19.02804053183088	1
2.843643818273534	-120	0
2.843643818273534	-120	0
2.843643818273534	-120	0
2.843643818273534	-120	0
2.843643818273534	-120	0
2.843643818273534	-120	0
2.843643818273534	-120	0
2.843643818273534	-120	0
2.843643818273534	-120	0
2.843643818273534	-120	0
2.843643818273534	-120	0
2.843643818273534	-120	0
2.843643818273534	-120	0
2.843643818273534	-120	0
2.843643818273534	-120	0
2.843643818273534	-120	0
2.843643818273534	-120	0
2.843643818273534	-120	0
2.843643818273534	-120	0
2.843643818273534	-120	0
2.843643818273534	-120	0
0.0004456242664368276	-20.7277920900845	1
2.843643818273534	-120	0
2.843643818273534	-120	0
2.843643818273534	-120	0
2.843643818273534	-120	0
2.843643818273534	-120	0
2.843643818273534	-120	0
0.0004271442227027345	-20.63539930458608	1
2.843643818273534	-120	0
2.843643818273534	-120	0
2.843643818273534	-120	0
2.843643818273534	-120	0
2.843643818273534	-120	0
2.843643818273534	-120	0
2.843643818273534	-120	0
2.843643818273534	-120	0
2.843643818273534	-120	0
2.843643818273534	-120	0
2.843643818273534	-120	0
0.000249057883489191	-19.745039239647458	1
0.000134855673117874	-19.174074123000224	1
2.843643818273534	-120	0
2.843643818273534	-120	0
2.843643818273534	-120	0
2.843643818273534	-120	0
2.843643818273534	-120	0
2.843643818273534	-120	0
2.843643818273534	-120	0
2.843643818273534	-120	0
2.843643818273534	-120	0
2.843643818273534	-120	0
2.843643818273534	-120	0
2.843643818273534	-120	0
2.843643818273534	-120	0
2.843643818273534	-120	0
2.843643818273534	-120	0
2.843643818273534	-120	0
2.843643818273534	-120	0
2.843643818273534	-120	0
2.843643818273534	-120	0
2.843643818273534	-120	0
2.843643818273534	-120	0
2.843643818273534	-120	0
2.843643818273534	-120	0
2.843643818273534	-120	0
2.843643818273534	-120	0
2.843643818273534	-120	0
2.843643818273534	-120	0
2.843643818273534	-120	0
2.843643818273534	-120	0
2.843643818273534	-120	0
2.843643818273534	-120	0
2.843643818273534	-120	0
2.843643818273534	-120	0
2.843643818273534	-120	0
2.843643818273534	-120	0
2.843643818273534	-120	0
2.843643818273534	-120	0
2.843643818273534	-120	0
2.843643818273534	-120	0
2.843643818273534	-120	0
2.843643818273534	-120	0
2.843643818273534	-120	0
2.843643818273534	-120	0
2.843643818273534	-120	0
2.843643818273534	-120	0
2.843643818273534	-120	0
2.843643818273534	-120	0
2.843643818273534	-120	0
2.843643818273534	-120	0
2.843643818273534	-120	0
2.843643818273534	-120	0
2.843643818273534	-120	0
2.843643818273534	-120	0
2.843643818273534	-120	0
2.843643818273534	-120	0
0.0005307089067414907	-21.153181068270523	1
2.843643818273534	-120	0
2.843643818273534	-120	0
2.843643818273534	-120	0
2.843643818273534	-120	0
2.843643818273534	-120	0
0.000563983853242232	-21.31954241669323	1
2.843643818273534	-120	0
2.843643818273534	-120	0
2.843643818273534	-120	0
2.843643818273534	-120	0
2.843643818273534	-120	0
2.843643818273534	-120	0
2.843643818273534	-120	0
2.843643818273534	-120	0
2.843643818273534	-120	0
2.843643818273534	-120	0
2.843643818273534	-120	0
2.843643818273534	-120	0
2.843643818273534	-120	0
2.843643818273534	-120	0
2.843643818273534	-120	0
2.843643818273534	-120	0
2.843643818273534	-120	0
2.843643818273534	-120	0
2.843643818273534	-120	0
2.843643818273534	-120	0
0.0001350313263241613	-19.1749523183792	1
2.843643818273534	-120	0
2.843643818273534	-120	0
2.843643818273534	-120	0
2.843643818273534	-120	0
2.843643818273534	-120	0
2.843643818273534	-120	0
2.843643818273534	-120	0
2.843643818273534	-120	0
2.843643818273534	-120	0
2.843643818273534	-120	0
1.9580617660117784e-05	-18.597745212448025	1
2.843643818273534	-120	0
2.843643818273534	-120	0
2.843643818273534	-120	0
2.843643818273534	-120	0
2.843643818273534	-120	0
0.00042248924513810617	-20.61212628912047	1
2.843643818273534	-120	0
2.843643818273534	-120	0
2.843643818273534	-120	0
2.843643818273534	-120	0
2.843643818273534	-120	0
2.843643818273534	-120	0
2.843643818273534	-120	0
2.843643818273534	-120	0
2.843643818273534	-120	0
2.843643818273534	-120	0
2.843643818273534	-120	0
2.843643818273534	-120	0
2.843643818273534	-120	0
2.843643818273534	-120	0
2.843643818273534	-120	0
2.843643818273534	-120	0
2.843643818273534	-120	0
2.843643818273534	-120	0
2.843643818273534	-120	0
2.843643818273534	-120	0
2.843643818273534	-120	0
2.843643818273534	-120	0
2.843643818273534	-120	0
2.843643818273534	-120	0
2.843643818273534	-120	0
2.843643818273534	-120	0
2.843643818273534	-120	0
2.843643818273534	-120	0
2.843643818273534	-120	0
2.843643818273534	-120	0
2.843643818273534	-120	0
2.843643818273534	-120	0
2.843643818273534	-120	0
2.843643818273534	-120	0
2.843643818273534	-120	0
2.843643818273534	-120	0
2.843643818273534	-120	0
2.843643818273534	-120	0
2.843643818273534	-120	0
2.843643818273534	-120	0
2.843643818273534	-120	0
2.843643818273534	-120	0
2.843643818273534	-120	0
2.843643818273534	-120	0
2.843643818273534	-120	0
2.843643818273534	-120	0
2.843643818273534	-120	0
2.843643818273534	-120	0
2.843643818273534	-120	0
2.843643818273534	-120	0
2.843643818273534	-120	0
2.843643818273534	-120	0
0.0001414581372882196	-19.207083788162777	1
2.843643818273534	-120	0
2.843643818273534	-120	0
2.843643818273534	-120	0
2.843643818273534	-120	0
2.843643818273534	-120	0
2.843643818273534	-120	0
2.843643818273534	-120	0
2.843643818273534	-120	0
2.843643818273534	-120	0
2.843643818273534	-120	0
2.843643818273534	-120	0
2.843643818273534	-120	0
2.843643818273534	-120	0
2.843643818273534	-120	0
2.843643818273534	-120	0
2.843643818273534	-120	0
2.843643818273534	-120	0
2.843643818273534	-120	0
2.843643818273534	-120	0
2.843643818273534	-120	0
2.843643818273534	-120	0
2.843643818273534	-120	0
0.00040766030990577027	-20.537987577556517	1
2.843643818273534	-120	0
2.843643818273534	-120	0
0.0005357746396271129	-21.17850769512423	1
0.0005393301808393822	-21.196283971051002	1
2.843643818273534	-120	0
2.843643818273534	-120	0
2.843643818273534	-120	0
2.843643818273534	-120	0
2.843643818273534	-120	0
2.843643818273534	-120	0
0.0005868243234273759	-21.433735580565777	1
2.843643818273534	-120	0
2.843643818273534	-120	0
2.843643818273534	-120	0
0.0004954052988066751	-20.97667722865979	1
2.843643818273534	-120	0
2.843643818273534	-120	0
2.843643818273534	-120	0
2.843643818273534	-120	0
2.843643818273534	-120	0
2.843643818273534	-120	0
0.00020739014655042496	-19.536717314841315	1
2.843643818273534	-120	0
2.843643818273534	-120	0
2.843643818273534	-120	0
2.843643818273534	-120	0
2.843643818273534	-120	0
2.843643818273534	-120	0
2.843643818273534	-120	0
2.843643818273534	-120	0
2.843643818273534	-120	0
2.843643818273534	-120	0
2.843643818273534	-120	0
2.843643818273534	-120	0
2.843643818273534	-120	0
2.843643818273534	-120	0
2.843643818273534	-120	0
2.843643818273534	-120	0
2.843643818273534	-120	0
2.843643818273534	-120	0
2.843643818273534	-120	0
2.843643818273534	-120	0
2.843643818273534	-120	0
2.843643818273534	-120	0
2.843643818273534	-120	0
0.00026714398152723353	-19.83546245512121	1
2.843643818273534	-120	0
2.843643818273534	-120	0
2.843643818273534	-120	0
2.843643818273534	-120	0
2.843643818273534	-120	0
2.843643818273534	-120	0
2.843643818273534	-120	0
2.843643818273534	-120	0
2.843643818273534	-120	0
2.843643818273534	-120	0
2.843643818273534	-120	0
0.00046362046712256365	-20.81776585495586	1
2.843643818273534	-120	0
2.843643818273534	-120	0
2.843643818273534	-120	0
2.843643818273534	-120	0
2.843643818273534	-120	0
2.843643818273534	-120	0
2.843643818273534	-120	0
2.843643818273534	-120	0
2.843643818273534	-120	0
2.843643818273534	-120	0
2.843643818273534	-120	0
2.843643818273534	-120	0
2.843643818273534	-120	0
2.843643818273534	-120	0
2.843643818273534	-120	0
2.843643818273534	-120	0
0.000592213175000591	-21.460677670890398	1
2.843643818273534	-120	0
2.843643818273534	-120	0
0.00042908357937606944	-20.64509530789119	1
2.843643818273534	-120	0
2.843643818273534	-120	0
0.0005392833391597596	-21.196049781493873	1
2.843643818273534	-120	0
2.843643818273534	-120	0
2.843643818273534	-120	0
2.843643818273534	-120	0
2.843643818273534	-120	0
2.843643818273534	-120	0
2.843643818273534	-120	0
0.0001807987469695547	-19.403771012715115	1
2.843643818273534	-120	0
2.843643818273534	-120	0
2.843643818273534	-120	0
2.843643818273534	-120	0
2.843643818273534	-120	0
2.843643818273534	-120	0
2.843643818273534	-120	0
2.843643818273534	-120	0
0.0005953528411892706	-21.47637473897537	1
2.843643818273534	-120	0
0.0005744791529774582	-21.372014693876725	1
2.843643818273534	-120	0
2.843643818273534	-120	0
2.843643818273534	-120	0
2.843643818273534	-120	0
2.843643818273534	-120	0
2.843643818273534	-120	0
2.843643818273534	-120	0
2.843643818273534	-120	0
2.843643818273534	-120	0
2.843643818273534	-120	0
2.843643818273534	-120	0
2.843643818273534	-120	0
2.843643818273534	-120	0
2.843643818273534	-120	0
2.843643818273534	-120	0
2.843643818273534	-120	0
2.843643818273534	-120	0
2.843643818273534	-120	0
2.843643818273534	-120	0
2.843643818273534	-120	0
2.843643818273534	-120	0
2.843643818273534	-120	0
2.843643818273534	-120	0
2.843643818273534	-120	0
0.00040682378849427525	-20.533805306970518	1
2.843643818273534	-120	0
2.843643818273534	-120	0
2.843643818273534	-120	0
2.843643818273534	-120	0
2.843643818273534	-120	0
2.843643818273534	-120	0
2.843643818273534	-120	0
2.843643818273534	-120	0
2.843643818273534	-120	0
2.843643818273534	-120	0
0.0005514204507559383	-21.256730457601112	1
2.843643818273534	-120	0
2.843643818273534	-120	0
2.843643818273534	-120	0
2.843643818273534	-120	0
2.843643818273534	-120	0
2.843643818273534	-120	0
2.843643818273534	-120	0
2.843643818273534	-120	0
2.843643818273534	-120	0
2.843643818273534	-120	0
0.0005135013858712863	-21.067150385248528	1
2.843643818273534	-120	0
2.843643818273534	-120	0
2.843643818273534	-120	0
2.843643818273534	-120	0
2.843643818273534	-120	0
2.843643818273534	-120	0
2.843643818273534	-120	0
2.843643818273534	-120	0
2.843643818273534	-120	0
2.843643818273534	-120	0
1.626654256749106e-05	-18.58117616999528	1
2.843643818273534	-120	0
2.843643818273534	-120	0
2.843643818273534	-120	0
2.843643818273534	-120	0
0.0005422938250443068	-21.211101000017987	1
2.843643818273534	-120	0
2.843643818273534	-120	0
2.843643818273534	-120	0
2.843643818273534	-120	0
2.843643818273534	-120	0
2.843643818273534	-120	0
2.843643818273534	-120	0
2.843643818273534	-120	0
2.843643818273534	-120	0
2.843643818273534	-120	0
2.843643818273534	-120	0
2.843643818273534	-120	0
2.843643818273534	-120	0
2.843643818273534	-120	0
2.843643818273534	-120	0
2.843643818273534	-120	0
2.843643818273534	-120	0
2.843643818273534	-120	0
2.843643818273534	-120	0
2.843643818273534	-120	0
6.750066379042242e-05	-18.837326168364463	1
2.843643818273534	-120	0
2.843643818273534	-120	0
2.843643818273534	-120	0
2.843643818273534	-120	0
2.843643818273534	-120	0
2.843643818273534	-120	0
2.843643818273534	-120	0
2.843643818273534	-120	0
2.843643818273534	-120	0
2.843643818273534	-120	0
2.843643818273534	-120	0
2.843643818273534	-120	0
2.843643818273534	-120	0
6.267089407039966e-05	-18.813179262428	1
2.843643818273534	-120	0
2.843643818273534	-120	0
2.843643818273534	-120	0
2.843643818273534	-120	0
2.843643818273534	-120	0
2.843643818273534	-120	0
2.843643818273534	-120	0
2.843643818273534	-120	0
0.00041649843189975414	-20.582174632595386	1
2.843643818273534	-120	0
2.843643818273534	-120	0
2.843643818273534	-120	0
2.843643818273534	-120	0
2.843643818273534	-120	0
2.843643818273534	-120	0
2.843643818273534	-120	0
2.843643818273534	-120	0
2.843643818273534	-120	0
2.843643818273534	-120	0
2.843643818273534	-120	0
2.843643818273534	-120	0
0.0004171959868136588	-20.585662126589508	1
2.843643818273534	-120	0
2.843643818273534	-120	0
2.843643818273534	-120	0
2.843643818273534	-120	0
0.00015405063550838217	-19.270041214221152	1
2.843643818273534	-120	0
2.843643818273534	-120	0
2.843643818273534	-120	0
2.843643818273534	-120	0
2.843643818273534	-120	0
2.843643818273534	-120	0
2.843643818273534	-120	0
2.843643818273534	-120	0
2.843643818273534	-120	0
2.843643818273534	-120	0
2.843643818273534	-120	0
0.00044254477223510107	-20.712395857731497	1
2.843643818273534	-120	0
2.843643818273534	-120	0
2.843643818273534	-120	0
2.843643818273534	-120	0
2.843643818273534	-120	0
2.843643818273534	-120	0
2.843643818273534	-120	0
2.843643818273534	-120	0
2.843643818273534	-120	0
2.843643818273534	-120	0
2.843643818273534	-120	0
2.843643818273534	-120	0
2.843643818273534	-120	0
2.843643818273534	-120	0
2.843643818273534	-120	0
2.843643818273534	-120	0
0.0003688431997457072	-20.34391764004491	1
2.843643818273534	-120	0
2.843643818273534	-120	0
2.843643818273534	-120	0
2.843643818273534	-120	0
2.843643818273534	-120	0
2.843643818273534	-120	0
2.843643818273534	-120	0
2.843643818273534	-120	0
2.843643818273534	-120	0
2.843643818273534	-120	0
2.843643818273534	-120	0
2.843643818273534	-120	0
2.843643818273534	-120	0
2.843643818273534	-120	0
2.843643818273534	-120	0
0.00036482764123192283	-20.323841462641933	1
2.843643818273534	-120	0
2.843643818273534	-120	0
2.843643818273534	-120	0
0.00012114571363984536	-19.105529840125577	1
2.843643818273534	-120	0
2.843643818273534	-120	0
0.0002033404973507626	-19.51647069772114	1
2.843643818273534	-120	0
0.0002207493964753655	-19.603508191015365	1
2.843643818273534	-120	0
2.843643818273534	-120	0
2.843643818273534	-120	0
2.843643818273534	-120	0
2.843643818273534	-120	0
2.843643818273534	-120	0
2.843643818273534	-120	0
2.843643818273534	-120	0
2.843643818273534	-120	0
2.843643818273534	-120	0
2.843643818273534	-120	0
2.843643818273534	-120	0
2.843643818273534	-120	0
2.843643818273534	-120	0
0.00012195277287317429	-19.10956481167123	1
2.843643818273534	-120	0
2.843643818273534	-120	0
0.0004733195242460812	-20.86625723935106	1
2.843643818273534	-120	0
2.843643818273534	-120	0
2.843643818273534	-120	0
2.843643818273534	-120	0
2.843643818273534	-120	0
2.843643818273534	-120	0
2.843643818273534	-120	0
2.843643818273534	-120	0
2.843643818273534	-120	0
0.0001783432290165541	-19.391494410625665	1
2.843643818273534	-120	0
2.843643818273534	-120	0
2.843643818273534	-120	0
2.843643818273534	-120	0
2.843643818273534	-120	0
0.00039315716305904233	-20.46547767687973	1
2.843643818273534	-120	0
2.843643818273534	-120	0
2.843643818273534	-120	0
2.843643818273534	-120	0
2.843643818273534	-120	0
2.843643818273534	-120	0
2.843643818273534	-120	0
2.843643818273534	-120	0
2.843643818273534	-120	0
2.843643818273534	-120	0
2.843643818273534	-120	0
2.843643818273534	-120	0
2.843643818273534	-120	0
2.843643818273534	-120	0
2.843643818273534	-120	0
2.843643818273534	-120	0
2.843643818273534	-120	0
2.843643818273534	-120	0
2.843643818273534	-120	0
2.843643818273534	-120	0
2.843643818273534	-120	0
5.9463230442869596e-05	-18.79714223449918	1
2.843643818273534	-120	0
2.843643818273534	-120	0
0.00019510543387284135	-19.47529869269619	1
2.843643818273534	-120	0
2.843643818273534	-120	0
2.843643818273534	-120	0
2.843643818273534	-120	0
2.843643818273534	-120	0
2.843643818273534	-120	0
2.843643818273534	-120	0
2.843643818273534	-120	0
2.843643818273534	-120	0
2.843643818273534	-120	0
2.843643818273534	-120	0
2.843643818273534	-120	0
2.843643818273534	-120	0
2.843643818273534	-120	0
2.843643818273534	-120	0
2.843643818273534	-120	0
2.843643818273534	-120	0
2.843643818273534	-120	0
2.843643818273534	-120	0
2.843643818273534	-120	0
2.843643818273534	-120	0
2.843643818273534	-120	0
2.843643818273534	-120	0
2.843643818273534	-120	0
2.843643818273534	-120	0
2.843643818273534	-120	0
2.843643818273534	-120	0
2.843643818273534	-120	0
2.843643818273534	-120	0
2.843643818273534	-120	0
2.843643818273534	-120	0
2.843643818273534	-120	0
2.843643818273534	-120	0
2.843643818273534	-120	0
2.843643818273534	-120	0
0.00013096946087490469	-19.154644624924764	1
2.843643818273534	-120	0
2.843643818273534	-120	0
2.843643818273534	-120	0
2.843643818273534	-120	0
2.843643818273534	-120	0
2.843643818273534	-120	0
2.843643818273534	-120	0
2.843643818273534	-120	0
2.843643818273534	-120	0
2.843643818273534	-120	0
2.843643818273534	-120	0
0.00018130078285549345	-19.406280990212437	1
2.843643818273534	-120	0
2.843643818273534	-120	0
2.843643818273534	-120	0
2.843643818273534	-120	0
2.843643818273534	-120	0
2.843643818273534	-120	0
2.843643818273534	-120	0
2.843643818273534	-120	0
2.843643818273534	-120	0
2.843643818273534	-120	0
2.843643818273534	-120	0
2.843643818273534	-120	0
2.843643818273534	-120	0
2.843643818273534	-120	0
2.843643818273534	-120	0
2.843643818273534	-120	0
2.843643818273534	-120	0
2.843643818273534	-120	0
2.843643818273534	-120	0
2.843643818273534	-120	0
2.843643818273534	-120	0
2.843643818273534	-120	0
2.843643818273534	-120	0
2.843643818273534	-120	0
2.843643818273534	-120	0
2.843643818273534	-120	0
