T	U	Steps
0.0004723492062679462	-20.768170306936195	2
0.0005873836444294007	-21.436531960601904	1
0.0005374482538644167	-21.186875093137964	1
0.000586446006677565	-21.43184414898592	1
0.0003410713461221181	-18.949205374611065	2
0.00047900778506038616	-20.894696255450658	1
0.000546819435165536	-21.233727230301675	1
0.0005812144247859862	-21.38009824912398	2
0.00031738983323295497	-18.973399323903692	8
0.0005711177605661313	-21.355209083862785	1
0.0005540719828372061	-21.26998705148973	1
0.00042723571683587835	-19.85996131526688	6
0.0004662413792280447	-20.402936138598967	4
0.0005952054511624668	-21.475637848125594	1
0.0003640842377222708	-19.100476396437077	2
0.0003166207448697002	-18.500038586195558	9
0.0004374386723865652	-20.6868674122999	1
0.0005996320003702288	-21.497768813686918	1
0.000576281244847201	-21.38102442837548	1
0.0005625931774796473	-21.312589597247612	1
0.000422389743741318	-19.28342460234929	2
0.0004887707562048997	-20.825336787560627	1
0.0004948842847551164	-19.75778762786759	2
0.0004759864210101349	-19.9958709873747	2
0.0005008455350010838	-20.50960977839158	2
0.0002955216446867365	-18.54454021001965	9
0.0005477595325408251	-21.238427339045597	1
0.00036788917920758273	-19.29242026292707	3
0.00043771170124025843	-19.85543925021367	4
0.0005864888046705644	-21.43205812173641	1
0.0005539184372102719	-21.269219385115253	1
0.0004741652799780302	-20.839477294239348	2
0.0005986960826827308	-21.493089601700763	1
0.0005629913219333682	-21.314580159371776	1
0.0003846744728196063	-19.209822854974366	3
0.00041243322306534834	-19.292861172566205	3
0.0005023741531869043	-21.011518697499735	1
0.0005416837326663034	-20.92132060998754	2
0.0005309361887492027	-20.828385213804125	4
0.0005619985012354732	-21.309616455221565	1
0.0004924941380058133	-19.012595985395507	5
0.00046248788210324443	-20.812103385415504	1
0.0005490724580736751	-21.244991438615784	1
0.0004258883940691047	-19.70751504774913	2
0.0005383503861144853	-21.19138539152638	1
0.000474750101759927	-20.87340955150343	1
0.00053825335882025	-20.933826836800876	7
0.000530886906859996	-20.107314264127	3
0.00037304795520091744	-19.35121167156509	4
0.0005741431423812665	-21.370334776048292	1
0.00045522880762719403	-20.73955792970628	2
0.0005649346593142526	-21.32429606461349	1
0.0005814298936574297	-21.4067656015012	1
0.0004931728817815237	-20.577590174523344	3
0.000558792363583751	-21.293587056557996	1
0.00059103677809555	-21.454796159543758	1
0.0005884181018692775	-21.44166640421969	2
0.0005869909221100681	-21.434568506968752	1
0.0005926135777630207	-21.462679523649754	1
0.0003191668708889307	-18.744902728397268	2
0.0005633035474175773	-21.24184508047593	1
0.0005518525094242013	-21.21185967064605	2
0.00043921538012353585	-20.69575023634498	1
0.0004970591266042979	-20.677383840111577	2
0.00048195860764938187	-20.162542021209234	2
0.0003048847747699718	-18.632447624785755	5
0.0005938231372177833	-21.46872683440613	1
0.0004182908632682318	-19.9985859332598	3
0.0005896017866710304	-21.447621779613417	1
0.0005121182723952502	-20.82688626540208	8
0.0005722182882415171	-21.360711279577796	1
0.0005627895842815426	-19.984427836513944	4
0.000579253622677724	-21.39588512195756	1
0.00046519808628747136	-18.847403328286802	2
0.0004600043559314959	-19.48819261221238	4
0.0005966471334652865	-21.482845679756185	1
0.0005458412987701329	-21.2288369417575	1
0.0005590616812594103	-20.602946748986597	2
0.0003420422035131257	-19.127097617939842	2
0.000593165549469314	-21.465439160163314	1
0.00045209423893621375	-20.482200371994093	2
0.0003010298835460231	-18.610131872532474	3
0.0005405289198430257	-21.202277183904055	1
0.0005862141675483879	-21.430685046591986	1
0.00040947555498747315	-19.391191673022405	6
0.0004461924449979322	-20.30471796005054	3
0.0005857982664835164	-21.428605708554255	1
0.0004280964562627024	-20.28360964905759	4
0.0005829159144809249	-21.41419510790102	1
0.0003944048699393749	-18.908485626093793	6
0.00046583890770106524	-19.4107493956612	2
0.00038988820081856904	-19.525012831834424	6
0.0004231780042586858	-19.874710313463435	2
0.0004781067898441896	-20.890191641774255	1
0.0005910468722108323	-21.454846626060043	1
0.0005847136784651723	-21.42318320471309	1
0.0005896395737885893	-21.44781070000221	1
0.0005118199601877539	-21.058743933145628	1
0.00036560343797739826	-19.185456876370562	2
0.0005735462220479568	-21.28605684093127	2
0.0005943082448064883	-21.471152177226298	1
0.000573201095978311	-21.365624922949987	1
0.0003190400359835578	-18.771555346159406	3
0.0005631636961097323	-21.315441960920054	1
0.0005331809972762871	-20.960382132973052	2
0.0005903822025983582	-21.45152354534572	1
0.0005771210400297887	-20.78211823820126	3
0.0004758836741334573	-20.04335544323877	4
0.0005728386855578111	-21.36381301661873	1
0.00043531924640077195	-20.06165514386666	4
0.00038687187563711534	-19.381059868141296	2
0.00028946473574383225	-18.576455962847774	3
0.0005783357868455864	-21.3912963119752	1
0.0005237045536296066	-19.45663765710287	2
0.0005870072579865209	-21.434650179780288	1
0.0005952307023264624	-21.47576409378887	1
0.0004842689548525631	-20.920999988227145	1
0.0005753619697023912	-21.37642842240869	1
0.0004333821650197046	-18.912493144537873	2
0.0005035119846621475	-21.017207397209443	1
0.0004022481700687198	-19.78683334867901	5
0.0004963554206144236	-20.281393187928142	4
0.0005302369680680513	-20.922318413164064	5
0.0003557540385551579	-19.122970660630966	4
0.000483512788742558	-18.945557859516555	4
0.0004797669631466013	-20.89849184051983	1
0.0003059962917380768	-18.56627975039907	5
0.00044937692394107727	-19.330313709240805	2
0.0005744154860454543	-21.371696384825263	1
0.0005183992258756018	-20.70689256323405	4
0.0003411045464873336	-19.000751795081737	5
0.0003576472716966184	-19.751267565810462	3
0.0005259628619244259	-19.303036455375114	8
0.0004920656010497111	-20.62344284620045	3
0.0004605545940606107	-18.737773094381744	3
0.0004443440010820824	-20.034273394083563	3
0.0005599600536776354	-20.94382922405851	4
0.00045311640523980763	-19.392278926936864	3
0.00045076074852436014	-19.4874549170434	3
0.0005401983902327699	-18.715154622071623	3
0.0002839065925416277	-18.524530050947885	8
0.000547839483503555	-21.219009864772353	1
0.000367029010182488	-18.925027741756505	7
0.0005966225307786827	-21.48272267621903	1
0.0005675850012191937	-21.337546708099193	1
0.0004392883593575081	-19.940468894682937	2
0.00039002890267397425	-19.680869954501176	2
0.0004736125164336466	-18.66590284745268	5
0.000497387039467731	-20.986585134855524	1
0.0005600465570038247	-21.26913388282945	2
0.00044411844583598393	-19.91300170717757	3
0.000569844497206438	-21.348843279205184	1
0.0005779346311929158	-21.38929069506747	1
0.0005734653033686686	-21.366945853630437	1
0.0004500782328036869	-18.756082768599434	4
0.00055543048149584	-21.276778998358097	1
0.0003392460704818358	-19.050784428282	4
0.0005829450691131634	-21.414340869335433	1
0.0003932346550226907	-19.254644021664888	8
0.0005031962375162357	-18.76533286781489	3
0.0005125945796994523	-21.06261671913126	1
0.00041189014332498446	-18.859164349013213	5
0.0005437516084849212	-21.21838933086124	1
0.0005871040443094785	-21.41934903820638	1
0.0005800348120325756	-21.39979075451639	1
0.00045042244412001075	-19.594943109478812	7
0.0005445920384553832	-21.222591142669945	1
0.0003856116173531068	-19.359418371654137	2
0.0005997247462784947	-21.49823250592334	1
0.0005844314485186306	-21.421772168500883	1
0.0005758678944663068	-21.378957842731683	1
0.0005252974687278688	-21.126126054828745	1
0.0003929923215507869	-18.982350787044048	5
0.0004757263130009443	-20.40249990620467	7
0.0004927030247375979	-20.96316694524192	1
0.00047960954198044797	-20.897704798008103	1
0.0005199363281379089	-21.099322508274295	1
0.0004937599401667438	-20.52254831289553	2
0.0005684681845227955	-21.341962269377056	1
0.000449682774744151	-20.413460253656524	2
0.00035291996122080097	-19.023057550055302	2
0.00035523700637471055	-19.178552179375778	3
0.00046214018833413804	-18.945574625204344	2
0.0005861603430911195	-21.370242407421014	3
0.0005627213026202004	-21.23117875980289	1
0.0005918034382420383	-21.45862915190481	1
0.0005033692939598993	-19.221543510115865	3
0.0005679588819286826	-21.339415961261732	1
0.0003734421870841409	-18.985765008445778	5
0.00044775696900443117	-20.699237673720724	2
0.00041968504066136354	-20.598106394663436	1
0.0005759771204799678	-21.300156298641923	2
0.0005233469634314333	-21.116374312892408	1
0.0003863340678642782	-18.925262482066945	3
0.0004957781929387316	-20.143893993183955	3
0.000582564745527745	-21.41243940438474	1
0.00034309326258419087	-19.06699168543509	4
0.0005171137621773824	-19.67234186446113	7
0.0005159987671541192	-21.07963628714858	1
0.0005244219424309415	-21.005988452995233	1
0.0005246104279497824	-21.122691127284643	1
0.0005713888020066623	-21.35656418204526	1
0.0005198919427169486	-21.099100599022506	1
0.00047515488880620717	-20.366190816118067	3
0.0005798269330921806	-19.463535951795762	2
0.0005622577281504769	-21.310912485528526	1
0.0005568088986586162	-21.283670529735414	1
0.0004086906528814066	-19.94205656867846	6
0.0004548885054574063	-20.774109558860577	1
0.0005489893318033145	-21.00977797986353	1
0.0005147016587404296	-21.073151266812122	1
0.0005749745885235913	-21.37449167232985	1
0.0005784704252791268	-21.39196944998769	1
0.0004944109958614067	-20.155550197571493	2
0.0005132255939321328	-21.065771536483716	1
0.0005968650418360568	-21.48393513396141	1
0.0004997850812678966	-20.464990758889837	3
0.0005145555999109492	-19.457375155482204	4
0.00041329181906871323	-19.75438001788812	4
0.0004242212542425913	-19.20732711750454	3
0.00034901276002093903	-18.807779794637497	4
0.0004186690686140081	-19.539522778718663	4
0.0004328117630119014	-20.196770325050387	2
0.0005967167156459992	-21.483193562671918	1
0.0005986253832513266	-21.492736132980962	1
0.0005963471079180416	-21.481345672698325	1
0.00041883733315527044	-18.82410692627574	9
0.000569817168880843	-19.47899724002181	6
0.000574797684375711	-21.373607222746067	1
0.0004843528602429444	-20.491064465414976	2
0.0005276420773024194	-20.853804693269	2
0.0003907094253574403	-20.453239972917846	1
0.000523394232217691	-18.941907366840375	7
0.0005972000588399327	-21.485610084227915	1
0.00047934151294743387	-19.77701487674548	3
0.00059236844624588	-21.46145396466256	1
0.00048367839992992606	-20.91804745115108	1
0.0005947036761329463	-21.473129174805443	1
0.00037749079501750833	-19.891667257321114	3
0.0005117504062381626	-21.058396191374147	1
0.00041444848517711944	-19.193169311131875	4
0.0005686107450005139	-21.34267501442398	1
0.0005374140885000992	-21.186704280058606	1
0.0003005257558311934	-18.536991375119143	3
0.0004551844568325248	-18.68895102262042	6
0.0004253188260094218	-19.353591162962267	5
0.000519748859381593	-20.76308074946184	2
0.00041915441439325596	-19.71937655821423	2
0.00030805742092704586	-18.568733374314085	4
0.00034714699615417564	-18.995230228170023	5
0.0003961592613516283	-19.424680222890593	3
0.0005611495093726372	-21.284480343395277	1
0.0005693830714467873	-21.346536336004817	1
0.0005782834327342046	-21.391034562476527	1
0.0004714665333853631	-20.140799175431393	2
0.0004783536557911625	-20.891425872212977	1
0.0005651664867591344	-21.2991287661082	1
0.0003478413002547404	-18.54820397434485	4
0.0005967465592583861	-21.483342768729948	1
0.0005698562421124324	-21.348901999011037	1
0.0005774588573503234	-21.386912017223583	1
0.0005749602340392212	-21.37441990568176	1
0.0005998105845935773	-21.498661662972268	1
0.0004856596992497871	-20.460208560860483	2
0.00022964556406025402	-18.636008187990328	4
0.0003159367500451446	-19.365853726603763	2
0.00035345193740919136	-19.14633542676849	3
0.0005744911660102419	-21.372074754208676	1
0.0003008263352280515	-18.70049410449093	4
0.0005439541367367617	-20.12453463250682	2
0.0004711929731402477	-20.119667932499787	3
0.0003600381045477689	-18.888956824268536	7
0.000563379456505358	-21.316520676113534	1
0.0005780002943129047	-21.389618984255936	1
0.000329118941880558	-19.434672902658008	2
0.0005980593715633432	-21.48990630220621	1
0.00038611407219610056	-19.140808614563078	4
0.0003740464648655584	-19.322572038230643	3
0.0005787682445529807	-21.393458426566017	1
0.00041789474700564455	-19.93260652320684	3
0.0003915738988280707	-18.889749217912005	3
0.0005895326579997913	-21.447276164062636	1
0.00047309243704534923	-20.317642648475765	9
0.000579804061048012	-21.398637092407842	1
0.0004837056745930281	-20.918183813495983	1
0.0003203006011705665	-18.738532047833857	3
0.0005831296006064329	-21.347390896650328	2
0.0005835582550902425	-21.41740655258089	1
0.00046681342664247103	-20.40911952570791	2
0.0003564137155292127	-19.50649833799414	3
0.0003524039626165403	-19.51330299759461	9
0.0005716223567498049	-20.271056261101684	6
0.0005120646744170846	-19.919668152008374	7
0.0005753858402854667	-21.296766273899465	2
0.0005463934790939438	-21.231597621274734	1
0.0005430538921261122	-20.685002322834833	2
0.0005247931944058361	-21.123604886051314	1
0.000587837976587988	-21.438803438650194	1
0.0005932308648330831	-21.465765710710556	1
0.00047142157075395335	-19.692934089864046	7
0.0004847962332134158	-20.92363616794583	1
0.0005137166139062225	-20.684572120426107	4
0.0004249792181635794	-20.114629720127912	9
0.0004619622692975984	-20.26107445942437	2
0.00042868113283463753	-20.643083237058885	1
0.0005876034266920765	-21.43763078351293	1
0.0005241446215509687	-19.04825598491099	2
0.0003643718145636891	-18.596278546985364	4
0.0005319729079170274	-21.15950056573284	1
0.00033732698501977233	-18.998153861543084	6
0.00039641131154365903	-18.902308408352223	2
0.0003402946175593286	-18.840013078279082	5
0.00044777306992470844	-20.738535243217182	1
0.00036479870878407673	-19.724316996230186	2
0.0004648331645826466	-20.164892257082087	4
0.0005035415024372949	-20.661115744285382	8
0.0005801828955140891	-21.400531112360785	1
0.0005877797732382425	-21.438512445312423	1
0.0004968783900314692	-20.984042092266737	1
0.0005309922713555103	-21.15459777736373	1
0.0005873832607848418	-21.436530042533423	1
0.00047862936739109975	-20.734984915761068	2
0.0003099283179235534	-18.644125821431572	2
0.0005563409256062479	-21.281330852704958	1
0.0005275718283261528	-20.988843997247056	5
0.0004572281466272025	-20.232108650710376	3
0.0005715886728010477	-21.35756345562376	1
0.0004564300314684822	-20.65163491153417	3
0.0005699694080363269	-21.34946778311212	1
0.0005272471102909139	-21.135873478445546	1
0.0004242625661777364	-18.548171868058915	6
0.00047038957351906686	-20.52555571979947	3
0.00042640051246045977	-20.631681052515024	1
0.0005559061507695939	-21.08940435933788	3
0.0004761213148548115	-20.880265065438955	1
0.0005842716925409252	-21.35303211739278	2
0.0005911921493985656	-21.455572953564307	1
0.0004627954923379644	-20.656344461831694	1
0.0005545805964444499	-19.061944961561252	5
0.0004841420460149781	-20.920365495085377	1
0.0003241807918582579	-18.997785771747452	6
0.0003073308197425352	-18.606658184713353	3
0.0005635304266524055	-21.317275466124507	1
0.0005036630354540793	-20.886509322436208	2
0.0005884583011152207	-21.4419048117751	1
0.0005808172741768381	-21.40370275051032	1
0.0003393921026357059	-19.080315836964232	3
0.0005947549014298093	-21.473385280685562	1
0.00042764678866073986	-20.385309892102164	3
0.0004599566760167069	-20.799448373102177	1
0.0004808803962221231	-18.92295599736462	3
0.00037896223973494126	-20.394508769840257	1
0.0005968360921234983	-21.483790397042974	1
0.00038918602697784435	-19.129441357113805	3
0.000359189775205206	-19.49523137021525	3
0.0005534845804527818	-21.038429460695433	2
0.0005988118062756443	-21.49366817311818	1
0.0005893420247337046	-21.446323074410046	1
0.0005626054681262215	-21.312651045536853	1
0.0005498761471213224	-21.24900956058861	1
0.0005804894975230733	-21.359277799726055	2
0.00046321562030863465	-20.81574178372652	1
0.00042321817544291264	-20.406887089640367	4
0.0005961218486286289	-21.480219466856624	1
0.000599078341925657	-21.495000744160418	1
0.0005605784726122562	-21.302516883279296	1
0.000518273054917696	-21.09100681118658	1
0.00030091538970497994	-18.66537594237577	2
0.000479833163560877	-20.246053367716936	3
0.0004934963990424108	-20.499550753429144	2
0.0005707307859444767	-21.35327436640614	1
0.00036188204815092064	-19.307020035642275	5
0.0005940199102500194	-21.46971062041989	1
0.0004796677889333138	-19.029751357631575	6
0.000564360119041503	-21.321423594345333	1
0.00032689049031649973	-18.952160635692557	2
0.0005842947576887458	-21.421088769332194	1
0.0005561884996917147	-21.280568784442107	1
0.0003308698918695626	-20.15406637455286	1
0.0005650691318093873	-21.324968373000697	1
0.0005618429023091753	-21.308838523176163	1
0.0004972855041015307	-20.986077498864784	1
0.00032439701754292797	-19.11423246030854	3
0.0004819196629393541	-20.449141270230662	5
0.0003453638454092016	-19.090806499651766	5
0.00032488631823847245	-18.66490451039974	2
0.0005885193064946918	-21.442209814134447	1
0.0005720257370732457	-21.359748601185714	1
0.00047067833744180105	-20.85305236768623	1
0.0005099779176374801	-21.049534461313456	1
0.00039385071497430535	-18.70033597964635	3
0.0005187975532217464	-21.09362909173947	1
0.0004142730806214375	-18.66926586943184	7
0.00042520950430824264	-19.83887672850974	4
0.000592743524840731	-21.463329206770084	1
0.0005157594780477365	-19.503851172166804	2
0.0003680568774957437	-19.23806042734571	4
0.0005520034791206746	-21.25964536491506	1
0.0004085341130296269	-19.677055466475682	3
0.0005302677319101554	-21.15097537156626	1
0.0005775506775275934	-21.387371081177378	1
0.0005961578827813345	-21.480399623126246	1
0.0004223687194199154	-20.12000482672742	5
0.0004668504340032001	-19.19929387629051	6
0.0005877705532783414	-21.438466349221432	1
0.00047126986768790483	-20.284464767793573	2
0.0003004335315958393	-18.606628576915107	5
0.0003483345151543208	-19.564237228651177	4
0.0005632310692121725	-21.31577879933298	1
0.0005747397898965199	-21.373317773636835	1
0.0005179559953027438	-20.694025416984598	3
0.0004862446901148118	-20.412032772239886	8
0.00040761845558494276	-19.985417505222784	5
0.0005922578851381531	-21.44326248769934	2
0.0005692407444340411	-21.345824758188847	1
0.00040631497142217313	-19.88403505974609	2
0.0004901016967770194	-18.915570945340445	4
0.0005558112889962074	-21.13884114213133	2
0.000551543284084563	-21.257344574837358	1
0.000591239165059495	-21.455808012957988	1
0.0005890955145955143	-21.44509062287212	1
0.00047856001108730696	-20.420882952062176	2
0.0005592740285148825	-21.29599518747503	1
0.0005842981180019732	-19.66524747958847	2
0.0003302326716010165	-19.364974102947095	4
0.0005127012873094081	-20.940441625157412	3
0.0005570784301387544	-21.180823465246	2
0.00038166359098018555	-18.760929884693528	3
0.0005956610031076572	-21.477915424616267	1
0.0005714721232571973	-21.35698075478388	1
0.0005490857563640124	-21.24505792471854	1
0.0004101603622747081	-18.746008259552053	2
0.00037178137974977585	-18.69418861863568	3
0.0004728486831913154	-18.635380078051533	5
0.0003334545715947682	-18.59182593101328	4
0.00032063372908650836	-18.749465673361172	2
0.0003053824483147956	-18.806006468003684	5
0.0005318313605228814	-20.83848071834852	7
0.00029867064475628787	-18.782105709077907	5
0.0004549615315562934	-20.111983043438688	2
0.0004944807945148843	-20.08845075070835	2
0.0005945478794535485	-21.47235025407408	1
0.0004476057326103006	-20.737698623952724	1
0.0005097749594098596	-20.650420933879513	2
0.00039256046169613697	-19.470802042643527	3
0.00038719478894511084	-20.341632881265554	1
0.0004931796762329605	-20.522722714351975	2
0.0005959069507464467	-21.47914506388344	1
0.0004432752258417042	-20.337195344006044	3
0.0004925096361416869	-19.448543578329147	3
0.0005791112527273035	-21.39517332947049	1
0.00043956586692789655	-19.040316683145182	2
0.0005560437760738339	-21.061353372593793	2
0.0005784279046602274	-21.391756863996136	1
0.0005711071979653275	-21.355156275107326	1
0.0005262924286738236	-20.771566755796474	1
0.0003342598533974817	-18.8276245490511	2
0.0004959683733203168	-20.08345779468196	5
0.00038062379184667234	-19.438312762905973	5
0.0003004054886865851	-18.78471119092151	5
0.00040381485215585603	-18.820983122443547	8
0.0005989258773152996	-21.49423848243401	1
0.0005455735779898643	-21.227498445540675	1
0.00032232518430648483	-18.752210645593777	3
0.0005629847972098609	-21.314547538378662	1
0.0005489362605590069	-21.24431050582476	1
0.00042808143818033454	-19.948756469408238	3
0.0003239466033114058	-19.771085022580635	2
0.00025619081381059156	-19.199263307646714	4
0.00042560871663713755	-20.00132868501775	6
0.0005394400260774052	-21.196833153058396	1
0.0005964930482128586	-21.48207531547129	1
0.00048560976855039685	-20.92770351740488	1
0.0005088944174048533	-20.611240026834164	2
0.0003327852586309304	-19.08257337331098	2
0.0003010612669627892	-19.123444760586324	5
0.0004361145083461252	-20.371278103431237	2
0.0005990701354290146	-21.49495971497808	1
0.0005832054506687346	-21.4156426723808	1
0.0005200665246440837	-20.83208748172353	2
0.0002680592486449541	-18.614184992581492	4
0.0004779825042794401	-19.35258610974453	8
0.0005665343142401151	-21.332293695818443	1
0.0005589925223848223	-21.250832581946444	2
0.00036103615121599314	-19.227590593154293	4
0.0005747401591273233	-21.373319619642338	1
0.00042090825538360804	-20.604221976264704	1
0.0005459086410149611	-21.229173625894774	1
0.0005979509177436824	-21.489364076730958	1
0.00048649530521330524	-20.93213084453269	1
0.0005192240575127094	-21.095761441642754	1
0.0004379029994506975	-20.026668601343754	3
0.000540473195258931	-21.201998583397515	1
0.0003433060761227736	-18.94375672221399	8
0.00045961846471612145	-20.104065499623218	2
0.0005498954652833313	-21.249106143628367	1
0.0005507288822518531	-18.778777423243273	2
0.0005908752337352301	-21.453988502719657	1
0.0003529408159252662	-19.16006248568614	9
0.000466682101187831	-19.164975064600906	5
0.0004913502099823309	-20.43241638566619	4
0.0005584563464692899	-21.29190710614084	1
0.0005506599082291591	-19.712677648223114	2
0.0005868061532166588	-21.43364473682074	1
0.0005639596310020972	-21.3194213152354	1
0.0004579018952259929	-20.241673631237663	2
0.0004622640637960918	-20.810984383905502	1
0.0004408350133910234	-20.349160442075938	4
0.00046317560914825345	-19.34962586223366	2
0.000405529247544782	-18.831953585215366	5
0.0005462970651338688	-21.231115590254657	1
0.00044395042722454467	-19.98144596571416	2
0.0004982188237439298	-20.97874457008644	2
0.0005773686510315743	-21.386461021913252	1
0.0003774323672757061	-19.210383109176405	6
0.0005206719939549016	-21.103000541454623	1
0.0003557603187655234	-19.298971655272155	3
0.0004531113375928001	-20.169896498524658	7
0.00047401918909911175	-20.43306668649694	2
0.0005888437919388959	-21.44383211083867	1
0.0004917768585729078	-19.607776528206124	3
0.0003055799392172216	-18.835001930265875	7
0.0005605563117194499	-21.27462845483203	1
0.0004960247769530362	-20.47567719489029	4
0.00043563902673704225	-19.66488844838293	12
0.0005849699930477992	-21.424464674529588	1
0.0003103546540558406	-18.90672496865652	4
0.0003495550798784748	-18.570786210557003	7
0.0005986276473728821	-21.49274745267805	1
0.0005555451117251295	-21.146222307933908	2
0.000471739662301029	-20.792354286304846	2
0.0005574211396133542	-21.28673148824928	1
0.0005524968598247942	-21.26211206998463	1
0.00046070800273186226	-20.25810687569588	6
0.0005630932623879986	-21.315089820641727	1
0.000591085700364589	-21.455040751211094	1
0.0005310129712235978	-19.93563487626256	8
0.0005321516351269946	-21.160394129893774	1
0.0005033728402998725	-21.016511731365682	1
0.0005182005869356266	-21.090644500424812	1
0.0004969020516583269	-20.48429423245188	3
0.0003820663768967304	-19.322899264155858	12
0.0005280779035682576	-21.1400271106648	1
0.00036853482378905076	-19.037740554527865	7
0.0004543549055191818	-18.890934194712788	3
0.0005228722266712926	-21.114000820043632	1
0.0005313227658581333	-21.156250116943042	1
0.00047007876613270087	-20.374113923971812	6
0.0005736165372311912	-21.367701962112708	1
0.0004933402753960468	-20.966352942214762	1
0.00044496794432799546	-20.420600475286445	2
0.0004520956926188382	-20.4532154038587	2
0.0004934806356360014	-20.967054686957862	1
0.0004733050939393386	-20.094080276024005	4
0.00022767541710046202	-18.53005927490469	2
0.000515078103365986	-21.07503333852372	1
0.00041393890744874487	-19.409995507662188	5
0.000554701682701469	-19.170012517407642	6
0.00047340987617307365	-20.751835104760858	1
0.0003962787431602036	-19.453016353924195	7
0.00048108133435645573	-20.90506316789355	1
0.0005298879072248211	-21.149076400915327	1
0.0005746752331184358	-21.023785787730667	2
0.00047102766256583656	-19.61281259152439	7
0.0005909438367084632	-21.454331489991855	1
0.0003271900306283902	-18.784208989324313	3
0.00044565287032335814	-20.20636407322396	2
0.0003290788607608866	-18.81598960678896	2
0.0003949468071445446	-20.474425177464116	1
0.0005904642427659174	-21.451933713184747	1
0.00046805711280507574	-20.37368701152185	3
0.00043860453431076815	-20.094050890076655	4
0.0005716305003699232	-21.357772576643963	1
0.0005570251045730379	-21.284751472343675	1
0.0005494463452771171	-21.24686072424548	1
0.0005984722172218774	-21.491970364441226	1
0.0005365465196270129	-21.182366784652775	1
0.0005887147738710048	-21.443187072393762	1
0.0005663328987506207	-21.331286699385714	1
0.00039443035025666246	-20.395626094956157	2
0.0005956477636925849	-21.477849232866156	1
0.0005775188743652577	-21.387212078157788	1
0.00025561522035181725	-18.572386085868736	2
0.0003855084769380793	-19.525009681415636	5
0.0003370147555787976	-18.950265380245277	10
0.0004103373483279809	-19.28511671153592	5
0.00041282314022180513	-19.780003422996963	3
0.0005508314051531	-21.253785466516952	1
0.0005534997486160916	-21.267126110552198	1
0.000430295114463114	-19.991710351476858	7
0.00033975837219567343	-19.049157434332766	4
0.0005272868190385651	-21.058574241763175	1
0.0005884335947143263	-20.544129878590432	2
0.0003573562477946581	-19.112784055184626	2
0.0005846972756102067	-21.423101197035933	1
0.0004861889908924284	-19.026359401731103	2
0.0004990391115927471	-20.76086838520034	4
0.0005151546880925598	-21.01772413140865	2
0.0005448105144044508	-21.223683434538366	1
0.00044815144130579907	-18.938461202260854	3
0.0005670557334375075	-21.33490058207654	1
0.0005939504883200696	-21.46936353869351	1
0.0003413653352175353	-18.85592729380718	2
0.0004522113478236421	-20.235325978670854	2
0.0004414407888685491	-19.4778848920725	13
0.0005335024312488148	-21.167147567176237	1
0.0004420804465103086	-20.710074415871865	1
0.0005314736716158218	-21.157004585033118	1
0.0005840065123696108	-21.419647658676563	1
0.00035840275679731504	-18.513406552554528	5
0.0005937258533215933	-21.468240454055387	1
0.0005233345687754806	-21.116312344598107	1
0.0005994247397477509	-21.49673259394034	1
0.0005795622302477128	-20.93059064878402	2
0.0004542915205297958	-19.55902168164338	2
0.00040832832451141	-19.714471724647595	3
0.0005736540288924722	-21.367889405338957	1
0.0005480044775993861	-19.515057642039412	4
0.0005913354680870564	-21.45628948936012	1
0.0005865786784455574	-21.43250745446172	1
0.00046058414920687824	-20.448500289168564	2
0.0005780121100629535	-21.38967805825357	1
0.0005878920055301804	-21.439073561629257	1
0.0005653525360849276	-21.326385280385555	1
0.0005206686679844416	-21.102983912940118	1
0.0005541877253976428	-21.270565717737135	1
0.00058450899516353	-21.422159870534024	1
0.0004393803128634174	-20.001131874576963	2
0.0003904107558404927	-18.761353260534975	5
0.0005311992211737313	-21.155632443214035	1
0.000599311862086481	-21.49616825103643	1
0.0005941121159120996	-21.470171611642684	1
0.000591486209888441	-21.457043137734622	1
0.0005549389665170991	-19.793051398273505	4
0.000596838848922741	-21.483804179930328	1
0.0003401716018690319	-18.523162868662165	10
0.0004792635806892173	-20.387804318176208	5
0.0005847744686248908	-21.42348713106024	1
0.0005153868350637929	-21.07657687283254	1
0.0004950838758474817	-20.551051685041877	3
0.0005873160354360646	-18.93467247485685	5
0.0004896160999635508	-18.817232898577736	7
0.0004940501389521691	-20.969901974469106	1
0.0005569633620836008	-21.284442784730984	1
0.00047901855726081264	-20.89475011211992	1
0.000551499322413273	-21.25712478416348	1
0.0005089414137543783	-18.59142203350457	3
0.0004225930768677538	-18.834917813659693	4
0.000596608055465413	-21.482650305475044	1
0.00041335775963041737	-19.92188189046865	2
0.0005160864740436935	-21.080074786318374	1
0.0005509286134069376	-21.25427146868636	1
0.0005380486844589039	-21.18987700460102	1
0.00031603445366351515	-18.663174323046473	4
0.0005080407724704309	-20.11762168043797	2
0.0005017984115182711	-21.008640220735398	1
0.0005248885816492047	-19.920797810763258	2
0.00045407622536302645	-19.04060783848234	2
0.00043802129245314625	-20.45763464506488	2
0.000580924076540615	-21.404236719370413	1
0.0005887016481479099	-21.443121449057806	1
0.0005940205334970975	-21.469713736404593	1
0.0005064177623346276	-19.854411665790963	5
0.0005881288283827563	-21.4402575806356	1
0.0004403286912229016	-20.0683437602854	3
0.00042495961325000723	-20.151373606362043	4
0.0005494724697075214	-21.246991335889547	1
0.0004472834015177428	-20.14116148572286	2
0.0003483508582499217	-19.07410366605177	3
0.0005289763140785278	-20.717281111002393	2
0.00042610054940646694	-18.68000861916722	3
0.00046753717266791796	-20.837347807278014	1
0.0003202767228731856	-18.625763487932574	2
0.00039064661897471114	-19.071568885779197	3
0.0005969344571696982	-19.12569881008811	4
0.0005029067178129188	-20.621327350807267	3
0.0005890814859676917	-21.4450204853757	1
0.0005164294858449567	-20.79677369824013	6
0.0005256866366045196	-21.12807173767818	1
0.0004423306739806616	-20.71132545257539	1
0.0005904996688626161	-21.452110829418906	1
0.0005814934831091456	-21.407083523182386	1
0.00028352241151207244	-18.683601452086705	2
0.0004942734264464813	-20.4814858697033	2
0.0005564398935694806	-21.281825652713536	1
0.0005155952699970422	-20.183450446419673	2
0.00040578865021629056	-18.66608834903891	5
0.0003247193744128707	-19.07377120685028	3
0.0005332816715075334	-21.166043857265354	1
0.0004973980994908977	-20.045852435804118	3
0.0005944262603948778	-19.845397184124963	3
0.0005612480353672327	-21.305864427737976	1
0.0005981992282083055	-21.490605529176907	1
0.0005251137565124248	-20.929441994719518	4
0.0005974793328904206	-21.487006342148796	1
0.0005871599202829354	-21.435413429857466	1
0.00037967449179942474	-19.02304766088436	2
0.000592751382519634	-21.46336849200403	1
0.00043540541212986575	-20.158664333145516	2
0.0005870542923899499	-21.434885332878927	1
0.00048616200688055775	-20.754671683371498	2
0.0005121174978514346	-21.060231501786358	1
0.0005187579818402622	-20.841423321923152	3
0.000587695054953302	-21.4380888879637	1
0.0005572179857172435	-21.285715800482702	1
0.00047603299572666544	-20.489890943435558	11
0.0005414491049930603	-21.206877739530942	1
0.0004833203828641251	-20.870619700374274	2
0.0005099784500477609	-18.70383972444722	3
0.0005334246214175008	-19.403846086727217	8
0.0003460598710761308	-18.97849051744457	4
0.000549517758012847	-21.247217759199998	1
0.0005902959914824872	-21.4510925244428	1
0.00039721291065243636	-19.535943540828924	4
0.0005976004234544849	-21.48761174626323	1
0.0005771837167017324	-21.385536424649615	1
0.0005952026628079264	-21.475623907474443	1
0.00048258567464468414	-19.228046200231386	4
0.0005245888797546631	-21.122583394976314	1
0.0004247422603203511	-18.965953471325946	3
0.0005049395649121386	-18.91337862056656	4
0.00045668592305059697	-20.783095923856692	1
0.0004619389259147684	-20.1816992194522	3
0.0004489175342852873	-19.719243549224323	5
0.0003999493495964631	-20.499435877566203	1
0.0004820777358835655	-20.91004477474953	1
0.00029709506263909025	-18.799739223161026	3
0.0005933262290103124	-21.46624249323866	1
0.00045337658318591646	-20.18660648205501	3
0.0005624149143068771	-21.210260900868306	3
0.0005496414163817138	-21.2478360013056	1
0.0005960546771311499	-21.479883636387417	1
0.0005047407957802327	-20.097802321270116	2
0.0003520754900562712	-19.38212171379075	2
0.0005901305298419339	-21.45026528279317	1
0.0004406992260424947	-20.70316886909692	1
0.0005811935155085028	-21.405583805834233	1
0.0005744086025973671	-21.371661970353536	1
0.000319455555635823	-18.811189461054305	7
0.0005929680602050227	-21.464451793277366	1
0.0005767368245486661	-21.383302143636364	1
0.0005398327996354734	-19.45910997530612	11
0.0005949637606445934	-21.474429492750673	1
0.0004534818240622847	-19.16500609173074	4
0.00030385588357104864	-18.989675090995277	3
0.0005982999565435238	-21.491109130337346	1
0.000594515274961799	-21.47218724472974	1
0.0005769523850437891	-21.38437985940773	1
0.0003682847133769072	-18.85569639021073	13
0.0005695572202066833	-21.347407009756967	1
0.0005784897552496039	-21.392066092065043	1
0.0005971775658470019	-21.48549762831055	1
0.000555265329363591	-21.275953304125494	1
0.0005199690078698652	-19.289478353140932	3
0.00039977962242584373	-19.7709179014048	8
0.0004807271568628157	-20.41897881480512	4
0.0005592517736557648	-21.295883922130944	1
0.0005715705540950912	-21.357472869381812	1
0.0005494611206202473	-21.142015577244738	2
0.0005319649054634234	-19.07187776295838	2
0.0003979777540570047	-19.47459901814172	2
0.0003881196469801218	-19.20043838057773	14
0.0003912243123854398	-18.60155442384063	2
0.0005807799663122655	-21.403516226193688	1
0.0004634826934024259	-20.75410356413811	1
0.00045611208861136293	-20.469356088494035	3
0.00041889242917145724	-18.703465848321827	8
0.0005396252714135857	-20.608961692154118	6
0.00039943636989320166	-19.5101465277447	2
0.00036768761175836565	-19.12625136912461	5
0.00036944279119769275	-18.744327430197757	3
0.0004491884221383237	-20.745611434992423	1
0.0004300436951241751	-18.52206531222829	4
0.0004984795883325496	-20.992047439726992	1
0.0003398791817066976	-18.909801038726005	5
0.0005649806883384443	-21.324526191220333	1
0.0005766958944916725	-21.281939442435295	1
0.00038491198961289704	-19.727473670623105	5
0.0005689857442190584	-18.754441134028646	6
0.0005547406634448498	-21.27333018556657	1
0.0005495808921718183	-21.247533404600595	1
0.00036763780111372124	-18.538153483189017	4
0.0005914085635341475	-21.456654937194614	1
0.0004903518963584101	-19.9669325565187	4
0.0005672776867743164	-21.336010259484965	1
0.000526247546553836	-20.967962374209694	2
0.00044990158955806106	-20.44529259824339	3
0.0003724740964241997	-19.20064216321457	3
0.0005860520739780842	-21.429874643938877	1
0.0004877815381377768	-20.938561491797472	1
0.0005403943411302724	-21.20160434447148	1
0.0005948080424535511	-21.473650964429517	1
0.0004090907315678126	-19.717046353319994	5
0.0005759162215471531	-21.379199458697457	1
0.00028443194713536756	-19.92189532947581	1
0.0005871656518474154	-21.435442085374476	1
0.0003303381948429677	-18.691042411926844	4
0.0003737345638884784	-20.368372493320173	1
0.00030644305454499086	-18.552149603290232	5
0.0005597436793503415	-21.29834325274609	1
0.0005798288808852922	-19.412964040396417	2
0.0005574150652429833	-19.6488364216233	5
0.000487036192172665	-18.82231626166869	2
0.0005758900159185292	-21.379068441094947	1
0.0005285156803044433	-21.092653189085837	2
0.0005618463204889746	-21.308855612700274	1
0.00040617214759414936	-19.49969592651056	3
0.0005971873648700042	-21.48554661948413	1
0.00042266544227798384	-19.561108357266882	2
0.0005867184687784379	-21.43320634989868	1
0.000549863179616581	-21.248944728280783	1
0.0005435846902274296	-21.09475130119139	1
0.0004703996618369103	-20.851659101752624	1
0.0005552514389880603	-21.275883857834923	1
0.0005838362056580878	-21.4187961936209	1
0.000551098061176191	-21.25511863937616	1
0.0005685336496336686	-21.342289568599586	1
0.0005887646859587713	-21.443436612756607	1
0.00033741999614139825	-18.749033357227844	14
0.0004912415099003457	-20.95585995891635	1
0.0003431415308265017	-18.655872263058413	3
0.0005497564253061569	-21.248410999668124	1
0.00048086435161187585	-20.90397834144696	1
0.0005629196095191493	-21.31422162614535	1
0.0002080047071538821	-18.693334822805195	7
0.0005231090613894721	-21.11518489837322	1
0.0005128700250338266	-21.06399383501159	1
0.0003421953868913381	-18.509770224816634	5
0.00040612103989130837	-19.193194422347272	2
0.0004322434954911619	-19.924515681671792	3
0.0005147369720535643	-21.07332781917383	1
0.00035304362371579585	-18.744938295683404	4
0.0004462702323709561	-19.69643131354865	3
0.000547918669605836	-21.23922296036143	1
0.00037224965764399455	-19.69927010679015	2
0.0005048152381180227	-20.518033429292185	2
0.0004890705995712645	-20.94500628046963	1
0.0005165384686693968	-21.08233457764246	1
0.00045068112358071725	-19.045710686574772	4
0.00041831058164417203	-19.068099408810667	2
0.0005730173478734503	-21.364706256334127	1
0.0003991628709449751	-19.544460168256304	6
0.000559363382968406	-21.296441923801872	1
0.0005630915778334312	-21.315081398546464	1
0.0004946255724481047	-20.97277891049391	1
0.0004001831709442976	-19.949209116289367	2
0.00037098946063876797	-19.31836059038852	3
0.000302574207349351	-18.567830737034082	3
0.00042426726507136106	-20.621015673619173	1
0.0003881064022418678	-18.79813893363859	5
0.00029410704014180974	-18.68965590498047	2
0.000588755398751646	-21.443390180456543	1
0.000551455790792922	-21.030809946671102	2
0.000450417545490467	-20.026657742533587	2
0.00036119578897079037	-19.31686987062572	8
0.0005776076096723955	-21.387655719001746	1
0.0005318662431382544	-21.079289479484046	1
0.0004139883209812333	-19.699017940318125	5
0.0005574692025754574	-21.286971783727573	1
0.0005940585484202526	-21.469903795729742	1
0.000366929710459974	-19.23402303684736	3
0.0005987157531883154	-21.49318794631668	1
0.0003948344115912736	-19.635724621765792	3
0.000588090106901686	-21.440063988805072	1
0.0005993162795626886	-21.49619033664064	1
0.00033563459334268436	-19.033959510747486	6
0.0005735721429421213	-21.288881038603797	2
0.0005178623565591726	-21.088953484587922	1
0.00025829869344495544	-18.87743821882136	3
0.0005061821442151662	-20.06066938972552	3
0.00034335060125118173	-18.75840276054393	5
0.000372336007972084	-19.093499609664008	4
0.0005882792076339823	-21.441009416405137	1
0.00048176634051047914	-20.35012671280313	3
0.0003531750871616356	-19.627444026594496	4
0.0005601694353571714	-21.110385255937253	3
0.0005619666491610063	-21.309457207660994	1
0.0005385982834841465	-21.192624778663678	1
0.0005959421564248501	-21.479321078114783	1
0.0002961931998679837	-19.196335860009807	2
0.0005565792646239231	-21.28252245192695	1
0.0005012302987569667	-19.992668966072078	2
0.000569362130723564	-21.346431640811623	1
0.0005519298238584049	-19.11123781921209	4
0.0005706112981108414	-21.352676975299193	1
0.0004533084601687055	-19.254675457151674	2
0.0005033580793921132	-21.01643793276412	1
0.0005557413308257056	-20.603730507276047	2
0.000587706202637559	-21.438144621901085	1
0.00045932536310913413	-19.864020186237354	3
0.0005188366668618365	-18.61736530576241	10
0.0005770480252045072	-21.38485802174227	1
0.0005468850860302523	-21.234055458218705	1
0.0004117651719648898	-18.58844817387956	3
0.0005815452346811153	-21.407342260226358	1
0.0005942745593793776	-21.470983763639932	1
0.00038158141534651226	-19.945152097505336	4
0.00029296486970464527	-18.5111770744886	5
0.00040647833541455767	-19.572701392910503	2
0.0005872702889188288	-21.435965228643692	1
0.0005622091233001953	-21.3106694808273	1
0.0005887408183690018	-21.443317284407946	1
0.0003352691711042653	-18.868486578834535	3
0.0005660081129652597	-19.65681481047942	2
0.0005506363207426326	-21.252810122932825	1
0.0005335500966474767	-20.840047067197027	4
0.0003510768254556354	-18.821289850590443	5
0.00036578670327112287	-18.739410824828244	4
0.000372398854906369	-18.945428910847212	9
0.000511341006750134	-21.05383003697372	1
0.0003416794737884199	-18.60198289143087	3
0.0003976781321641846	-18.934059346125494	8
0.000494948421618629	-20.97439302648789	1
0.000302636720922253	-18.58134544032903	6
0.0004896152154528804	-20.947729140818513	1
0.00044146080108356246	-19.574820995579177	7
0.0003142821559718666	-18.63735957992599	2
0.0005536366365990464	-21.26781049540693	1
0.000435778392533191	-20.67856668084237	1
0.000493979246687914	-19.224590006510926	4
0.0005114890206043643	-20.868540523002736	2
0.00042385671414034605	-18.53476947638059	5
0.00031073467545376997	-18.69215436441011	4
0.00032500231265531723	-18.756231702988522	4
0.00046985627018322746	-18.933521734577578	3
0.00027779562567909394	-18.64772203431211	4
0.0005915116283622247	-21.457170219879547	1
0.0005828523362333104	-21.41387724223583	1
0.000514241836737175	-21.0093079115677	1
0.000590278631402024	-21.451005731023177	1
0.0005751286538833197	-21.375261937159248	1
0.000573679333984629	-21.353455095411366	2
0.000577086040469663	-21.38421652155228	2
0.0005958330854792014	-21.478775767257815	1
0.00059793972162802	-21.48930810065603	1
0.00030014622874098524	-18.722198462109695	4
0.0005600183079015293	-20.514458192629295	3
0.0004280316683309869	-20.170112990604476	7
0.0005002656989741016	-21.000977274512877	1
0.0004667419430191164	-20.79242378745288	2
0.0005327001396046154	-20.883855863671155	3
0.0005802849721070247	-21.401041454267503	1
0.0005891239999090573	-21.445233037982273	1
0.0005879843818600568	-18.810990457940402	6
0.0005729717319178036	-21.36447819490386	1
0.0002705090601813275	-18.58225098825082	2
0.0005968162884015142	-21.483691386398643	1
0.0004013283775340064	-19.40189913517546	3
0.0005843894719120289	-21.421562302351994	1
0.00028535201396351296	-19.22516720317735	2
0.0004949639507953428	-20.75982844348299	2
0.00047588042861915095	-19.932881830272084	5
0.0005961503510907358	-21.480361967702702	1
0.0004552331146074639	-20.01757027438474	4
0.00045553207270863396	-20.206157152157544	4
0.000516840101018863	-21.083842618065127	1
0.0005984525550464578	-21.491872061472783	1
0.0005603892863847148	-21.301571028237394	1
0.00034821112811098646	-18.961243477419977	2
0.0005829886754347437	-21.414558883403696	1
0.0005958557457694793	-21.478889059594625	1
0.00017730977595185256	-19.386327560984856	1
0.0004029605654188419	-19.620419623790387	2
0.00048396521549674533	-20.381788618953465	2
0.000491888867492552	-20.239940146166454	2
0.0004909277515658579	-19.9803965501069	2
0.0005759214983199209	-21.37922584043884	1
0.00032362449970594584	-18.85670060701019	6
0.0002764551993692626	-18.793788208836787	6
0.0005879749420391795	-21.439488210814954	1
0.0005787258970273247	-21.393246705971055	1
0.0005606934539177802	-21.303091743558333	1
0.0005342897115450193	-21.17108365199189	1
0.000499607067142227	-20.997684380272993	1
0.0005329123551795618	-21.164197424174485	1
0.0005722259006782469	-21.360749338699517	1
0.0004163613923992206	-19.526524594461605	10
0.000460511150628787	-20.24111078838974	3
0.0005952779860492493	-21.476000493384017	1
0.0003922529093300496	-19.45757730928273	2
0.0004857908885026957	-20.928609044315046	1
0.000574239549496362	-21.370816772846226	1
0.0004753697319623347	-19.605971522340727	2
0.0005722734542669808	-21.360987087515852	1
0.0005851338991126921	-21.42528413892661	1
0.0005064746979626739	-21.03201977202887	1
0.0005929233237049207	-21.46422812877108	1
0.0005401692613560519	-21.200479036133533	1
0.0005282612447775223	-21.140943742966343	1
0.0003460762994148179	-19.176984284056086	5
0.00043439855638164845	-20.671668055091974	1
0.0004846691315636867	-18.81636206077839	6
0.0005432575001356223	-21.215918987858448	1
0.00030843841156596665	-18.7438492859715	9
0.0005888498137125492	-21.443862217284817	1
0.00037761835409565067	-19.727916383750824	2
0.0003757512454809606	-19.71583913214791	2
0.0005743433287107313	-21.371335627175274	1
0.0004998124557654398	-19.886659159468667	5
0.0004987101631838337	-18.574550530750784	8
