T	U	Steps
0.0003028215201013876	-18.568122264566814	866
0.0005983934460895182	-21.491576540463303	1
0.00030457006763641475	-18.516653383803153	483
0.0002963550598824401	-18.51026937185154	1585
0.0005993786881402645	-21.496502354426106	1
0.00031370388212772685	-18.621835367243005	397
0.00029522982338479246	-18.50216194784236	508
0.0003055983454887456	-18.52354853541761	235
0.0005973057205456636	-21.48613835025658	1
0.0005964670577780682	-21.48194537375139	1
0.0005978333543888029	-21.488776307243715	1
0.000598861191270558	-21.493915078228774	1
0.0003061449007111249	-18.539216819677065	649
0.0003215906407133586	-18.625095361718614	352
0.0005980592101810998	-21.489905495359906	1
0.0005997289510195826	-21.49825352793752	1
0.0006000080380273331	-21.49964885071995	1
0.0003097739849290751	-18.60104265371629	1912
0.00030783253286286924	-18.569838763344194	613
0.0002966372063911883	-18.53881098444473	1624
0.00029741116905212666	-18.52591315700486	516
0.0003029607903278785	-18.51739143525539	1065
0.0003057237158634694	-18.619969960510254	1446
0.0003327461334836281	-18.864121488465294	547
0.0006000247885282835	-21.4997325964872	1
0.00029977848929332114	-18.51084074761649	328
0.0003088708565454369	-18.530036251916254	259
0.0003321319328161589	-18.679319084146783	650
0.0005966290939806845	-21.467891134740853	143
0.0003018898084787023	-18.520248537061125	204
0.0005991270354079021	-21.49524419198581	1
0.0005991521626414858	-21.49536981804688	1
0.0003005556389752862	-18.513227854702265	741
0.0005991720023275644	-21.491712261978588	2
0.0005806664509685827	-21.361680513472276	856
0.0005960763171057816	-21.46138246019138	2
0.0005989423446812827	-21.494320812640307	1
0.0003019533075725445	-18.528015444182635	123
0.0003201660153989281	-18.61309658791084	292
0.0005954059434211259	-21.476640228775494	1
0.00029951934210043564	-18.50294314839844	604
0.00029976378798706924	-18.50116243653913	1123
0.0003008467052055905	-18.500045215587317	211
0.0003040987556720491	-18.539959465573432	55
0.0005989710445166475	-21.494464300273282	1
0.0005991392506991055	-21.495305263528508	1
0.0005683519108085238	-21.185851137520594	74
0.0003157202896570893	-18.658647217704363	1183
0.0003028776859269148	-18.50253495127854	277
0.0005766079110110162	-21.360536304930214	2695
0.0005948696975001874	-21.473959214863374	1
0.00030885669637494473	-18.603039883226252	508
0.00031293868888660164	-18.579876338696607	240
0.000305551128222671	-18.532432479055625	559
0.0005914361489719232	-21.456792853287883	1
0.0002949139015892299	-18.50133105891204	1442
0.0005995888250118444	-21.497552954261288	1
0.00031669707896430526	-18.619506113931205	422
0.0005982947813476587	-21.487796032164475	23
0.0003293310734176737	-18.815214296025367	471
0.0005992653461839364	-21.495935690233658	1
0.0005988226902595119	-21.49372258865969	1
0.00030590574011695566	-18.577202000444412	1178
0.0005980265731853877	-21.489742323508825	1
0.0005720700639325536	-21.235744926176636	500
0.00029635607723281043	-18.512390905541668	1756
0.00031284043178168115	-18.647551148391344	432
0.00031072876191272234	-18.61467455534213	525
0.0005516681734912557	-21.03628550140763	307
0.00030097948702103845	-18.502202535793337	81
0.00029871136287239956	-18.506460909790892	1341
0.0003048142052284774	-18.543918206662696	745
0.0003233009885732514	-18.701392940042304	298
0.00031451064252628857	-18.605492250365227	1000
0.00032063430930989435	-18.510389105044677	570
0.0002988452184525209	-18.522184982449446	319
0.0005951046618938451	-21.45101050561503	56
0.0005998859688128702	-21.499038553747166	1
0.0005997015486273978	-21.498116526998576	1
0.000302300427060469	-18.534523860376396	207
0.0005946646089717509	-21.472933854713332	1
0.0003165790476093605	-18.657499717757858	1697
0.0003021969581933702	-18.543225853831018	1996
0.0003088816438496297	-18.511576349589532	914
0.0003042920678832943	-18.532545575612836	373
0.00030729900951559846	-18.513748798571175	724
0.00031653151584423435	-18.586564695732438	510
0.0003267082877081076	-18.701109892985823	1351
0.0003237654164027461	-18.575357520711204	429
0.00033305088815538245	-18.712581471864294	3401
0.0005952566335874119	-21.475893739663366	1
0.00031653071714380184	-18.694146796456618	191
0.0003095811675854558	-18.55510868997151	922
0.00029956547078299875	-18.504175798321256	224
0.0005887600831025089	-21.412473073794377	285
0.0005780150716356865	-21.281317347829862	110
0.0005922650479916291	-21.425093059562435	12
0.0005993573856713364	-21.496395850649893	1
0.0005973790423545292	-21.486504929808902	1
0.0003125395576306311	-18.525670615583998	592
0.0003258005342116224	-18.69411312188049	268
0.00031620111953111683	-18.638288630853438	1311
0.0005976912565233254	-21.48806587507192	1
0.0003140629290630988	-18.62832016350288	1462
0.00031656043792877025	-18.615986213806593	896
0.0005992230493874844	-21.49572422326431	1
0.0003150597313757969	-18.626011956411574	903
0.000315631367357538	-18.55968080563741	535
0.0003014560011827199	-18.533608520059452	465
0.0003031647634242969	-18.519383454936957	360
0.00030172423527871195	-18.52186028774318	846
0.0005821094620422121	-21.331494123963	431
0.0003184050240260341	-18.646526314759345	827
0.0003224484101145488	-18.525832514681124	825
0.00029872496088670706	-18.543001563185168	1208
0.00029904709767189427	-18.518494635823775	495
0.00029553749065598905	-18.50123719021519	844
0.0005809794445834867	-21.3445275440557	42
0.0005685917737432454	-21.21177747079384	267
0.0003231073613678339	-18.77093408294914	928
0.0003059962902896863	-18.529283718524646	445
0.0005855843080642904	-21.374463971905158	34
0.00031230757363490255	-18.53382094998217	594
0.00030430271176847137	-18.53810879343963	525
0.00030323923643053575	-18.51141412384544	588
0.00031493448190699673	-18.617034541730803	507
0.0002961214834246466	-18.514804858551802	2370
0.0002994003691655636	-18.525262620669267	580
0.00033500258973124565	-18.853041785358613	322
0.0003008538451290494	-18.53189420806285	820
0.0005999793046841448	-21.499505195561333	1
0.000298364429639028	-18.513227687528808	465
0.00034646875875844974	-18.674941287830556	1048
0.00059610377459668	-21.463586781519048	119
0.00031577152320333716	-18.59237885177793	803
0.00030235106897099576	-18.50902038717062	704
0.00030630939467012086	-18.524817235861228	389
0.00030360349959194713	-18.513864011858562	540
0.00029711990996715294	-18.513312559520305	1358
0.0005931935528372182	-21.445539709737695	4
0.0002993922574797447	-18.510614335355438	861
0.00030199683531910405	-18.527153387508225	277
0.0005960724527307104	-21.479972507235395	1
0.0005899013911188169	-21.255061072224724	180
0.0005997873332344417	-21.498545415528913	1
0.00033272105519931215	-18.866205490945053	558
0.000299400765306229	-18.5499556049175	1259
0.00030972675982345694	-18.566663242064813	786
0.00030319516222773957	-18.567186788465772	1002
0.0005993546903760166	-21.496382375257415	1
0.0002982407111781826	-18.528444310708082	1722
0.0002982593006349455	-18.502268747689783	888
0.0005955631006301417	-21.477425951607707	1
0.0005994441536527466	-21.496829655656523	1
0.0005928875614734343	-21.43273725288993	36
0.000597555956964445	-21.475819747929776	34
0.00030553203203035034	-18.547624193388902	1431
0.0005769464452704354	-21.277036268128384	330
0.0005794626471427153	-21.360738524498164	486
0.0005994888136115459	-21.49705293748708	1
0.0005985397911100251	-21.49230820670192	1
0.00030554537203638017	-18.569519281465688	379
0.0005965235752543242	-21.482227938399816	1
0.00031470011323894595	-18.671692113703823	936
0.0005904404984706736	-21.40690079996318	56
0.00030385202936861986	-18.549861212648437	1330
0.0003005225487188579	-18.532354141242177	469
0.0005854607628497894	-21.373645050282637	506
0.0003004853258204288	-18.524215038129977	864
0.0005983003458510419	-21.482390380122663	3
0.0003140370434012483	-18.615557211755064	441
0.0005996123119290338	-21.497670379400162	1
0.0005999661762711865	-21.499439558777144	1
0.0005997844096615215	-21.498530798840253	1
0.0005954369996358286	-21.47679549735736	1
0.00029943498343835815	-18.514901659115573	379
0.0005558211972749777	-21.09138977027723	235
0.00030930994868235047	-18.54701916863098	475
0.00032032509952085797	-18.70621795146419	2515
0.00031321750321873363	-18.579155295839396	1258
0.00030544521415137654	-18.556185747879496	744
0.0003014831881394985	-18.517024256141042	607
0.0003193424742427543	-18.646076810367337	398
0.00030890593604689223	-18.53065905762368	1567
0.0005752182785368777	-21.275402584709038	333
0.00030563048456036117	-18.51338554700603	677
0.00032290257101775084	-18.78271551864784	1345
0.00029831795962755313	-18.53071203431085	349
0.0005959673686117148	-21.479447128908085	1
0.0005748673647450603	-21.274299835713425	158
0.0003278713698368887	-18.60345505519546	634
0.0005952653768421036	-21.475937452420055	1
0.0005887813757635796	-21.39481330496092	472
0.0005792089046622405	-21.29400812858404	19
0.0005966846129309575	-21.483033062009287	1
0.000316984351154805	-18.68141798965199	361
0.0005990596379889857	-21.494907232000287	1
0.0005986969576213761	-21.493093976042065	1
0.0003079005780820129	-18.58243110834672	262
0.0005998232631042572	-21.498725050426028	1
0.0003049245944292973	-18.547458178500243	402
0.0003064732659068895	-18.572909343631842	548
0.00030398831842868993	-18.55003660800697	1206
0.0003050901613709968	-18.558182026794817	425
0.0003117175107574101	-18.50230674268555	896
0.00030152839674821053	-18.551885274148667	1266
0.0003001301976604757	-18.515338535798303	620
0.00030652984491195864	-18.61089008186973	2377
0.000594957067973673	-21.474396032088045	1
0.00029593500605607696	-18.520216458193648	1063
0.0005993842521972107	-21.496530172472823	1
0.00030433685452403144	-18.536613182807006	1162
0.0005988389715007577	-21.49380398831716	1
0.00029952848899345735	-18.50645022959058	876
0.0005962414981204565	-21.48081766618951	1
0.00030086070321684946	-18.540124706126843	998
0.0003520445707850667	-18.660986331799847	2284
0.0003119313131970151	-18.519631728039364	369
0.00030728658643873594	-18.598611084281817	912
0.00030290104319008953	-18.539361322728812	546
0.00030468362584695833	-18.527794416253144	1278
0.0003089600098494438	-18.513317481695594	231
0.00030490374861369337	-18.506016789231477	362
0.0005718072999039621	-21.284090752846257	1277
0.00030544953475974686	-18.53085954529806	508
0.0005942960680994394	-21.444698810007903	29
0.000590747237137254	-21.423640739122266	499
0.0003006152437366244	-18.50969368680722	145
0.0005993323799281766	-21.496270831992078	1
0.0002955351890620202	-18.503354253580326	1024
0.000598995241293918	-21.49458527442704	1
0.0005940046658284659	-21.465959422716818	2
0.0005982890082286995	-21.490068601925028	3
0.000315267035672861	-18.576498295146962	626
0.0005946362753206708	-21.47279219785449	1
0.00030683545463435543	-18.606049190957393	1326
0.0002980588903193826	-18.508718099619415	845
0.0003302843263492273	-18.52051364579525	427
0.0003211206460800624	-18.598717885597488	503
0.00031913470537931447	-18.53356223925346	1994
0.000599854680763818	-21.4988821260868	1
0.00030931159884993865	-18.55279243247434	200
0.00029975046214766887	-18.536157432420765	1944
0.00030294756271669667	-18.52925418072976	485
0.00031930154056207126	-18.69296098207964	1840
0.00031052776291952975	-18.52793901604569	1123
0.0003133443750723808	-18.508441429439028	325
0.0005743353381158906	-21.25190357143035	265
0.0003078321137647408	-18.534058920029665	1123
0.00029755916243239027	-18.50207640834214	894
0.0003078203393624428	-18.617563455303497	946
0.0005986747913120643	-21.492983153411394	1
0.0005997597921066275	-21.498407720967627	1
0.0003102756629558632	-18.562807948168306	496
0.0005923639300580905	-21.433852063240266	10
0.00031136035645955984	-18.592277417833955	172
0.0005995245701583329	-21.497231705838768	1
0.0005994674946528057	-21.496946351268438	1
0.0005995584920155052	-21.49740130148034	1
0.0005876625039565002	-21.378153619634716	5
0.00029520417724179186	-18.530780693341356	2595
0.0003031853507626102	-18.521014267588896	1407
0.0003037130125872258	-18.522117141226037	371
0.0003424658943382001	-18.90836390852186	1523
0.00030951805059464474	-18.544736292602796	1265
0.0003028688060878538	-18.55899413929108	709
0.00031820197542794816	-18.537934996467452	347
0.00029846186696380725	-18.500382290810933	463
0.00032134606751127307	-18.74283298133648	1012
0.0005797502423515245	-21.311912694129457	354
0.0003025805547486567	-18.509068641407925	162
0.0002976645699427097	-18.536164082545962	1600
0.00031551316240950675	-18.661026306578005	1237
0.0005763304674330491	-21.279285480397245	6
0.00031167081331778454	-18.591691508371795	529
0.0003029865731254586	-18.531969404888187	222
0.0005866917911086415	-21.387891114694334	14
0.0003048539158889169	-18.574973597280913	439
0.00031066978018717947	-18.553523245973732	521
0.0003060769550516397	-18.55993635907671	2005
0.0003073808871608028	-18.552064416257192	61
0.0005972303796604927	-21.474971201522017	75
0.0003120946011761808	-18.67571161854339	1410
0.0003051994149211962	-18.542579937952777	205
0.0003079266223152808	-18.61984165191327	713
0.0005997784537571389	-21.498501021713963	1
0.0003140240788597406	-18.6469735382368	370
0.0003120482280054143	-18.627554384078998	169
0.0003082475797222676	-18.53001244597104	698
0.000330814623313767	-18.797381307143578	293
0.00030135637724850936	-18.511017570173383	323
0.00031369778636987773	-18.559987430398834	297
0.0005980917107760683	-21.490067985262133	1
0.0003108603133776879	-18.623935143252087	327
0.0003085367268110189	-18.54339983282185	358
0.00057115351281191	-21.261102833266328	1185
0.0005871443831236953	-21.41688317873187	1039
0.0005899998705788327	-21.449612039032342	1
0.00031121537849781035	-18.54670660146352	183
0.0003047394887254071	-18.57835547834383	1111
0.0003064811194738399	-18.556288065246694	372
0.0003010531593796	-18.511409947170705	523
0.0003061921099737652	-18.53772253928354	620
0.0005981222582652061	-21.490220710420797	1
0.0003105441593569879	-18.621192068875512	1203
0.00030152946768010307	-18.536454711696646	539
0.000599675981468593	-21.497988701488353	1
0.0003102546842205189	-18.529767184897903	148
0.0005985288678199557	-21.492253594645216	1
0.0003020758723936313	-18.554547340638504	911
0.0005997520013619427	-21.498368770377848	1
0.0005991796344774453	-21.49550716617676	1
0.00030495394337475625	-18.54416018452805	586
0.0005975940100614437	-21.487579681877662	1
0.0003093450524882588	-18.54257580116682	1161
0.00030049796919957394	-18.507779100743424	476
0.0005986083587675954	-21.49265101741001	1
0.0005989948551336227	-21.491952889139764	2
0.0005913911430365629	-21.456567841713685	1
0.0003077351752259626	-18.567177101678613	596
0.0002984443113757469	-18.50082187014376	1048
0.00029776586014633574	-18.507063106645706	876
0.0003141208696945855	-18.6036879227874	237
0.0003156931411621504	-18.637602447679917	491
0.0003190586482326262	-18.672339254837212	1408
0.0002961293475221315	-18.51035021666628	1203
0.00029745142930154197	-18.520021993357936	421
0.00029969894498071915	-18.54449112419855	878
0.0003201960426700596	-18.572549611855237	498
0.000579854969428026	-21.30247938002949	66
0.0003028786822738689	-18.528689781574244	423
0.0005994418857761509	-21.496818317185745	1
0.00031952960546116925	-18.703565798741575	1033
0.00031119670770853334	-18.53001418155215	1488
0.00030139119404555	-18.520632316870383	622
0.0005995461772423746	-21.497339732568022	1
0.0005947018877743615	-21.473120233731844	1
0.0005990483966814935	-21.494851029984385	1
0.0003113709727830244	-18.621757470483757	1146
0.0002977172680407175	-18.505723625207025	851
0.00030066958935734634	-18.522946464624184	497
0.00029927521981418194	-18.51826814735143	911
0.0005939378499147601	-21.43929571768549	6
0.00033383908244538467	-18.745007644855658	430
0.0005900970737779729	-21.421986385659217	780
0.0002988493581096427	-18.512625811365943	402
0.0005785808767192999	-21.288131184538727	215
0.0005960910502454712	-21.480065487328776	1
0.0003161749713250322	-18.615859440727785	724
0.0005998040329862505	-21.49862890757087	1
0.00029863719242027723	-18.514364313369235	569
0.0005988633182339459	-21.49392571219019	1
0.00031285652783552765	-18.581672667055393	247
0.0002996840108539864	-18.535668376860873	1001
0.0005964548525049117	-21.477794282879263	4
0.0005986448406153541	-21.49283341197482	1
0.0005991502648912793	-21.49536033005917	1
0.0005976162191882838	-21.487690718578754	1
0.0003153387453310017	-18.526913745872754	366
0.0002997468961652812	-18.580705851116065	2302
0.0005996633756368557	-21.497925677400072	1
0.0002966630263287758	-18.523743951791378	1427
0.0003004902716707686	-18.50684421620756	248
0.00030983152294773616	-18.566224380656518	769
0.0005967202462409712	-21.483211214226674	1
0.00030485647860980554	-18.513799988933545	701
0.00029284204273430803	-18.505947234241326	2923
0.0003012270893803239	-18.503566604787824	1989
0.00032117455273552404	-18.540593121263136	1462
0.00029918296799266155	-18.521673425353008	938
0.0005972088182442351	-21.485653877726158	1
0.00029960300358849437	-18.536409471360525	1458
0.00030127854196040145	-18.516444844451517	44
0.0003028324059408228	-18.523954773864723	702
0.000307761336304026	-18.597484191992272	1568
0.0003060979941363738	-18.583872034619393	1287
0.0005999767867240224	-21.49949260677351	1
0.0003022865250931465	-18.513456193497323	646
0.0003018515906323353	-18.52213937498726	728
0.00031207678400939793	-18.640128790729573	518
0.0005758669772851864	-21.307707446000954	1869
0.00030210335379912847	-18.513024360003065	483
0.00030081437559808947	-18.521069589199353	276
0.0005983111485833515	-21.491165086034744	1
0.0002995322201194474	-18.515043086322137	932
0.0005774303080989208	-21.283041500733272	538
0.0005993320137009781	-21.496269001003395	1
0.0002985236691707789	-18.53658681216969	1327
0.000598558838130114	-21.492403434141142	1
0.0005996860529331466	-21.498039054760106	1
0.00029007398893962877	-18.513031317199122	2323
0.0005590298568441999	-21.172156010848692	2676
0.0005991939162419669	-21.49557856925486	1
0.0005791226559567926	-21.31074065624804	1066
0.00030715520810355634	-18.57012262240747	1224
0.0005940447813885776	-21.44807833940526	247
0.0005968226148152529	-21.483723015922685	1
0.0005842243859863215	-21.353265716750975	303
0.0003056097241476388	-18.575349564558387	772
0.0003022489971218274	-18.548428089097563	1792
0.00030428924419558374	-18.531574444034106	772
0.0003065954144000898	-18.53125513315146	251
0.0003034002048408365	-18.53280813144378	439
0.0002968519996438407	-18.501643192074717	844
0.0005998842843145911	-21.49903013193332	1
0.0003214182422384486	-18.645795447250777	273
0.00030747265012406503	-18.61279551140716	1217
0.0005787662164414386	-21.296735060666723	9
0.0005993389122717185	-21.496303491082305	1
0.0003041344322386203	-18.54115674726811	1373
0.00030186847704917545	-18.51287861456939	170
0.0003114259072277767	-18.612983078314233	552
0.0002992321000310798	-18.515416921028244	551
0.00031197286529614825	-18.600774589092296	222
0.0003063136647172165	-18.636899845501517	2951
0.0003045195141913773	-18.527771504996306	1010
0.000594475019198162	-21.305045536515692	15
0.0003003477389134734	-18.535632396166314	953
0.0005983977546922978	-21.49159808174416	1
0.00031061520548168736	-18.60416745608649	222
0.0003068214334794216	-18.514470686470432	490
0.00031930849146672715	-18.666996979512867	149
0.00031689731981895605	-18.52929739211407	479
0.0003226160234313025	-18.681075509554844	624
0.00030452314527890366	-18.52400786378716	453
0.0005996986618981486	-21.49810209451345	1
0.00031715175444077976	-18.55662729020677	52
0.00031513517782792537	-18.64160780246589	1634
0.0005959611108418196	-21.47941584257565	1
0.00030217502785300225	-18.514759517165576	1124
0.00030126690547894997	-18.50195635122325	900
0.0003099839358498459	-18.583314061350684	629
0.0003025849748530071	-18.513167063676878	728
0.00032109896027056876	-18.711012838438158	854
0.00031756596824035276	-18.735222009297086	2451
0.0005915961541715643	-21.441622928729895	36
0.0005949795080999652	-21.460773858770317	2
0.0005975635691298751	-21.487427489463983	1
0.0005975021096988806	-21.487120217029652	1
0.0003146464859027771	-18.6518407827666	956
0.00030593684022436906	-18.572261987863318	713
0.00029959650506101803	-18.51574043829158	738
0.0005995503046849793	-21.497360368120876	1
0.0003035621169686675	-18.60254515278189	1711
0.000598844663285716	-21.493832444952563	1
0.0005998415106130586	-21.498816280630397	1
0.0005945233205878109	-21.47222746962363	1
0.00031891175924521104	-18.631743994238636	599
0.000597352822559477	-21.486373841379947	1
0.00029842051139480176	-18.5064253966636	299
0.0002992291232687407	-18.519207975533583	1412
0.00030176422453197384	-18.51756955271346	616
0.0005978236634725004	-21.48872785656015	1
0.0003080711483640444	-18.57947998763051	268
0.0003021363730161144	-18.537038240027826	1302
0.0003152335386949238	-18.500353885072787	572
0.000310893820421217	-18.615744963247202	1056
0.0003053216725032656	-18.582064749159585	838
0.00030130956481109084	-18.56224300906565	2348
0.0005741587073024767	-21.277902452401133	572
0.00031152770006763117	-18.633057535419013	405
0.0005989477461191639	-21.494347817657108	1
0.00031028184971022414	-18.563372746980235	503
0.0003081980461036944	-18.532099434555832	495
0.0003016285532335912	-18.550304841822808	1295
0.000301962953254623	-18.545038695384807	534
0.0005997622081255776	-21.498419800090588	1
0.0005989489682209045	-21.49435392767425	1
0.0003014096150853427	-18.535726300632437	449
0.00030605647404794003	-18.569189773953426	414
0.0003052486628746118	-18.604062741264574	847
0.0005975561708041645	-21.487390500811237	1
0.00030619029450774216	-18.605373092661676	1284
0.0003545731577163756	-18.84145345083606	671
0.00030157917834786757	-18.51897007265195	256
0.000599177480700678	-21.495496398159233	1
0.0005998761961921509	-21.49898969457438	1
0.000599055404326146	-21.494886065388982	1
0.0003250737027670796	-18.59884623586954	195
0.0005917390017525563	-21.45830699537549	1
0.0003032391400355658	-18.52645665023555	793
0.0005970602997891743	-21.484911345188983	1
0.0002971823138294197	-18.518788549110475	1159
0.0003033823131252544	-18.546594074953486	545
0.000582464073855884	-21.0898728731783	30
0.00029972493490735695	-18.50967932234954	710
0.00030795327888886607	-18.634250773846457	1530
0.000301557887458901	-18.551759449131335	1849
0.0005991028777216279	-21.495123413271312	1
0.00031129449552033895	-18.640256416445535	428
0.00030071063658311737	-18.502796504847268	716
0.0002979342385909038	-18.523324280664962	984
0.0005895222177459523	-21.418832405146166	20
0.0005711488620018228	-21.218536299625715	28
0.00029850299592136325	-18.503815476842313	445
0.0005970631994978633	-21.475576505923165	2
0.0003067424715140956	-18.551701296562133	443
0.0005926121767606303	-21.447108682838476	242
0.0005976099453766459	-21.48765935204406	1
0.0003117350723900776	-18.605684597884586	247
0.000597984237693531	-21.48953066307802	1
0.0005970756259588686	-21.484987969872858	1
0.00030503991712703654	-18.50904931330784	581
0.00034800427809000736	-18.554243095269733	1206
0.0005988988097087323	-21.494103155288496	1
0.0002943870882243135	-18.532367124965223	2950
0.0006000447436508669	-21.499832364073626	1
0.0002986363674407007	-18.515522861560473	1362
0.0005957964560996223	-21.459126889932165	4
0.0005975276101280619	-21.4872477089186	1
0.0005996487054551291	-21.49785233239218	1
0.0003219996276105394	-18.7125094900481	1175
0.00033324915721523305	-18.52843093952229	243
0.0003042489051292046	-18.578070674499948	1002
0.0003009310708616191	-18.506331370108786	624
0.0003473236510877988	-18.98229275618176	250
0.000322397948202496	-18.725358187104185	783
0.0003029825356450909	-18.56546840407398	1446
0.0005995564528046994	-21.49739110624654	1
0.0005999491201227313	-21.499354284895308	1
0.0003238187505760298	-18.697883555634895	705
0.00032548508766235234	-18.763341309589773	422
0.00030781699901457965	-18.59057004663387	591
0.0003007549528248632	-18.51189768078563	332
0.00030064096344407644	-18.510692652248213	319
0.00030147220794262287	-18.52826524754066	692
0.000317302765295519	-18.55308325622657	1280
0.000599491634152006	-21.49706703905488	1
0.0005806745474153764	-21.318572258326945	36
0.0002988893470009275	-18.507725041399052	663
0.0003208815610591726	-18.577740180689275	794
0.0005992594086672374	-21.495906005038393	1
0.0005992283233991245	-21.495750591201162	1
0.0005882716929485228	-21.385440818802145	172
0.0003170176283281005	-18.598867878710706	601
0.00031394720675222116	-18.55700559216895	832
0.0003045228399744664	-18.563951547687136	1127
0.0005967144220873988	-21.483182095801446	1
0.0003004579395835506	-18.5081261744546	327
0.000355190797981067	-18.79139866375681	860
0.00031002427466750743	-18.53036732122007	657
0.0003070003323085745	-18.594870811523524	572
0.00030577240176971277	-18.56359919916306	865
0.0003155952725242053	-18.669919726723084	683
0.00030635295108805545	-18.507478647000156	479
0.00030992989896274346	-18.565261590006166	586
0.000598429481866913	-21.491756704855714	1
0.00031883475007671227	-18.634909568061687	1006
0.0003076454881748413	-18.51965541773087	632
0.000598233552379493	-21.49077713622674	1
0.0005991399541100008	-21.495308780300054	1
0.000323283685919977	-18.66967500644522	483
0.0003205485510890767	-18.6381670653343	715
0.0005953385208324882	-21.47630314295149	1
0.0003026793507517995	-18.510679797058142	438
0.0005987576312272614	-21.493397319666933	1
0.000313411284558305	-18.563121203599096	906
0.0002956021958154542	-18.541235039098392	2082
0.00030776243568546416	-18.52737948127535	653
0.00033214360207237223	-18.656933049473544	1623
0.0003183325768403416	-18.699584842548457	501
0.00030582996987867	-18.562754077273446	1058
0.00031463122528922613	-18.604487514269444	856
0.0005946880761453111	-21.473051181142	1
0.00031157698891057136	-18.512419533476432	869
0.0003004950578466068	-18.5322564671278	729
0.0005996243539804755	-21.497730584813734	1
0.0005920768760375004	-21.42806995739948	193
0.0005975419082508075	-21.487319193781236	1
0.0005952461728333624	-21.475841440100716	1
0.0005989861700286675	-21.4922471463843	2
0.0005973675200659839	-21.48644732300075	1
0.0005988454177206233	-21.493836216823645	1
0.0005977762384656787	-21.48849075060166	1
0.0003084021173229294	-18.54324186425629	1058
0.0003001335939769821	-18.534751152211534	1255
0.00029607442255302795	-18.505807355084137	1352
0.00031303793631905436	-18.61673450000295	215
0.0005982061062413458	-21.49063991657558	1
0.00030805340524888786	-18.57386278617024	427
0.0005974235509188246	-21.479273116529775	3
0.0003013594723306795	-18.539592407776556	420
0.0005986444917254461	-21.492831667665616	1
0.0003062723311510741	-18.52980819601504	393
0.0005986026716443258	-21.49262258408118	1
0.0003003692296240525	-18.55236885225711	1086
0.0003078911592541042	-18.56391860773838	214
0.00030703180715631383	-18.607583270318578	1297
0.0003042790427972498	-18.524581141791547	267
0.0003102098256092761	-18.576020494176845	432
0.00030074885895717735	-18.52193057638881	330
0.00030639505522237935	-18.5042433023618	159
0.000317407093698249	-18.637555094788233	1281
0.000596590414032198	-21.482562105404828	1
0.0005995770751765034	-21.497494209810682	1
0.000306952394475094	-18.535631889539708	220
0.0005995386558520199	-21.497302128641554	1
0.00030599586155615177	-18.658861435583198	2896
0.0003129747136558797	-18.62169995576462	860
0.0005971736541279311	-21.47818072700953	86
0.0003258017066602427	-18.579545974942697	269
0.0003081942547287828	-18.585489955735742	822
0.0002996669457469766	-18.514475284300893	489
0.0005850127133090892	-21.372608709658042	82
0.0005995061607279218	-21.497139666091478	1
0.0005973680630233691	-21.48645003756928	1
0.00030551117937330886	-18.56686141637762	590
0.0006000171454212074	-21.499694384026082	1
0.00030136396874208126	-18.52532030136246	873
0.00030076207555684777	-18.571553320164664	2943
0.00030074947348830597	-18.51558639028533	773
0.0003050143390867618	-18.522571515092444	214
0.0005984084224320896	-21.49165141615227	1
0.0002980270072159837	-18.515365044288856	562
0.0005974805011078572	-21.487012182766094	1
0.0005955815624805058	-21.477518253433672	1
0.0002958582129611741	-18.50028022526004	1038
0.0005984466556168573	-21.49184256669769	1
0.0005853303522429222	-21.375636685005986	833
0.00032093822572451633	-18.636271828423457	632
0.0005979597619614574	-21.489408294262454	1
0.00029595462530964474	-18.50259587251627	1241
0.00029877234210107836	-18.51157775753637	879
0.00034213780625441664	-18.54274800929915	737
0.00030198035214079973	-18.52952136785857	451
0.00030155394751891406	-18.51170818939128	359
0.0003049175979697065	-18.572426759274148	1611
0.0005996593225544283	-21.497905413618195	1
0.00030151163352276395	-18.52722999537226	1221
0.0005983988316273558	-21.491603465986284	1
0.00031579656434458953	-18.656405239460206	1170
0.0005922811861701191	-21.46101769938211	1
0.0005982120622990647	-21.490669694468487	1
0.0005999517554854817	-21.499367460649047	1
0.0003154823228075049	-18.532158142058016	669
0.00030386878412799046	-18.508789878133793	218
0.0005788359656869705	-21.332248952940397	971
0.0003026830450049744	-18.51633272279422	351
0.0002982746716246405	-18.515275905700626	1772
0.00031884458861895326	-18.64500664393425	726
0.0005990124746433021	-21.49467143424224	1
0.00031421628117025253	-18.55483345457979	465
0.0003050322460449953	-18.571492744997126	1081
0.0003056352957947959	-18.596631039523547	579
0.0005518106812247343	-21.02581799068247	141
0.0005999674508846528	-21.499445931331792	1
0.000598268910443153	-21.49095391232307	1
0.00031408599994534655	-18.61507947765083	1174
0.0005983177119858592	-21.491197900407307	1
0.0005988958264725894	-21.49408824030772	1
0.0005752996547650212	-21.341695774080065	1765
0.0005998475012343952	-21.498846231327487	1
0.0003067612307304557	-18.51436999552992	343
0.0002959653202488388	-18.501407306443856	779
0.0003063409367674398	-18.57918034840233	483
0.00033095181405331554	-18.72258847190116	1496
0.0003166938201806026	-18.588164062295473	994
0.0002994753833555612	-18.508805354149985	400
0.000303837190650573	-18.547886980640328	631
0.0005988561520436801	-21.493889884121298	1
0.000306431378230453	-18.555914936008204	372
0.0003053613830626106	-18.58150937216355	956
0.000310996449366436	-18.54287096160982	656
0.00030013372035343457	-18.538868859789954	881
0.00030809462109964987	-18.53622128689957	837
0.00031097427863026463	-18.562408927378183	308
0.0002983084911040049	-18.509063439842947	844
0.00032674140904457514	-18.651688753060746	1249
0.0005989717493221976	-21.49446782401754	1
0.0003080006417584392	-18.577441798854515	538
0.000592541109326039	-21.462317210613605	1
0.00031141629201376046	-18.508691437754067	683
0.00030421509880784075	-18.56866887791905	1504
0.0005925078898509702	-21.452334974757033	114
0.0003291998251825834	-18.78657502081633	287
0.00030283692643631846	-18.559753014233763	998
0.0003101219949352942	-18.50035485806764	453
0.000597445941659078	-21.476938459289048	3
0.00030587492797714736	-18.53023440195059	536
0.0005975219414115487	-21.484553532733667	2
0.0003040545502194641	-18.531463087447086	1742
0.0005990879248957449	-21.495048655156328	1
0.000323419818398413	-18.679725213902422	320
0.0003170211795900922	-18.51765972934556	233
0.00030936585010423525	-18.58921484584813	1245
0.0003149843837186891	-18.593454500235662	2799
0.0002996694817320531	-18.50145864536445	472
0.0005995971705370476	-21.497594678530508	1
0.0003210217051022635	-18.630315022003803	996
0.00031541027279450825	-18.668375209100752	822
0.0005991104889677075	-21.495161466440262	1
0.0005999113489804002	-21.499165444376228	1
0.000297576958550191	-18.511919305239775	1179
0.0002972448788676823	-18.537657512690643	1753
0.0003264373763638848	-18.786831861786965	540
0.0005988822976225538	-21.49402060149921	1
0.0003051576924080883	-18.506036796576733	756
0.000598536501606113	-21.492291760505488	1
0.0005998277249801182	-21.498747358010647	1
0.0005954626486527068	-21.476923732125023	1
0.00031498875409817045	-18.700385133072185	1336
0.0005977042523910553	-21.476768867159173	10
0.0003015865700367213	-18.55642754227749	421
0.0005925833720956173	-21.436505301737597	252
0.0005986400538342961	-21.492809479994904	1
0.00029708178378420663	-18.540847685542644	2290
0.0003099928249824649	-18.567098070888115	1185
0.00030443951425299494	-18.518987053998632	332
0.00031068722582768866	-18.511749158184173	953
0.0003091634843947749	-18.517579637700628	703
0.00030456114481424237	-18.553235114460147	432
0.0005992297758120525	-21.4957578526816	1
0.0005999552248472736	-21.499384806062537	1
0.00030087709575342403	-18.50288582322721	827
0.0002990297059453158	-18.510888723533796	766
0.0005988517546905059	-21.49386789912416	1
0.0003083702738319592	-18.55068953514233	555
0.00030520429774674664	-18.57356333848095	887
0.0005999525483094697	-21.499371424450093	1
0.000598554048010685	-21.49237948547071	1
0.00030576323144084004	-18.588850304340806	1225
0.00030414099195529714	-18.51630112032371	490
0.0003152724593701846	-18.656190479634347	313
0.0003105696849848601	-18.647150389217234	1844
0.0003101598713889823	-18.55141963101394	418
0.0003084853147758317	-18.638112608073158	3043
0.0003094532638555082	-18.576655787636362	351
0.00029885019453198685	-18.52329212356236	898
0.00030928775993591324	-18.601479677003773	999
0.0002988411764975922	-18.511065629346714	703
0.000598710783896951	-21.49316310185864	1
0.0005993923052166469	-21.496570434330863	1
0.00029557853086355793	-18.5238091315145	2427
0.00032101272496650943	-18.54618347564427	395
0.0005886869513659114	-21.386398172043286	22
0.00029319834026109826	-18.53478365883279	3841
0.000596460518605387	-21.481912680518217	1
0.0005811501427501878	-21.334184564057317	865
0.0005976501399005242	-21.48786030849613	1
0.0003073931627802141	-18.610820124034372	1942
0.0002966351499932301	-18.514890509288346	1101
0.00030984278479646166	-18.524818612977285	239
0.00033923728484170436	-18.655469097953926	954
0.0002982291696409058	-18.50293769690007	944
0.0005978673760706346	-21.488946401968438	1
0.0005981159507654687	-21.490189175459157	1
0.0003034121876530903	-18.543966983550796	1217
0.00030117287301627884	-18.511882754166376	484
0.00031055806860748027	-18.625560137560996	318
0.0005976738971658775	-21.48797908526708	1
0.0005956977923713846	-21.478099356137268	1
0.0005990484635024194	-21.49485136406214	1
0.0005956778105260128	-21.477999454947646	1
0.0003164386182189028	-18.657342989285485	665
0.00031425264717100857	-18.600550196148706	232
0.00029978175539300465	-18.509442509723662	1545
0.0003291336288090583	-18.647568720739073	415
0.00031165356901644166	-18.510023054297445	1012
0.0002943554739410524	-18.548100831513402	2812
0.00033237500073106494	-18.561492219919494	950
0.0002997967440022455	-18.523214606810022	932
0.0003039562492243798	-18.51727163547024	377
0.00031632539930439164	-18.6752849400355	402
0.0005866952279777289	-21.368468782492492	367
0.0005997055082923579	-21.498136323730694	1
0.00030119745318739165	-18.532931382801433	612
0.0006000343021940852	-21.499780160989552	1
0.0005972768663326519	-21.485994090797465	1
0.0003007807695520709	-18.52726696360369	807
0.00031614312950084474	-18.668464631523968	476
0.0005970670860670482	-21.478180476743642	7
0.0002991877184402113	-18.523951176847252	1265
0.0005992883499650897	-21.496050699886684	1
0.0005991242241706301	-21.495230136930207	1
0.0005849213111675743	-21.388724004067136	21
0.0005918515442623344	-21.45886966265675	1
0.0005984839270203679	-21.49202890872368	1
0.00030492577851785126	-18.54245198111268	700
0.000599821398085094	-21.498715726080373	1
0.0005991302788138133	-21.49526040771078	1
0.0002942316611648624	-18.503124320374422	2058
0.0005963837093888436	-21.481528665330238	1
0.0005917945231547869	-21.419896535356727	63
0.00031014607204651266	-18.613321172740193	437
0.0003117124048669822	-18.609241972517335	988
0.0005978546264003944	-21.488882658745496	1
0.0003211250801077748	-18.706102708781486	305
0.0005996781062288661	-21.49799932443508	1
0.00030609525930172743	-18.595419139189715	1886
0.0003119725139673246	-18.66450636515688	1056
0.0003048616577677798	-18.58550452303969	801
0.0005999675736743647	-21.49944654523096	1
0.0005860081269745406	-21.367306686041832	320
0.0005999944287857597	-21.499580809986085	1
0.00030493480407834994	-18.545576787797305	289
0.0003084617523049992	-18.5957271274343	1413
0.0003007713322698537	-18.51489731351649	304
0.0003251231149291215	-18.752434857397198	802
0.0005892935659333472	-21.232631864149003	315
0.0005999486979945448	-21.49935217442417	1
0.00030619869460060374	-18.617396211271206	1365
0.0003114488412647115	-18.54205884334107	610
0.0003203070885568293	-18.684201606502576	213
0.0005958070468115742	-21.478645584393135	1
0.0005974368402812431	-21.486793896194584	1
0.000546096180387032	-20.97702054885076	741
0.0003020949019087275	-18.514121628828335	816
0.00030833806789342907	-18.601243539449513	798
0.0005995501162571614	-21.497359426057578	1
0.0005957546528298448	-21.46864609716571	616
0.00029989138662988007	-18.514578313903918	449
0.000304509068359399	-18.502327543740147	422
0.00030676254894703597	-18.561701846492422	302
0.0005991440855350306	-21.495329435763434	1
0.00030897931890983785	-18.59333734220484	1848
0.0002940602786027166	-18.502598870174737	2045
0.00030615293145862623	-18.57162028778833	453
0.0003411789973158181	-18.913484918505265	1000
0.0005978300261515237	-21.488759667396025	1
0.0003017071557004641	-18.507658692375827	305
0.0005993698134108735	-21.496457984348805	1
0.0005996316500907908	-21.49776706243062	1
0.0003192524008495547	-18.624351518063868	238
0.0005982095233036506	-21.490657000512666	1
0.0003051253833075865	-18.561618296738537	529
0.0003075521344448429	-18.5618374941618	1087
0.0005969484020601355	-21.484351901552074	1
0.000598806430376505	-21.487944867539916	2
0.0005799348279859654	-21.322219283407936	8
0.0003059153957960281	-18.53633438809758	260
0.0005991440091210525	-21.495329053724276	1
0.00029478279038921686	-18.505824161880177	1894
0.0005998062618042581	-21.49864005076441	1
0.0005997516872161692	-21.49836719977534	1
0.00030013338768363694	-18.52600296354194	507
0.0005994807550847729	-21.49701264809457	1
0.0003011533061405034	-18.52158351748745	362
0.0003182974501015051	-18.645645939091096	428
0.0003095137381924944	-18.610532518314884	977
0.00029858680328491736	-18.512782858773097	524
0.000326068875525927	-18.642232169540225	464
0.0006000157969542936	-21.4996876422339	1
0.000597483317288644	-21.487026262537285	1
0.0003168039552730502	-18.690601874033437	581
0.00059430362938363	-21.471129101968454	1
0.00030297835886848693	-18.53567797935238	751
0.0005992737844201904	-21.49597787802084	1
0.0003187018079703973	-18.513272052766105	954
0.0005747126058701058	-21.25003297852053	31
0.00030476785755486436	-18.529662668637275	1340
0.0005984063856833114	-21.491641233227615	1
0.0002991512984173528	-18.502682116355434	645
0.00030550196673082795	-18.54093119729717	583
0.0005998382351542533	-21.498799904653847	1
0.00029776048852565195	-18.504552993895203	934
0.0003352678843374909	-18.695927775211157	508
0.0005984992732740754	-21.49210563381954	1
0.00030392557420653245	-18.551520761585877	391
0.0005977049229751996	-21.488134201834278	1
0.0002990141285040065	-18.51976069147645	438
0.0003063215929997594	-18.57024659658613	492
0.00029893287195717494	-18.52554339632015	1313
0.00031733057625128345	-18.6215962512616	299
0.0003078381965785612	-18.574066879336012	609
0.0005809791668124365	-21.314865233415414	64
0.00030730438516382195	-18.564657918833184	414
0.000310998031848996	-18.59497833055457	400
0.0003367476307831045	-18.51838595830225	699
0.00031369334335544486	-18.611843680275726	594
0.00030903948383173704	-18.612792591064792	1833
0.00030817426210481786	-18.589342601506985	285
0.0005982921921791596	-21.491070311638563	1
0.0005973547968663194	-21.48638371212004	1
0.0005937479112638571	-21.43756153375097	19
0.00031075998732063657	-18.58913786946893	956
0.0005899248877152006	-21.408887825870938	491
0.0003023346851908751	-18.50044716498164	535
0.0005968563637631733	-21.483891747087547	1
0.0003601225055409638	-18.714515132746794	695
0.0005887651248368532	-21.396606334280605	22
0.0003063386910978188	-18.581330211407277	668
0.000318980518163185	-18.523483052747093	153
0.000315281372350209	-18.650358327159065	1031
0.0005979649433967317	-21.48943419935471	1
0.0005999356492474349	-21.499286935937178	1
0.00029789866571630456	-18.52838414776879	1526
0.0003131060926338586	-18.548012728861707	310
0.0005983840959872102	-21.491529793712626	1
0.0003023693807304196	-18.521861094593383	410
0.0005882201185294852	-21.398029194255162	295
0.00030324661928902606	-18.533605404277303	359
0.0003000214031358696	-18.505555453891347	871
0.00031779509565092555	-18.61668596526165	403
0.0003082501316331422	-18.569256166065916	647
0.0005849131820548242	-21.367957133251252	5
0.0003174530946178634	-18.674865778971096	641
0.000593469788832792	-21.436768424069676	5
0.0003011590491829741	-18.510235529398162	191
0.0005996905721369118	-21.498061648961187	1
0.0005973725542148457	-21.48647249172019	1
0.0003024011142555274	-18.550119385856377	1102
0.0003328532977170225	-18.701175077732785	352
0.0005995701427226566	-21.497459550329868	1
0.00032704775376784286	-18.732185586687713	573
0.0005718617302200949	-21.22354144890947	182
0.00032490911821543187	-18.693802566090532	392
0.000597739331763665	-21.488306231936463	1
0.00031485993633703787	-18.663647414409677	301
0.00030919677127397207	-18.602558340120567	575
0.00031899936851226897	-18.555125586893908	1184
0.00029514834415228817	-18.509147659085404	573
0.00030425812538596193	-18.549445254915526	258
0.0006000079256339079	-21.49964828879803	1
0.0003086465574008414	-18.59696479674472	1656
