T	U	Steps
0.0003686525768947119	-20.34296460246359	1
0.0005109233214054259	-21.054261099886293	1
0.0003592411394707423	-19.478326469836066	1
0.0005544323953138744	-21.27178896890545	1
0.0002914172951722845	-19.956819259965002	1
0.0004574776244996266	-20.787054112658165	1
9.586971784808291e-05	-18.979160027854032	1
0.0003266302149196607	-20.132869695115772	1
0.0004891625553832949	-20.5519690932344	2
0.0002905723202191159	-19.952594725070874	1
0.00013844958629535972	-18.74325695990012	1
0.00023406823804790716	-19.670097041680748	1
0.00024040719195384468	-19.701789261512197	1
0.00028706922586882797	-18.595730138390877	2
1.813087917024677e-05	-18.590497103122594	1
0.00044627738189417695	-20.731057404670594	1
2.843643818273534	-120	0
2.843643818273534	-120	0
0.0005702228403713693	-21.350734842850013	1
0.0005678620945026134	-21.3389320630619	1
0.0005524990399138777	-21.262122969553158	1
0.0003102887850053799	-20.051169118508252	1
7.247611897483842e-05	-18.862201443024265	1
0.0004660927541452331	-20.203019287820403	2
0.00046009937587073146	-20.39629785412979	4
0.00013410022284583977	-19.17029717550253	1
0.0003134016477285315	-20.06673218004666	1
0.0004817200726995637	-20.9082566026913	1
0.0003472999892508209	-20.23621025283082	1
0.00036082611778974136	-20.303835454951688	1
0.0002609382472036812	-19.80443627961718	1
0.00016355577860149677	-19.317563106461794	1
0.0005402393621572776	-21.200829511943226	1
0.000381860834994555	-20.409000580245134	1
0.0005415273305840924	-21.20726883602166	1
0.00021755224426808534	-19.587523715959815	1
0.000529325505958294	-21.146264620795648	1
0.00019789192838459796	-19.48923004445172	1
0.0005634118535090734	-21.31668264810116	1
0.0004526731140266149	-20.763033492796808	1
0.00025811604774763925	-19.62332656239809	1
0.00021084580435510445	-19.553994213905934	1
0.0005460560880886346	-21.22991080195595	1
0.00014556603839594538	-18.913129086365927	2
2.843643818273534	-120	0
0.0004566837994718628	-20.78308530681718	1
0.00034155592755801255	-20.207492254783322	1
5.6797066141110836e-05	-18.783812485393582	1
0.0004901105147050176	-20.950205437856482	1
0.00041811459404980737	-20.59025479328164	1
0.000587971143796581	-21.439469221129716	1
0.00032291821026923665	-20.114311164932044	1
0.00033490638173554286	-20.17424720029766	1
2.843643818273534	-120	0
0.0004167088488945298	-20.583226632933872	1
0.0003797587829592752	-20.39849116557076	1
0.00047101275087917577	-20.854724300363003	1
0.00014228815872591904	-19.211233561494264	1
0.0004721449613551648	-20.860384897337358	1
0.0003406706833938799	-18.79612394220336	4
2.843643818273534	-120	0
0.0005041079408782988	-21.020186938580533	1
0.0004037769803339165	-20.518572491677148	1
0.0005110826833334374	-20.742096571196218	2
0.0004498459607597911	-20.74889886361999	1
0.0004363039738088847	-20.68119437581787	1
2.843643818273534	-120	0
0.000343303103186855	-19.17769203043962	2
0.00018088519639846494	-19.404203225087375	1
0.0002874868678404585	-19.93716870422976	1
0.0005276998627441474	-21.138137058602464	1
0.00025187502545624604	-18.531957325929252	2
2.843643818273534	-120	0
2.843643818273534	-120	0
0.000575152689801542	-21.375382107082466	1
0.0005636812598391385	-20.58199350981379	2
0.00028436212436501235	-19.921546243708637	1
0.0005194201153426895	-21.096741651932906	1
0.00046730599473578013	-20.728738911354	1
0.0005770410661539005	-21.384823229288354	1
0.000509290421796433	-21.046097258637595	1
0.0004278612706981748	-20.638984256147236	1
0.0005574819397728428	-21.23224413062598	2
0.00010290675414866525	-19.014342378871138	1
0.0005962656404259614	-21.48093836800635	1
0.00041886488287958744	-19.86442940193133	4
0.000542381839888051	-21.211541038834763	1
0.0005832380917926352	-21.415805864871164	1
0.00048543125547449804	-20.926811023828158	1
0.000320348295479107	-20.101462624670443	1
0.0005468316590502897	-21.233788344808666	1
0.000379819926530933	-20.398796858835453	1
2.843643818273534	-120	0
0.0003521752458240323	-19.627011645656427	1
0.0004481415057908748	-20.740377274353172	1
0.0005130158090241859	-21.064722696325134	1
0.0004811912968746378	-20.90561293625457	1
2.843643818273534	-120	0
0.0005685871346785045	-21.34255697231064	1
0.00037228887289294865	-20.361144619838438	1
0.00038332766989998237	-20.416334164771705	1
0.00031896837950304594	-20.094563599829563	1
0.0004923748706572243	-20.5792095190354	1
2.843643818273534	-120	0
0.0003684941692159633	-20.342172627785686	1
2.843643818273534	-120	0
0.0004088028778831278	-20.543699957871645	1
0.00034302617775975745	-20.21484291441776	1
0.00029948659542194115	-19.125084049637024	2
0.0004840592824167791	-20.919951710384133	1
0.00028363847534741357	-18.63999633193999	3
0.00038381311704501896	-18.51200451934222	3
8.495903227245338e-05	-18.924610988547915	1
0.00042239060385230765	-20.611633122367664	1
0.0003144251805241456	-20.071849432332233	1
0.0002095980954780006	-19.206560252332793	2
0.00046172972691270334	-20.808312914413268	1
0.0005009779110299863	-21.0045380483214	1
0.00020697500194753594	-19.534641758809226	1
2.433944586499365e-05	-18.621537439343342	1
0.00041525327030733384	-20.57594932547086	1
0.0005982261873918164	-21.490740314250754	1
0.0002523054944083266	-19.761275987966428	1
0.00012980887889529124	-19.14884218184407	1
0.0002508202845919706	-19.753850536276097	1
0.0004702489828975488	-20.804565996600253	1
0.0005435020673624239	-21.217141725620923	1
2.843643818273534	-120	0
0.0004268531536983367	-20.633944076639896	1
0.0004068215865116496	-20.533794297943086	1
8.677154946593795e-05	-18.933672845472035	1
2.843643818273534	-120	0
0.0005464659635321895	-21.23196001431077	1
0.0001415944193448574	-18.81645308990332	1
0.0004531364655649561	-20.765350064116028	1
0.0004033254149768999	-20.51631484652383	1
0.0005801943897135914	-21.400588578735018	1
0.00013827768631330728	-19.191182812551382	1
0.00032215202947591783	-20.11048056914403	1
0.0003112100805307743	-19.83169760309607	2
0.0005422297860248207	-21.017225459396567	3
0.0005811848443192726	-20.627089821815588	2
2.843643818273534	-120	0
0.00016935733615252693	-19.346568560674015	1
0.0005761637240482216	-21.38043687165062	1
0.0005828814181543	-21.414022640143248	1
2.843643818273534	-120	0
0.00016154374270028484	-19.307503736250844	1
0.0005973086900865753	-21.48615319676671	1
0.0005361924787003217	-21.18059672242413	1
0.00045340505737225494	-20.766692915117652	1
0.0005436133811567807	-21.217698249819296	1
0.0004734006728130568	-20.866662949545795	1
0.00017756532344198134	-19.387605195647406	1
9.01313446357329e-05	-18.95047046992077	1
0.0004693753570987919	-20.846537990065023	1
0.0002851698205582444	-19.56019911980227	2
9.353476938764455e-05	-18.967486224731093	1
0.0003584417374108698	-18.714051956535187	2
0.00042709510120126455	-20.635153716836722	1
0.00045942411244985623	-20.796785769479357	1
0.0003096931989140527	-20.048191427612405	1
0.000579243250844386	-21.3958332669627	1
9.530754512992159e-05	-18.976349390384257	1
2.843643818273534	-120	0
0.0002776998212699371	-19.888237407991262	1
0.00048149621914695437	-20.90713742496819	1
0.0001597831935506211	-19.29870169864288	1
0.0005927856420333435	-21.463539775792476	1
0.0001912393047539708	-19.455969602163247	1
0.00026775026551551406	-19.703182937546593	1
0.00043438841778274787	-20.67161736617549	1
0.0005280982578556703	-21.14012887391482	1
0.0005961300782127537	-21.480260611467088	1
0.0003976156634197322	-20.487768385354077	1
0.0005589687135422203	-21.294468735417635	1
0.0002500947861167814	-19.750223335715205	1
0.00045293279748523065	-20.764331805638196	1
0.0005328892741125697	-21.164082028123353	1
2.843643818273534	-120	0
2.3121059259682554e-05	-18.615445996384743	1
0.00047133924552288667	-20.856356642256603	1
0.0003576854568018968	-19.6590812201246	1
0.00029521308651152554	-19.150631128691398	2
0.0004401045131989545	-19.71948243417371	3
0.0005777414371840269	-21.388324802730867	1
0.0005236887864287216	-21.11808329038842	1
2.843643818273534	-120	0
0.000398572319366142	-20.4925512802933	1
0.0005789013468616398	-21.394123884571975	1
0.0005073158050251939	-21.036224969025525	1
0.0005766486492491522	-21.382861302605278	1
0.0005654544435162271	-21.326894776552134	1
2.843643818273534	-120	0
0.00021891160499882447	-19.594319972841962	1
0.0002662724813892723	-19.831105304972265	1
0.0004914437647972248	-20.95687115204837	1
0.00047862962526560123	-20.8928056085828	1
0.00025321087473321644	-19.32506576841394	2
0.00015525876534915785	-19.276081377482623	1
0.00025212600428717525	-19.76037860955644	1
0.0004739751474550519	-20.869535091686576	1
0.0005925303743988321	-21.46226354029545	1
0.0005086688157852099	-21.04298947860818	1
0.00029988032596396343	-19.99913100986414	1
0.0005460100120069165	-21.229680440080404	1
0.0005570262976966681	-21.284757437481918	1
0.0005690697972867023	-21.34497009121171	1
0.0005319062916140346	-21.15916751101275	1
0.000586107167123375	-21.430150087505382	1
0.00010228985657446153	-19.011258139132963	1
0.00038507006073282816	-19.996381932254373	1
0.0005188842243953626	-21.094062412746066	1
0.0005540636676778973	-21.269945479037766	1
0.00022262989031587315	-19.612909903832556	1
0.000486506212507172	-20.932185376614818	1
0.0003663543041732955	-20.331474163283783	1
0.0005721066089820333	-21.36015292820079	1
0.0003929984917528222	-20.464684384170507	1
0.0005804906886688531	-21.402069954331896	1
0.0005104322189321184	-21.051805785054416	1
0.00036752577351291594	-20.33733103878532	1
0.0004081576568037307	-20.540474111999984	1
0.0003144148374291234	-20.071797721017393	1
0.0001518254429694394	-18.795033907527813	2
0.0003306969562988236	-18.519190294569768	3
0.00029501600472444837	-19.974811360227772	1
0.000440888111700437	-20.704113221411728	1
0.000140953016971662	-18.66662632773088	1
2.843643818273534	-120	0
0.0005320182509224368	-21.159727262521706	1
0.0003496026408695116	-20.247722584735683	1
0.0005861200519603625	-21.43021450650769	1
0.0001791959179609902	-19.104116976810797	2
0.0005978994725259245	-21.489106871334826	1
0.00024169172046367254	-19.504743442811087	1
0.000403013353338584	-18.515374948365714	2
0.0005334442896279425	-21.166856882458006	1
0.00045011236229218504	-20.750230764128077	1
0.00026156586311567757	-18.790347888744165	3
0.0005449130325686133	-21.224195984123607	1
0.0005926478807873668	-21.462851024973883	1
0.000557875192256354	-21.28900156883206	1
0.0005697373974226789	-21.34830782336481	1
0.00014390872824684078	-19.2193357572621	1
2.843643818273534	-120	0
0.00042915241568705897	-20.645439461758315	1
8.084974275414257e-05	-18.904066193823443	1
0.00020716085002384053	-19.53557092443764	1
0.0005528768869124243	-21.078004991743143	1
2.843643818273534	-120	0
0.00046442075298149004	-20.82176696235393	1
0.0004746501760587054	-20.652959067183573	1
0.00040021720291262645	-20.50077503640919	1
0.00035695397592435475	-19.19758314265435	3
0.0005671220622641418	-21.335232199530466	1
0.0004977087836187574	-20.988193726196478	1
0.00050405057741001	-21.019900144312224	1
0.0004393799280790204	-20.696572909936776	1
0.0003466267925537321	-19.35647076575203	1
0.0004432718824851738	-20.13565588502506	2
0.0003351458252856425	-20.175444321737505	1
0.0005766747844997214	-21.38299196834582	1
0.00021673558488955217	-19.58344074754958	1
0.0004926563657744969	-20.96293366919391	1
0.00031337261365936336	-20.066587021379107	1
0.0004073158318520489	-20.536265325846276	1
0.0004948462971497883	-20.9738824452209	1
9.050610770398733e-05	-18.952344134522228	1
0.0005528682110790036	-21.263968676888187	1
0.00037145539268867127	-20.35697755406527	1
0.0005027911945830952	-21.01360373673539	1
2.843643818273534	-120	0
0.0005146274474475329	-21.072780240197424	1
0.0005067835341949795	-21.033563828968138	1
0.0005343661217070794	-21.171465672067963	1
0.00028890202638192877	-19.944243927722173	1
0.00046809655287455043	-20.84014448331337	1
0.0005406041254060742	-21.202653181469593	1
2.843643818273534	-120	0
0.0005050867227371191	-21.02508045418217	1
7.323922995021446e-05	-18.866016690957327	1
0.0004636719619998444	-20.818023308629634	1
0.0005491144456560373	-21.245201359639058	1
0.0004559136197163241	-20.77923471782656	1
0.0005460150135169046	-21.229705445618603	1
0.0002512136027433905	-19.755816968830025	1
0.0004540886637181979	-20.770110671882456	1
0.0004869094557432555	-20.934201430599927	1
0.000387022406266696	-20.43480636048265	1
0.00037888452126279976	-19.605431650670827	2
0.0005653032613844036	-21.326138926702548	1
0.0001676549110933926	-19.229481676248966	1
0.0004950528516024312	-20.97491513440234	1
0.00012868998714018464	-19.143248173116984	1
0.00034067363019773373	-20.203081122865726	1
2.843643818273534	-120	0
0.0004901231105193846	-20.95026841186194	1
0.0004340343502695825	-20.064289586311176	3
0.0002490183041257776	-19.74484135875028	1
0.00023311947541800488	-18.986155361005736	2
0.0005311672160778081	-18.743977959647086	2
0.0004788992537753082	-20.894153642679477	1
0.00043758546183941593	-20.68760130052148	1
0.00043728813160502135	-20.686114768943746	1
0.00029213536148443067	-18.709057628599986	2
0.0005136077819940381	-21.067682323066897	1
0.0005646150822022425	-21.32269830759597	1
7.89625375994265e-05	-18.8758172827014	2
0.0005204224027700252	-21.011009088169875	2
0.0002579735746989397	-19.789614109564717	1
0.00045244873308078156	-20.76191167831971	1
0.0003016411945708438	-20.007934644629692	1
0.0004270624063794072	-20.634990255878176	1
0.0004459801977400817	-20.705471545190605	2
0.0005555056053860375	-21.27715458759223	1
0.00033644015465441235	-20.181915447967167	1
0.0004945030168854255	-20.97216618197567	1
0.00039773760365975516	-20.05817789144746	1
0.000437717565272058	-20.688261764549125	1
2.843643818273534	-120	0
0.0004093054171701195	-19.952531507829587	2
0.00032304746638044015	-20.114957393497768	1
0.00024271700189749568	-19.71333738216259	1
0.0005257005410265324	-19.066203251202896	2
0.0005371937398355134	-21.114559805475277	2
9.408030125451257e-05	-18.9702136646378	1
0.00032977329984150113	-20.14858385549144	1
0.0005128430636602043	-21.063859038988067	1
1.494406736316451e-05	-18.57456432590885	1
0.0005500266354882704	-21.24976194189287	1
0.00013938426458044774	-19.196715258791457	1
0.00028463164705996597	-19.922893748774104	1
2.843643818273534	-120	0
0.0004629415432492382	-20.21072668969643	2
0.0005749024114961975	-21.37413081622443	1
2.843643818273534	-120	0
0.00032580740097115695	-20.12875595633122	1
0.0005805770369953683	-21.402501661232847	1
0.00037512676959140144	-20.375332961852106	1
0.0005710071087226433	-21.3546558691525	1
0.0004792720204038283	-18.528705181284987	2
2.843643818273534	-120	0
0.0002957208639897623	-19.97833537304093	1
0.0005810985109229826	-21.405108821120038	1
0.0005620902892047598	-21.310075358148403	1
0.00020408011806977134	-19.520168503820784	1
0.00019212154284390886	-19.22286236754192	2
0.00046545735226258473	-20.826949541811214	1
0.0005206470228389886	-21.102875695919113	1
0.0005233957585630154	-21.1166182689236	1
0.00035522351488498854	-19.129426331181072	2
0.0002820604147781495	-19.910038621584	1
0.0005890219835533264	-21.44472299723735	1
0.0004261651969306698	-20.63050456951633	1
0.0004457825153443047	-20.728583270969906	1
0.00045368217503043666	-20.768078391944364	1
0.00020968720252653643	-19.548201670784	1
0.0004869356740305586	-20.93433251149074	1
0.00044566389575263185	-20.72799022072354	1
0.000569836724366639	-21.348804418132634	1
0.0004894600039899685	-20.94695314593419	1
0.0003938607620727799	-20.468995388941917	1
0.0002300517355994708	-19.646430578968182	1
0.0005347481058375003	-21.173375439075745	1
0.00023483147961554044	-19.673912942522566	1
0.0004897703116806997	-20.948504559573724	1
0.000313860692280453	-20.069027218166166	1
0.0004848594006069974	-20.923951979506107	1
2.843643818273534	-120	0
0.00030247190554264625	-20.012087865354346	1
0.0005878821728548202	-21.439024402207423	1
0.00022244139689968486	-19.611967512568754	1
0.00034774996730586047	-20.238459962112707	1
0.000346077346822821	-19.752895059505867	2
0.00037800312319116324	-20.26941334251237	2
0.0005189985131080344	-21.094633810339424	1
0.000589059165249136	-21.444908890760914	1
2.843643818273534	-120	0
0.00050747435053074	-21.037017632781975	1
0.0005682140536450722	-21.34069171720673	1
2.843643818273534	-120	0
0.0005897612778647825	-21.442796627757534	2
0.0003271528692183802	-20.135482756383713	1
2.843643818273534	-120	0
2.843643818273534	-120	0
0.0004570007861777974	-20.784670112846253	1
9.627893620753337e-05	-18.981205955052623	1
0.0004217505338751074	-20.608433029935075	1
0.0005574481686683797	-21.286866622652592	1
0.0005598127630366962	-21.29868864339054	1
0.00020829549587796233	-19.541243697323083	1
0.0004299354146437294	-20.64935414159837	1
0.00021403476143435032	-19.569937716617613	1
8.920997893391801e-05	-18.94586401200983	1
0.00019934889051009653	-19.496514269049747	1
0.0004524323329658853	-20.719375352059373	2
0.00019685296027722142	-19.48403562181583	1
0.000371246504292029	-20.355933196102608	1
0.0005110166237911921	-21.054727574286385	1
0.00032154540902967614	-20.10744771091193	1
0.0002961820368117215	-19.95169554488966	1
0.00042493200416138255	-20.286294628055757	1
0.0004774606603810617	-20.886961254349313	1
2.843643818273534	-120	0
2.843643818273534	-120	0
0.0005250008460052169	-21.124643060525145	1
0.0005948332736392496	-21.473777110209348	1
0.0005960406952062492	-21.479813732386823	1
0.00033139354888101635	-18.603731944659398	2
0.0005586382992821238	-21.29281679701868	1
0.0005561688455687598	-21.28047052173275	1
0.00023470628831048727	-19.673287036352622	1
0.00039803057297000023	-20.489842766217603	1
0.0004941045364634	-20.970173940145113	1
0.00045747213318714	-20.787026658304484	1
0.0002668617780091058	-19.83405155104044	1
0.0005692584471352458	-21.345913264574367	1
0.0004729256599231642	-20.86428807615933	1
0.00047141890410703683	-20.856754903136522	1
0.00036685472690466993	-20.333976075657134	1
0.0004336320720800759	-20.66783594188477	1
0.0002563230076873777	-19.78136193840948	1
0.0003619062320512147	-20.309235591807962	1
0.00040857275059935346	-20.542549414016175	1
0.0003828428496172222	-20.4139102583657	1
0.00042022252381180365	-20.600793594225415	1
0.0004762793318973004	-20.881055087092687	1
0.00038264447137586577	-20.412918446951995	1
0.0004908082075520588	-20.953693621460808	1
0.00042909354791186786	-20.64514514656057	1
0.0002530705134845843	-19.76510077563641	1
0.0005092032347288142	-21.04566135836849	1
0.00034060813775421776	-20.20275368699097	1
0.00048117725296903207	-20.90554272237538	1
0.0004668379799327894	-20.833852124836547	1
0.0005841857627980556	-21.42054383871943	1
0.00048437815711933527	-19.828887295038864	2
0.0005159567153411289	-21.079426044998	1
0.0004616149618043405	-20.807739135033074	1
0.0004698934237988003	-20.7246106673006	1
0.0003228960760897245	-20.11420050293745	1
0.00012633706672006214	-19.131484517424425	1
0.0005984086055728169	-21.49165233178224	1
4.693822329771169e-05	-18.7345222366691	1
0.0003500247476450961	-19.793777022485596	2
0.00046303730823016385	-20.671771369870676	3
0.0004887714158051947	-20.74653034531299	2
2.843643818273534	-120	0
0.0003535198100197152	-20.26730685489561	1
0.0004406187020939844	-20.702766281743276	1
0.0002654904614436469	-19.827195519793655	1
0.00039712646181725184	-20.485322574111752	1
0.00025485532632179414	-19.774024121922594	1
0.0004635983001110633	-20.817655028814524	1
0.0005915040041559389	-21.457132101914777	1
2.843643818273534	-120	0
0.00023043596580611667	-19.006137264422374	1
0.0004537302765172861	-20.768318880030897	1
2.843643818273534	-120	0
0.0005671766650780245	-21.335505191637157	1
0.00013972288088104167	-19.198408204093816	1
0.000456758872801634	-20.78346064326952	1
0.000580617010410163	-21.402701512228433	1
0.0005346577047386436	-21.172923469943225	1
0.0005395410141654646	-21.19733805287856	1
0.000470584474580045	-20.852583091131628	1
0.00013826993614450442	-19.191144064824694	1
0.00011768783664340713	-19.000193423035437	2
0.0003968520182548942	-20.48395046668857	1
0.0004245017606327892	-20.622188057105873	1
0.00047091891308155255	-20.732646809839267	2
0.00047007264923208485	-20.850024170261786	1
2.843643818273534	-120	0
0.0005177049512666337	-21.088166521437884	1
6.220631912971077e-05	-18.810856574589128	1
9.486072253118852e-05	-18.974115457114692	1
0.000466019583686858	-19.154184131082133	6
0.0003156841376607895	-20.078143711628936	1
0.00044375787351660993	-20.718460876196986	1
0.0005870127846177642	-21.43467781071354	1
0.0005297727715384993	-21.148500768794396	1
2.843643818273534	-120	0
0.00020804789453617993	-19.54000579020611	1
0.00019356769124900003	-18.833984255634487	1
0.000263312727550381	-19.816307726270637	1
2.843643818273534	-120	0
0.0004901331363809198	-20.950318537136944	1
0.00030909378265268266	-20.045194587406943	1
0.0002952392991419103	-19.975927742500044	1
2.843643818273534	-120	0
0.00044557211354582566	-20.72753134660679	1
0.00031981671480336646	-20.098804935107825	1
0.00036205949351862665	-20.310001837499126	1
0.0005209330144677526	-21.104305539029387	1
0.0005660558197322906	-21.329901415742718	1
2.843643818273534	-120	0
0.00030582936619369204	-20.02887381814834	1
0.0005838099256298584	-21.418664804050287	1
0.0005866921054288877	-21.43307454375498	1
0.0005199371023150344	-21.099326378848527	1
2.843643818273534	-120	0
0.00040803374557319777	-20.539854605687758	1
0.00032564555149812885	-18.99353397989996	2
2.843643818273534	-120	0
0.00043645921153505335	-20.681970502007914	1
0.000359581743200191	-20.29761408252496	1
0.000427926445817992	-20.63931010553113	1
0.0005638891586316606	-21.319068981729103	1
0.0005841278468623299	-21.42025428233615	1
0.0002232577219172092	-19.616048809308435	1
2.843643818273534	-120	0
0.00043645664370700924	-20.681957663900544	1
0.0005938247321038083	-21.468734808194746	1
0.00011617636581206409	-19.080685099792404	1
2.843643818273534	-120	0
0.0004890133685891143	-20.944720148578725	1
0.0001533976189356506	-19.266776394018372	1
0.0001999375408111493	-19.499457283783983	1
0.00044423928532921634	-20.7208677416232	1
0.00042965827697648556	-20.647968564734395	1
0.0005331037389521085	-21.165154266057502	1
7.948674912615732e-05	-18.897251773916317	1
2.843643818273534	-120	0
0.00022242054523673274	-19.611863262641094	1
0.0005532771845416876	-21.26601337970145	1
0.0003024669364842092	-18.653427944421427	2
0.0003613291736557361	-20.30635053193902	1
0.0004060155424188469	-20.52976440169175	1
0.00045055164663185406	-20.75242700913441	1
0.0005641400955451177	-21.320323565362795	1
7.14151587219692e-05	-18.85689706850675	1
0.0005232130438171782	-21.115704768687213	1
0.0005717162545589968	-21.358201313096682	1
5.119235243314176e-05	-18.755791171220764	1
0.000557929345590006	-21.160139009897833	1
0.0005744008211504755	-21.371623066248986	1
0.0005039315083215779	-21.01930484676286	1
0.0005140630410411408	-21.06995843518494	1
0.0004746579375170905	-18.624564978002034	3
0.0005750881885725009	-21.375059626881395	1
2.843643818273534	-120	0
0.0003049485337580642	-18.641588339430847	3
0.0005937552404387146	-21.4683873778207	1
0.000575553701064843	-21.377387002101425	1
0.0005833514369759057	-21.416372545197028	1
0.00030963840397067646	-20.04791747493553	1
0.0004271684862472732	-20.63552061254932	1
2.843643818273534	-120	0
0.00018551738375586016	-19.427362298683654	1
0.0003791980719868742	-20.39568783624183	1
0.000430611266076468	-20.453600986117486	2
0.000463001959712139	-20.286380165094684	3
0.000226372498921108	-19.631621441480604	1
7.548278261318951e-05	-18.877233551854808	1
0.0004290745702751245	-20.64505026601017	1
4.045737456028955e-05	-18.702120599754156	1
0.00020717458492908468	-19.535639593439313	1
2.843643818273534	-120	0
2.843643818273534	-120	0
0.00046655771347153666	-20.832450905261016	1
0.0004988168957007022	-20.993733840893636	1
0.0005690196439434242	-21.344719344668345	1
0.0005687591776792078	-21.34341711811382	1
0.00017666771436278513	-19.232933806153923	1
0.00021470022640355648	-19.573264773795685	1
0.0005461350039442974	-21.230305349492177	1
0.0004554452103125745	-20.77689285921471	1
0.0003879156192497657	-20.439272066123642	1
0.00017354301753231521	-19.367495283979004	1
0.0005685583429433623	-21.34241302521574	1
0.0003435838550569897	-20.21763107659107	1
0.0005452874050847065	-21.226067696121348	1
0.0001836257700430335	-18.73609002058999	2
0.0005090655519470598	-21.044972999839448	1
2.843643818273534	-120	0
0.0005645921940762939	-21.32258387617245	1
0.00038892162526076235	-20.444301691535877	1
0.00042454284479261165	-20.622393461379826	1
0.0003279362624690382	-20.13939940753511	1
0.0005451289346786415	-21.225275407832093	1
0.0005990763477534792	-21.494990774101637	1
0.00031893062948137613	-20.09437486490529	1
0.0003433284274874879	-20.21635404148342	1
0.00035284356449687414	-20.263925899285596	1
2.843643818273534	-120	0
0.00025724692863792956	-19.78598117153631	1
0.0003201123111137659	-20.100282797763015	1
0.00033492690323508946	-20.17434979954109	1
0.0005155542350621758	-21.077413805491663	1
0.0002845680977396712	-19.922576027733882	1
0.0004853188372172995	-20.926248977759823	1
0.00011040250494026833	-19.051818117836003	1
0.0002844360537771766	-19.921915861033053	1
0.00032756156649748876	-20.137526078390188	1
0.0001132576615815747	-19.066092752621522	1
0.0004891259636941116	-20.945283078814924	1
0.0005687002095765265	-21.343122301318974	1
0.00021956196083192903	-19.597571490416826	1
2.843643818273534	-120	0
4.0347385056807123e-05	-18.70157069647749	1
0.00038025063477597874	-20.40095022681821	1
0.0002765893962531614	-19.88268572955028	1
0.00012677651763741846	-19.133681595252195	1
2.843643818273534	-120	0
0.0004803393547469236	-20.672929602681663	2
0.00036681987238788285	-19.93689899767306	2
0.00028826662283585805	-19.941067165568263	1
0.00032341155217792134	-20.116777676040044	1
2.843643818273534	-120	0
0.0005029849464432601	-21.01457241810399	1
0.0004766102736099331	-20.882709662542165	1
0.0003678697977357198	-20.339051021523517	1
0.000244322157659173	-19.025396950422365	2
0.00040887531961454745	-20.54406213739073	1
6.930111421651731e-05	-18.846327696305213	1
0.000374058728574727	-19.887349904349716	2
0.0003649722053846222	-20.324564225257827	1
0.0004881456863811508	-20.940382086544098	1
0.0001515743081477711	-19.257660573463752	1
0.0005776642958997848	-21.38793912733796	1
0.0005926364452823128	-21.462793852048282	1
0.00018219580591737086	-18.85043109981837	1
0.00039195190093499883	-20.1248784872632	4
2.843643818273534	-120	0
0.0004892857119585261	-20.946081755881938	1
0.00032466681561195995	-20.123053488309427	1
0.0004765584820100628	-20.88245072537479	1
0.0005320574907409573	-21.159923445830998	1
0.00046353448294657947	-20.81733596866109	1
0.0002775078107821573	-19.887277432784163	1
0.0005049323394535137	-21.024308599861264	1
0.0005238753492571725	-21.119016029490073	1
0.0002560858987074274	-19.746985954327002	2
2.843643818273534	-120	0
0.0005679717525618361	-21.339480309250582	1
0.00015492336749344508	-19.27440452311012	1
0.00042837717986047907	-20.641563594446176	1
0.00041026259964865077	-20.550997979559796	1
0.0005474946610417685	-21.237103088088777	1
0.0004451069330007307	-20.725205630989475	1
0.00010525826317365479	-19.02609897815573	1
0.000455713299356602	-20.7782331966022	1
0.0005727544843742167	-21.363392044568748	1
0.0005760621054557224	-21.37992881956186	1
0.0005271448981608388	-21.135362458907647	1
0.00010878023712786923	-19.04370743129388	1
0.0005706404189811008	-21.35282256793729	1
0.00033389518696922815	-20.169191633195897	1
0.00042385468453462027	-19.813555673480632	1
0.0005411957488039692	-21.20561106049218	1
0.0004933096100709065	-20.966199627923483	1
0.0001827117563577703	-19.41333529019222	1
0.00019324543102532075	-19.4659994266019	1
2.843643818273534	-120	0
0.0005469459848851775	-21.23435992799817	1
0.0005662450142300665	-21.330847312132466	1
0.00033090726897621383	-20.154253245052033	1
0.0005335381029970555	-21.167325911569304	1
0.00048636381033695673	-20.931473423041734	1
0.0005317706818237991	-21.15848951660749	1
9.796928218725875e-05	-18.989657005048503	1
0.0005915398333256504	-21.457311233351877	1
0.0005130862483737246	-21.065074864740218	1
0.00016367900650001774	-19.172945363967067	1
0.0003466773978447953	-20.233097546223746	1
0.00020334811486245473	-19.516508782215634	1
0.0005891783988380392	-21.445505010746466	1
0.00023879288968595467	-19.69371839948866	1
0.00035559325269639844	-20.277673234284457	1
0.000446935095991251	-20.734345710605613	1
0.000590962885124058	-21.454426724408044	1
0.0002670452778854528	-19.834968976613574	1
0.00030817660351250366	-19.219700737672916	3
0.0005738904680237264	-21.36907150589303	1
0.0004914667458515647	-20.95698604807647	1
0.000529906930571147	-21.149171509995252	1
0.00037716423464953367	-20.385519467619364	1
0.0005186108638370423	-21.092695719907454	1
2.843643818273534	-120	0
0.00011851597827269141	-19.092382221040303	1
0.000324001713406518	-18.763271893968643	2
0.0005359660857668386	-21.179464848818057	1
0.00024358727190387149	-19.7176883821484	1
0.0002778293519953604	-19.88888500951763	1
0.0005118091923531824	-21.058690098303888	1
0.00046771604438977703	-20.83824209394028	1
0.0003069306245854406	-18.880518698677133	3
0.00046859956158037437	-20.28206763441216	3
0.00029737391839607574	-19.98659998016943	1
0.0005433321141061327	-21.21629202769925	1
2.843643818273534	-120	0
0.00037591806474603106	-20.379289119345	1
0.00023594626830574593	-19.679486437575516	1
0.0004777258749587998	-20.888287220561544	1
0.0005908106190495293	-21.453665455280923	1
0.00015396130590322277	-19.26959460212613	1
0.00010486131424459615	-19.024114393174003	1
0.0005333782077210473	-21.166526499503455	1
2.843643818273534	-120	0
0.00031683648661062986	-20.083904992872306	1
0.0005653701997572746	-21.326473591642483	1
0.0002731786699675357	-19.473425014843365	2
0.00027505448793411824	-19.025573936084058	3
0.0005665436356740985	-21.332340299239025	1
0.0002564707623386716	-19.78210065223504	1
2.843643818273534	-120	0
0.00022575738809914615	-19.628546134784955	1
0.00045549690322483293	-20.777151302983718	1
0.0005553625036234398	-21.094899180916755	2
0.0004941205767381342	-20.970254135066952	1
2.843643818273534	-120	0
0.0005496586052617998	-21.2479219387922	1
0.0005996280437436364	-21.497749032145414	1
0.0002488467312104241	-19.743983563184766	1
0.0005137449698453642	-21.06836820714287	1
0.00046081331261975633	-20.80373121155508	1
0.00030064675871059165	-20.002962865317357	1
0.0004779845443974068	-20.889580463710757	1
0.0003734724899326798	-20.367062228954396	1
6.353280065702336e-05	-18.817488448679043	1
0.0005767944351383478	-21.383590173412237	1
0.000457257531974635	-20.785953738560355	1
2.843643818273534	-120	0
8.848842528284516e-05	-18.942256533982807	1
0.00036333298049223147	-20.316368760136342	1
0.0002456545278792577	-19.728023830519216	1
0.0004331054933411599	-19.84868774938793	2
0.0005308642824155173	-21.15395788414437	1
0.00041147529929310355	-20.557060990001553	1
0.0003917156183629407	-20.45827053322738	1
2.843643818273534	-120	0
0.0005628840069479927	-21.255372587338986	1
0.0005416874958791896	-21.208069598074346	1
0.0004735085762469311	-20.867202423313497	1
0.0005472369769027896	-21.235814771041394	1
0.0001306998434743168	-19.153296646369213	1
0.0005917578003117748	-21.4584009806103	1
0.0005014068896946677	-21.006682769098017	1
0.00046509726587392887	-20.825149254704392	1
0.0003632808869982334	-20.316108313619758	1
0.00047557322889504855	-20.8775248560951	1
0.00032571665087895217	-20.128302242372328	1
0.0004369554123998331	-20.684451306746443	1
0.00035493353241472714	-20.274374898233393	1
0.0004455910238875292	-20.727625890709056	1
0.00048774319382679604	-20.938369785665685	1
0.00019503736004608814	-19.474958350943552	1
0.000426300484497405	-20.631180952933697	1
0.0002584376542432121	-19.79193432062077	1
0.0005785249153398574	-21.392241878373973	1
0.00047044753594599237	-20.745669895354673	2
0.0005461360618472342	-21.230310638581347	1
0.00045730325563257413	-20.786182338458765	1
0.000517390345751935	-21.08659362040721	1
0.00047531570115507733	-20.876237320979847	1
0.00048295869970668237	-20.9144492395177	1
0.00027723333785620796	-19.88590517855483	1
0.0003259829031941055	-20.12963339685423	1
2.843643818273534	-120	0
0.0003496354398402287	-20.247886566396637	1
0.0003846898526213925	-20.423144530472126	1
2.843643818273534	-120	0
0.0005176470766506508	-21.0878771716367	1
0.0003150494113865673	-20.07497033556185	1
0.00045574826647680163	-20.77840801813848	1
2.843643818273534	-120	0
0.0002111761737694241	-19.555645928094044	1
0.00036726428966063767	-20.336023724699785	1
0.00024016395556075143	-18.520895820808818	2
6.823073384458108e-05	-18.84097622498139	1
0.00015585484098389868	-19.27906151589863	1
0.00042910727788551454	-20.645213790906237	1
0.0005890453168372888	-21.444839654271885	1
0.00017470229702085883	-18.587481020760855	1
0.0005083499363144258	-21.041395209516185	1
0.00040162968131991246	-20.507836860308707	1
0.0003896088649721976	-20.447737613666703	1
0.0005602912171844409	-21.301080721682098	1
6.71549150410859e-05	-18.83559756368725	1
0.0005493499453063761	-21.246378763166444	1
0.000455490368619401	-20.77711863258495	1
0.0003690230460794644	-20.34481679937465	1
0.00029870549408223066	-19.81615680113928	2
2.843643818273534	-120	0
0.00017254018926358866	-19.36248154599995	1
0.0003810726866405518	-20.131040237162427	2
7.473119254910646e-05	-18.873475903844188	1
0.00033092859388493583	-20.15435986101819	1
0.00010103016739478167	-19.00496019991553	1
0.00037754309660906416	-20.053632893167624	2
0.0002877894643646232	-19.938681565138097	1
0.000542147596907622	-21.089578028122595	2
0.00037046320711531873	-20.352017025282308	1
0.0005499467270039675	-21.249362431612703	1
2.843643818273534	-120	0
0.00014870964042059512	-19.243338387074502	1
0.0003518934365082289	-20.259175641509476	1
0.0005162595328609801	-20.88722936349597	2
0.0002897619286741238	-19.94854309330725	1
0.00010084779662053121	-19.00404841939872	1
0.0005880161499267969	-21.439694233678114	1
2.843643818273534	-120	0
0.0004326385658235075	-20.662868810216942	1
2.843643818273534	-120	0
0.00029864325665919343	-19.99294616092293	1
0.0003214139350097001	-19.254970599064944	3
0.0005014206118231279	-21.006751374220908	1
2.843643818273534	-120	0
0.0005611850253985008	-21.30554940323863	1
0.0005738713499827223	-21.368975923377803	1
1.432255349790633e-05	-18.571457006572196	1
0.00041821447358759967	-20.590754150796357	1
0.0005066161527436797	-21.032726989036973	1
0.000419257736199701	-20.595970044228505	1
0.0005930542099752219	-21.4648825074766	1
0.00048225159422727	-20.910913996537534	1
0.0004674111971477748	-20.836717980348052	1
0.0001911463470863266	-19.455504851215107	1
0.0005807182624715017	-21.403207731808816	1
0.00029779315522273514	-19.988695995674366	1
0.00010541226924222804	-19.0268689465532	1
0.000577561118001822	-21.387423279349083	1
0.00032418545308611577	-20.1206468692972	1
2.843643818273534	-120	0
0.00058213796897029	-21.410305693258515	1
0.0005352282863687403	-21.175776148590383	1
0.00019529017738445438	-19.47622233594543	1
0.00048427038537403506	-20.92100714025911	1
2.843643818273534	-120	0
0.0002039967548303723	-19.51975172115473	1
0.00042871305688038923	-20.171992673586775	2
0.0003318260014298529	-20.158846537781255	1
0.00020497552529198746	-19.502003229737017	1
0.00035184918736882374	-20.258954413610645	1
8.908551374776418e-05	-18.945241736142318	1
2.843643818273534	-120	0
0.000597640032742787	-21.487809776772817	1
0.000492801478717521	-20.96365917554069	1
0.00045021336812955265	-20.44312093764668	3
0.00031337220742463164	-20.066584990368845	1
0.0005749234186608665	-21.374235843598125	1
2.843643818273534	-120	0
2.843643818273534	-120	0
0.00013125202883181096	-19.15605735105284	1
0.0005073185808966003	-20.676253587039167	1
0.00037527914383370385	-20.376094771774586	1
0.0003952567159312353	-19.671798125199786	1
2.843643818273534	-120	0
2.843643818273534	-120	0
0.00014133255923671914	-19.206455948416153	1
9.003959668967546e-05	-18.95001176709398	1
0.0004291036466372313	-20.19700286925557	2
0.0005202456063591174	-21.100868774980295	1
0.0002668856738427495	-19.834171020597108	1
0.0003024996432179313	-19.33212274760792	2
0.0005554960120341261	-21.19392525665221	1
0.0003885108004848056	-19.798174093559126	2
0.00040598179206913237	-20.529595663518478	1
0.0005975936802644093	-21.487578033025144	1
0.000554580933927002	-21.272531602224856	1
0.00043718951005591985	-20.685621700866484	1
2.843643818273534	-120	0
0.00045399025292065836	-20.769618657478233	1
2.843643818273534	-120	0
0.00022690497846112736	-18.691872865202935	3
0.0005167497653518371	-21.083390976065438	1
0.00043976222022636553	-20.69848421690529	1
0.0005838410351134221	-21.418820338955033	1
0.0005138398721337997	-20.69298128299543	2
0.0005195625270971111	-21.097453653423166	1
1.5895033082612003e-06	-18.507796877200203	1
0.00037241853143893	-20.36179286041618	1
0.0004322188484226418	-20.660770392034276	1
0.0005790311375719102	-21.394772785918	1
2.843643818273534	-120	0
0.0005369120077744613	-21.184194078380827	1
0.0005477735969755534	-21.238497655562146	1
0.0004503140216183271	-20.75123897964597	1
0.0005732692078829128	-21.365965455076548	1
0.00044016557347325685	-20.70050082090019	1
0.0003666234356673075	-20.332819712501898	1
0.00013614400692520402	-19.180515273834267	1
0.0002161620487074349	-19.580573297330716	1
0.0005452433219359654	-21.225847298109073	1
0.0004846401769114206	-20.922855949205907	1
0.0004897466385140295	-20.52639590404272	1
2.843643818273534	-120	0
0.0002461024174379992	-19.73026309815966	1
0.00042772307724493557	-20.638293344466174	1
0.0003398399666277933	-20.198913140337996	1
0.0005247553805506655	-21.123415831985213	1
0.0004624691673997748	-20.812009819425715	1
0.00024673562447142714	-19.733428878633852	1
0.00027723347573673266	-19.885905867901993	1
0.0003933256064258087	-20.466319825961097	1
0.00047232515996681497	-20.86128581791486	1
0.00027978987313473976	-18.944763992147895	1
0.00014384896397206444	-19.21903695992702	1
0.0004904510973372226	-20.951908214025988	1
0.0004614900599451714	-20.807114675976127	1
0.000294054074832652	-19.970002097682936	1
0.00047219566254245776	-20.860638382880435	1
6.953850615885236e-05	-18.847514560531444	1
0.00044266859672553147	-20.713014930378097	1
0.00022157157248797	-19.607618740377017	1
0.0003716320161135177	-20.3578606001468	1
0.0001612665925798724	-18.620174134893933	2
0.00012770945393726914	-19.138345901499306	1
0.0005022366643017193	-21.010831308375547	1
1.2615208194313784e-05	-18.562920966794568	1
0.00047022129599021535	-20.850767344262703	1
0.00054332213300507	-21.216242126208606	1
2.843643818273534	-120	0
0.00032896799283568486	-19.146521173172502	2
0.0005444784652441588	-21.22202332229603	1
0.0003958564146407774	-20.478972849076612	1
0.0004665127321640948	-19.255125835411302	4
0.0004143951018477443	-20.571658828351413	1
0.00046195906284268555	-20.809459501818083	1
5.36645346883312e-05	-18.76815108811833	1
0.0005390451459723276	-21.194858911364438	1
2.843643818273534	-120	0
2.843643818273534	-120	0
0.00024481539727972285	-19.723828515042502	1
2.843643818273534	-120	0
0.0005306406374166329	-21.152839749106	1
0.0005326317851261788	-21.162794686760414	1
2.843643818273534	-120	0
0.0004836467664144884	-20.917889296297744	1
0.00017892598636858682	-19.394407962985106	1
0.00040845788439612294	-20.54197512920231	1
0.0004529390481791945	-20.764363056593815	1
0.00030589460344047985	-19.709378706078876	2
0.0004058306791351762	-20.528840159630395	1
0.00049299782027779	-20.964640804368166	1
0.00039063899256140547	-20.349480893424275	2
0.0005680739037467318	-21.339991024087098	1
0.0004076508667309153	-20.53794036548054	1
0.00045534371888250976	-20.776385442886976	1
0.0005249576984260219	-21.124427339984287	1
0.00038879519635942746	-20.443669597882316	1
0.0005067526174443903	-21.033409257650742	1
0.0003385983501102999	-18.995260856271983	1
0.0005570888516837599	-21.285070182256476	1
0.0005912732245571325	-21.455978296746526	1
0.0003925417056090887	-20.194271459165613	3
0.00025598051484880703	-19.779649611976485	1
0.0005329892063576543	-21.16458164915333	1
0.00030263795440947704	-20.012918042899166	1
0.00044350598592768413	-20.09852855121169	2
0.0005529548048483008	-21.264401610904322	1
0.0004630667258955597	-20.814997371550497	1
0.0005983045744524134	-21.491132218024347	1
0.0005315666385926887	-21.15746938252363	1
0.00022475905354466045	-19.623554863569613	1
0.000168840135218072	-19.343982764033907	1
0.00015112151656327343	-19.255396797666254	1
2.843643818273534	-120	0
0.00042295545904594604	-20.61445717113586	1
0.0004473934799259568	-20.73663744590476	1
0.0004374629739328078	-20.686988910256378	1
0.00046566017054755065	-20.82796355165706	1
0.0003723696119031478	-20.361548282414027	1
0.0005711391090537238	-21.35531581771381	1
0.0004542699273617894	-20.771016917191286	1
0.00010693726440293434	-19.034493308962546	1
0.0004358506390871607	-20.678927884552703	1
0.00044890251344593154	-20.744182006530647	1
0.0004903840603364087	-20.951573055986007	1
2.843643818273534	-120	0
0.00024830713724628874	-19.741285810403337	1
0.000552964774907413	-21.264451457189658	1
8.786223454839375e-05	-18.939125832181354	1
0.0003869431761771109	-20.434410241903205	1
0.0003195623060458706	-20.09753299365041	1
0.0005902587520391766	-21.450906342204956	1
0.0005246343721903009	-21.122810838856218	1
0.00045661403422675814	-20.782736508653123	1
0.0005807804255831649	-21.403518522363452	1
0.0004940171816163385	-20.969356947098937	1
0.0004763101655154816	-20.88120924278148	1
0.00045205642607561684	-20.44976156963354	2
0.00023188814807741925	-19.659197468719295	1
0.00025475401258561836	-19.544044220711413	3
0.0004416071231209355	-20.70770798930843	1
2.843643818273534	-120	0
0.00039723635012484977	-20.4858719714497	1
0.00044793760987644126	-20.739357876793438	1
2.843643818273534	-120	0
0.00022926667179277532	-19.646091141724547	1
0.0005725245112333873	-21.362242271366004	1
0.0004067233574761939	-20.533303192276176	1
2.843643818273534	-120	0
0.0005781504613843226	-19.917444198897428	2
0.0003481738734700225	-20.240579322427024	1
0.0003106119526069646	-20.05278482652945	1
0.00024064134619635914	-19.702959938541614	1
0.0004409025593067765	-20.704185453632206	1
0.0004913485815405477	-20.95639527405026	1
