T	U	Steps
0.0019733132315801227	-24.86527243809334	1
0.001708938519379194	-22.350444231193762	7
0.0019984032869266814	-24.990712622929124	1
0.0014460569406106356	-15.866673292130555	20
0.0016260994862038246	-21.45786100413654	16
0.0018781657636461227	-24.029028122093962	3
0.0017931534246579393	-23.13843525461638	14
0.001979587819679396	-24.896642854781128	1
0.0013574855113637637	-17.230511225068888	6
0.0019676557092629062	-24.83698710211533	1
0.0019511115163421049	-24.754272792031955	1
0.001682000021671323	-17.403696090987637	7
0.0011263975755017982	-15.435290432073781	9
0.0012712791569036343	-18.014036096360936	26
0.0017649979452560836	-23.82377979650012	1
0.0011009980816550546	-16.26042385248379	14
0.001959778503692592	-24.797604242688312	1
0.0009832653246215947	-15.556540857186214	8
0.0010937055318924584	-16.027573448248177	27
0.0016837236536738113	-16.418016939689508	8
0.001965270677070622	-24.825062900478184	1
0.0009515309795935185	-15.462398394453105	11
0.0011234102668336856	-15.05179880410444	8
0.0018763659759495253	-23.770949712940237	4
0.0019343425794174855	-24.670434852327595	1
0.0013851859567204424	-18.789135467655377	7
0.0019267776047942615	-24.632613022048314	1
0.001928577484579216	-24.64161169701289	1
0.0010969760382725413	-16.06430914714799	13
0.0018590890643219106	-21.363827782421524	13
0.0009285441587190502	-16.03224743642914	6
0.0014017743724728043	-17.531263430190535	15
0.0019965290514161495	-24.98134219924454	1
0.001524964939503769	-17.92177149109052	5
0.001291588694659496	-17.49180674604588	9
0.0018096490706233754	-18.285338035769247	3
0.0018066609285481835	-23.121910389218534	12
0.0012213174857610724	-17.04191759293587	5
0.0019077869400271645	-24.537667336770426	1
0.0016317258382519757	-19.566367273221385	6
0.001343694943471401	-16.114557418484125	20
0.0019268995091468724	-24.63322249477815	1
0.0019722484862907176	-24.859949139915585	1
0.0016429121611080738	-15.558443103641178	6
0.0019811550122504273	-24.90447818726916	1
0.0009820085993158226	-15.322265256983291	9
0.0019654410131607386	-24.825914512415	1
0.0014763346172125035	-17.550902554837755	7
0.0012655570391461922	-16.588033386725773	11
0.0017982742139406554	-23.013435700612884	3
0.0010624065408916385	-15.365283698349176	15
0.0013836750201193554	-17.501172966361345	2
0.0012240002076579284	-16.93827086407902	38
0.0018831044772987728	-24.414264951080728	1
0.001966154776779378	-24.82948304341322	1
0.0011894536090068628	-15.922210554005309	3
0.0016944562553629706	-22.26559333314888	4
0.0011507340689441358	-16.325481757653897	14
0.0019070146469091559	-21.578172597296103	7
0.0015943081394780535	-20.405061223541217	9
0.001832026186024333	-20.822995516899102	7
0.0019180964445214487	-19.89690182817026	9
0.0012575386782440702	-15.169302107971397	17
0.0019974359085087687	-24.985876119945253	1
0.00187508042998035	-24.37414794197688	1
0.0018732277571503488	-24.364885323021856	1
0.0011400801902837735	-16.262150834201154	3
0.001312594152737024	-16.725426495002303	11
0.0019354161205186956	-24.675802126026458	1
0.0014001016769369596	-15.293089092634116	13
0.0011735511537607696	-15.615222978638608	4
0.00104693704017868	-15.657098651056883	7
0.0019238079019791793	-24.617765702467477	1
0.0011741743207805628	-16.43430390741841	35
0.0010849215700152535	-15.112678991445412	14
0.0019881822019127094	-24.939611309055348	1
0.0019786919163717683	-24.892163698599465	1
0.001310483140873101	-16.21807901678364	7
0.0014238042392815066	-16.737134093473628	10
0.0009666913803499978	-15.635379577501478	14
0.001934525373153881	-24.671348747485	1
0.001177611872221056	-16.94802991059315	9
0.0017188309441881645	-23.592963360773602	1
0.001503087764512311	-18.969578090847662	5
0.0016359763582641507	-20.591874476090293	17
0.0018126614945482766	-23.521916053394413	6
0.0019983493090389164	-24.990442755201663	1
0.0012025526446532613	-16.22939826245824	8
0.0011830527547320201	-16.96113600758641	4
0.0018576255911343469	-23.620978189058025	19
0.0010788587016047825	-15.087468543947509	13
0.0014860983759577247	-17.486991600332768	7
0.0012094151099294882	-17.422341717646944	7
0.0014762817895080157	-16.408605399020217	8
0.0019967205178049387	-24.98229945417554	1
0.0019457755408682463	-17.940935602524746	3
0.001077602695700251	-15.368356008726035	9
0.0019995448120203184	-24.996419789245127	1
0.0016245917651549328	-19.300572240623374	14
0.0019454299406539237	-24.725867198874045	1
0.0013526979894294274	-15.150693939455323	7
0.001863066872486076	-24.314084986682374	1
0.00188176863563446	-23.97742823273391	5
0.001271821664006281	-17.10819488829965	5
0.0015392100502627424	-20.85225695275929	2
0.0019944065247655494	-24.97073041972901	1
0.001642584492837466	-21.538214020100682	7
0.0019086076043135613	-24.541770328109102	1
0.001519426426464181	-20.480808774857007	3
0.0016352735419717648	-22.17233774935245	3
0.0015886844998410671	-20.941579268379023	9
0.001224979891210227	-16.342107899872254	4
0.001383239908358904	-17.242133576493483	4
0.0019284613621903062	-24.641031131775897	1
0.0010815077212571991	-15.51459308384707	5
0.0018233485758295663	-24.115509479170044	1
0.0018634281244731328	-24.31589110131236	1
0.0010593038292021793	-15.24470706680976	15
0.0010158074543308443	-15.027234059950455	8
0.0013067240938500302	-19.0109522254163	3
0.0018328716154675324	-23.35094175153756	3
0.00197482319652354	-24.872821655461795	1
0.001972593162767608	-24.86167238366186	1
0.001990111059650856	-24.94925482190747	1
0.001353633291394889	-18.558846806536973	4
0.0017619473070806014	-22.833269381469368	7
0.0011748288501602713	-15.787907657784094	8
0.0017005687286223061	-22.17074538189192	21
0.0015774925655277394	-15.45084543119205	9
0.0013740545127816077	-16.930490556198478	9
0.0010185051362978578	-15.856474175083301	32
0.0019018148676767936	-24.507809377147154	1
0.0018240475106520366	-23.304336627012873	3
0.0012816358070796244	-17.94141362146929	12
0.0016302303553674602	-21.448701783911915	8
0.0019886811188563965	-24.942105693095936	1
0.0015965490041780935	-17.593982240266413	52
0.0011792036389562434	-15.78833318651663	5
0.0019857056286703215	-24.927229438987965	1
0.0011906467418240335	-17.463772119546483	12
0.0013094707929392952	-18.251547240056738	15
0.001368768263892605	-17.82496524203676	9
0.001757116275093525	-22.599759477445815	6
0.001681137494416355	-22.155583435176908	8
0.0019594954336548042	-24.76997382871906	2
0.0019226177075041004	-22.66095268927892	2
0.0019620009145829	-24.80871540322625	1
0.001951021975611907	-24.753825124396666	1
0.001815616614095155	-23.20439543387313	14
0.001966348140889422	-24.763139118794435	1
0.0011771928721501697	-17.396528718239928	3
0.0012701262965113763	-16.096745295685636	24
0.001184478590023002	-16.0744898840896	7
0.0015819444051900675	-20.8572646884813	8
0.0015481408901694188	-20.51525039050627	13
0.0015201658004661595	-20.139107707123753	12
0.0014934490616666512	-19.01268557286115	13
0.0018434404025547458	-23.67406528632001	4
0.0019767063329712157	-24.8822365802519	1
0.001799905887582321	-23.998305467215342	1
0.0019729169690780777	-24.86329128497058	1
0.0014225399657523084	-18.147823292791784	11
0.0017880114608477022	-15.489048902845726	17
0.001998611898459771	-24.991755596685383	1
0.001969397876177167	-24.845697235940104	1
0.0019528127522399396	-24.762778287238163	1
0.0015579926290588443	-22.026686907994485	6
0.001184645768449018	-15.489558335113603	21
0.0018684750168495368	-24.34112353319814	1
0.0018918220161034819	-24.265567670138548	2
0.0019788562054903437	-24.813839464745037	1
0.0012369057390037225	-15.602241358477446	22
0.0017720673118974373	-22.784220206325646	5
0.0018423996884038476	-23.578351039863517	3
0.001474243792904479	-20.465923336203403	6
0.001865107696250718	-24.324288284631212	1
0.001986192271254209	-24.92966245616663	1
0.001311545003054931	-18.23565520426308	2
0.001825426219781826	-23.507365129282253	18
0.001116255222530768	-16.37354886470608	3
0.001968623551324108	-24.841825923129157	1
0.0019490272970065247	-24.743852533683288	1
0.00199984162067879	-24.997903713153033	1
0.001974139190136156	-24.869401898650693	1
0.0019654524721210488	-24.825971802607445	1
0.001608751416662712	-19.503068154946718	5
0.0013431850139468304	-18.467599286024097	11
0.001326654948964495	-15.936921287210586	10
0.0018671191301437259	-24.33434464504329	1
0.0013246993833229798	-19.0294894881766	7
0.001805331037756595	-22.189402654016185	7
0.0010966833042540512	-16.50750097894455	7
0.0017177624338695595	-22.77289197484062	10
0.0010756683748696413	-15.663877575815961	8
0.00106425364063862	-15.930724929396513	27
0.001983874879293499	-24.918076428480635	1
0.0009947745470390533	-15.060449992063704	22
0.0013910922439179965	-18.931009231034086	3
0.001424776274291404	-16.53266213844985	3
0.0018146054892842923	-23.44599469119443	3
0.0018324546055479782	-24.161035965071335	1
0.0013807598819123917	-17.450730281281533	5
0.0019428821314203392	-24.648492579169627	2
0.0012235621390971714	-16.254993370187258	5
0.0012880435586338725	-17.17135517051485	6
0.001890835346841026	-24.037757708218965	5
0.0011196167446311652	-15.27416289770877	10
0.0018135424830800716	-19.452998147994588	3
0.0018168885311440454	-23.443636680329426	4
0.0018847773064562625	-24.313904433432256	2
0.001956246445562754	-24.77994537272816	1
0.0013531552476630708	-16.605710712228223	7
0.0016727224422895934	-21.80025598121169	3
0.0015368567766066376	-20.02511103535663	5
0.001738596838160827	-22.636263008982297	25
0.0015809618064050593	-16.247453865898215	4
0.0010109317582652094	-15.67857456378065	5
0.0011956956528270143	-15.030108964246546	15
0.0019341511829139432	-24.429845224280584	2
0.001004338481013098	-15.064656208893217	20
0.0010661322565832197	-16.085404318942963	10
0.0012583552732008843	-16.551952474538908	8
0.0013200946269931715	-16.7174489724233	8
0.0015301071564426544	-17.827499443716214	2
0.0013383447538646773	-18.36008909701682	19
0.0014620987305316942	-17.622278750320078	8
0.001605299253495399	-21.187736198229427	5
0.0019474147176048245	-24.735790285297718	1
0.0013028492436589	-16.13687705024707	7
0.001946964548917595	-24.733539622931563	1
0.0010789716970044402	-15.759005562546205	4
0.0016175068499195988	-16.527281458571824	9
0.0017902627258311345	-23.636277244660327	14
0.001936828638690207	-24.682864148731106	1
0.0018081565213192896	-23.140038885580285	5
0.001859119178233135	-24.29434810328677	1
0.0012697407998781102	-17.21612908917224	9
0.0019491353958941322	-24.74439298464104	1
0.0019633454664948055	-24.815437621970727	1
0.001128346782951499	-15.742370745909286	4
0.001041556827788492	-15.346005886195305	14
0.001236502490100425	-17.196871267958635	8
0.0016459078078748222	-21.806653194512336	2
0.0010894058553293296	-15.77601655898775	2
0.001990513709754095	-24.951267910466935	1
0.0011893689072951946	-15.868268340188393	14
0.001492423976968753	-17.458706341740402	12
0.001033800656434765	-16.486253460829225	4
0.001930785411770669	-24.652650444882287	1
0.00117453719356927	-16.18587187234899	2
0.0009606840960059407	-15.137801264838203	8
0.0010594561470344838	-15.573673633303063	3
0.0018531778338729142	-23.574174264896453	6
0.0011365500789790573	-15.909112866798033	3
0.001999918536908358	-24.998288263363094	1
0.0013888736039417585	-18.425479219320795	13
0.0018757522665957388	-22.933569911161605	7
0.0012923400170592944	-15.451739091536654	10
0.0015001612501240168	-19.533444426086945	33
0.001472025739727435	-19.848821457253358	5
0.001730953153412289	-22.345190071770787	6
0.001965635552865141	-24.826887132687894	1
0.001280331240804336	-17.575737165131397	5
0.0018933645015491072	-24.465560945473907	1
0.0012486262121664765	-16.852771678382783	9
0.00196390219741151	-24.818221052622057	1
0.001164372952615549	-16.748215669428895	19
0.001954742627638228	-21.47596484693705	5
0.0015072420997471368	-20.854853289693672	5
0.0019117412292280064	-24.55743719225286	1
0.0018412782442268978	-23.524784026557697	4
0.0013499224716358807	-17.63394516640898	4
0.001499478849704593	-18.50026156419005	12
0.001991972242961848	-24.9585599898443	1
0.0019352277993740909	-21.20879212187664	2
0.0019721947004538226	-24.859680232365225	1
0.0012010770159939848	-15.069145351642442	18
0.0016789573690361315	-22.559166069374655	8
0.0013769393292035231	-16.63264886546284	5
0.0018791783707078878	-23.842738081627616	8
0.0018200983662803366	-24.099259738745843	1
0.0019902949167477876	-24.950174033439847	1
0.0016169052678578447	-23.083375976378232	1
0.0013456911130693757	-17.49576714920811	7
0.001965116531444387	-24.687374591034313	15
0.0012662080251939912	-16.693636380956384	6
0.0018101295365868452	-24.049419600010573	1
0.001516860020661344	-21.489734969053046	9
0.0012441491583750062	-15.062061611575839	6
0.001997610138561614	-24.98674720012945	1
0.0014820727864045377	-17.053959552763004	6
0.00170584728077148	-22.485884614111537	2
0.001173297461933328	-15.764143593207313	9
0.0019178476450580318	-24.38906739406374	2
0.0019560798062092217	-24.77911224298735	1
0.0011453264010449482	-16.564620984152597	11
0.0012572863322281695	-16.087509301039894	36
0.0019931572179316685	-24.964484388064513	1
0.0013842972862088113	-18.960565025690244	17
0.0016688785698444426	-17.886477664337555	24
0.0016735235589686879	-21.814415893479534	3
0.001364745156969381	-20.844807621941257	3
0.0014407348753248364	-17.57377873973973	6
0.0014608666883048963	-20.263696463070453	10
0.001579000057261137	-20.206748698799075	7
0.0009189064745303899	-15.05707046461152	4
0.00197844107082397	-24.89090957175732	1
0.0012058961912906857	-16.717230897402043	4
0.0013492164149893399	-17.543101539285512	4
0.001962372096454834	-24.810571163286554	1
0.001173439672905442	-15.387772920898982	31
0.0018720445743047136	-24.358969884701732	1
0.0019519125796835285	-22.43142805692911	2
0.0019720161226180533	-24.858787415015197	1
0.0019502138507595205	-24.61531875919004	2
0.0018324396196865915	-24.160961041792124	1
0.0016246838417906873	-16.475639619067735	10
0.0010429309960126346	-15.368097616708388	7
0.0013595862066822762	-18.93963418566846	17
0.0019246655075172531	-24.622053385205767	1
0.0019798101201456233	-24.897754267697024	1
0.0011296476306805058	-15.571223434989049	14
0.001233309324124025	-16.718990411465214	8
0.0011716024197782234	-15.44854861743456	16
0.0018209813371572712	-21.890344832910003	4
0.001729015221242716	-21.46183035508617	2
0.0015644072667489973	-20.2542626240849	10
0.0014057104127690122	-15.652009521000739	9
0.0010831801868844745	-15.415607442273247	6
0.0018771292393090083	-16.11468623635582	19
0.0015849510472313198	-21.072566307642358	5
0.0011949181030068388	-15.020506400806742	3
0.0014635486007078607	-19.74266745820903	22
0.001064133665901787	-15.202110190841077	3
0.0018039031553279663	-24.018290198134665	1
0.0013206869572477908	-18.010906241128126	6
0.0019622517754599666	-24.809969606708563	1
0.001828754386244523	-23.620263866961476	14
0.0018447442162822015	-24.081700588370225	3
0.0018430673350656253	-20.80675686728819	4
0.001168536634538764	-16.7327891623531	21
0.0010169360916900583	-15.577031724615646	4
0.0012638905540771131	-15.383861149052802	10
0.0014855974709007105	-18.18216938419694	5
0.0016682719009674207	-22.302892114525317	2
0.0018188425832422858	-23.417504706230616	19
0.0016506695115071305	-22.002647972576774	7
0.001419139985296231	-17.971541963621114	14
0.0013406005516891676	-19.821059935084744	4
0.00197622871572363	-24.86706925084679	2
0.001660165375602088	-21.897629234709303	3
0.0018828807633342669	-24.40154028289864	2
0.0018493817489545882	-21.36274533108705	9
0.0019797528548089476	-24.897467964047305	1
0.0018954578517099995	-24.203586174610734	2
0.0010156934509795137	-15.231395698071212	3
0.001773198285878586	-22.549743453224213	5
0.0014027126156074708	-16.911353650470353	6
0.0012423620799403134	-16.89774615710445	9
0.0019650891909667135	-24.82415554295725	1
0.0011907970367490107	-15.342296487688758	6
0.0019812086631556614	-24.904746420215492	1
0.001977414131054765	-24.885775285974166	1
0.001920000834952885	-24.59873189864105	1
0.0011876741476860644	-17.01264699213973	4
0.0014302082743851828	-19.460961419254062	5
0.0019497054042478667	-24.74724279713698	1
0.0019130624708675584	-24.5640428690116	1
0.0010379455171552136	-15.024355302419737	7
0.0012072473670006842	-16.59986148495785	4
0.001642112876946875	-21.50371783066098	4
0.0019055478936496294	-24.526473005487595	1
0.0012776973194795378	-15.510614104776526	7
0.0013130693361346054	-17.224850022628416	12
0.001775229317696595	-22.32578091600251	3
0.00103579262878019	-15.568302867599195	6
0.0016339530200969931	-21.63580677941446	6
0.0015661961228267624	-16.437053339666726	6
0.0019435141971382232	-23.143577805030056	21
0.0011829855157414978	-15.972688778157469	3
0.0018807507035134322	-23.838924290966823	2
0.0019959888822085716	-24.978641570477272	1
0.0012069978579173368	-15.492711940206547	12
0.0019807384279660217	-24.902395433408564	1
0.001383163213459892	-17.061702947639994	8
0.0015139223104252326	-17.145706892758135	11
0.001204971419152267	-16.821882817350055	9
0.001506532101733474	-15.349942273816856	8
0.0015253490137750408	-18.617606439767783	3
0.001477103812324347	-18.979630465816104	15
0.0015110065880487573	-19.227425481082314	7
0.001951513750735911	-24.756283802211463	1
0.0018036321013141284	-23.198372950826815	3
0.001991532070252422	-24.956359303346506	1
0.001984028339282326	-24.918843666699015	1
0.0015673066822693945	-21.300716789171524	4
0.0018394218816514248	-21.980448725220594	8
0.0019474300036509853	-24.735866709380065	1
0.0019601863310962503	-24.799643215667416	1
0.0013854538208442515	-19.50814217594596	6
0.001933749880007637	-24.401969048473646	2
0.00111588954301957	-15.126207941347875	7
0.0014875366916559316	-20.062099129973475	5
0.0010558922191991472	-15.637606597900026	16
0.00196440825464104	-24.82075113521984	1
0.0012362857940588145	-15.72210544256931	25
0.0019089250946476692	-24.54335765207646	1
0.0019282245632883323	-24.639847232512935	1
0.0011541963023870953	-15.905844062722506	13
0.0011195345833134313	-16.152054709719113	14
0.0018006981403582462	-23.30782353798799	7
0.0019261535694174898	-24.469673300728683	2
0.0012809188871241853	-15.430014890392197	5
0.0012942671553341483	-18.07523356527647	2
0.0015335228960090019	-18.859480708892782	12
0.0019648224685650533	-24.748727157876285	2
0.001006411807988695	-15.077174125034336	4
0.0010190832872567967	-15.674200032085459	11
0.0019041721733204754	-24.519594957193647	1
0.0019504472988087617	-24.750951971531446	1
0.0019406027333420026	-24.70173310394741	1
0.001711790349660936	-20.446671466496934	3
0.00126719478468383	-17.663780074156037	11
0.0017679504626576918	-17.086970634324615	6
0.001955052509825489	-24.773976174275003	1
0.0017863057529538555	-21.956460295971304	8
0.001781944833847634	-23.362655568121486	11
0.0018272043896672852	-23.685220227107784	3
0.0019471422659116937	-24.73442813641949	1
0.0019530193966359375	-24.763811426100204	1
0.001942789268233279	-24.71266489892049	1
0.0019397675554727156	-24.697557550532043	1
0.001242863638833226	-15.034377466584099	5
0.0011745108000155106	-16.318438386690588	10
0.0019832325869417727	-24.91486522506931	1
0.0013209511360354148	-17.560745129914395	11
0.0011597993819237372	-16.647891256741236	5
0.0017977381680323891	-23.987467741380957	1
0.0014244126410325165	-15.220789299718922	19
0.001682995481456444	-19.270607217611484	12
0.00118272116729525	-15.410161166058247	8
0.0016786981350483926	-17.97688287582399	24
0.0012535792889204476	-17.277093623707138	3
0.0011805976747185812	-16.966850886147764	4
0.0019612981701671553	-24.805201963810276	1
0.001983314128339725	-24.915272899260916	1
0.0018871562349379043	-24.434522109550176	1
0.001586299819610997	-18.546608236049124	17
0.0019806613945224866	-24.90201029717582	1
0.0019944261316013753	-24.970828446021738	1
0.0016796612798639827	-19.02897656998905	6
0.0010176265807971749	-15.9425202980516	5
0.0011952019422966913	-17.390297793412444	9
0.0016989391009584794	-22.1805375860327	4
0.0012292963419302532	-17.2092236074073	15
0.0011053637334290918	-15.716677259075412	12
0.0011222635447344588	-15.203005715567308	3
0.00176708093063395	-23.459109927330243	2
0.0017219638670228068	-22.113040944941545	5
0.0019337122120425567	-24.525464337941195	2
0.0010780493416048885	-16.08801446105782	11
0.00194052512035979	-24.701345070254387	1
0.0017824590520616802	-23.59521154860585	3
0.0016838811342006921	-21.986447969513005	6
0.0010535734870219511	-15.697146992970287	6
0.0019672902681464616	-24.83516004352338	1
0.001918630570779004	-24.591881128928854	1
0.001192852321916588	-17.15096660258557	17
0.0019690352822325577	-24.84388441206213	1
0.0017768583947551095	-23.883077273402556	1
0.0013518943038756763	-15.373343816039894	20
0.0013805427346680742	-16.606125913934235	7
0.0019431733489156029	-24.7145851478445	1
0.0019734715754066434	-24.86606409353578	1
0.001994216325436439	-24.96977949958676	1
0.0019977525486138898	-24.987459193109668	1
0.0011701448165469237	-15.863627280209528	10
0.0013882992365696987	-17.144837474497834	5
0.0018269479845645683	-21.165707913420675	4
0.0019707967279918104	-24.85269093235739	1
0.001993341379371265	-24.965405121187796	1
0.0016363408841676228	-20.71379674151403	6
0.0014027334121757523	-17.372391435939637	19
0.0010539095722109787	-15.582342054033933	54
0.0016132815466238326	-16.701403302837775	14
0.0019751074644523024	-24.87424288076538	1
0.0014764055620869515	-17.668759951328433	3
0.0018596770012393013	-24.297136993946143	1
0.001465945290734791	-19.413778461263842	6
0.00197427876932746	-24.870099738464695	1
0.0012260798121840944	-16.70551347517059	5
0.0014827398603130427	-15.51812170803595	3
0.0019451295673145442	-24.724365452995396	1
0.0014177659422970773	-16.509525304697476	9
0.0019360698399539312	-24.679070460259044	1
0.0019173420897167263	-24.585439241879303	1
0.0019873565091881925	-24.935483177548644	1
0.0011942792472540576	-16.556036497498738	7
0.0019712157798353045	-24.85478602302091	1
0.0019131006635949314	-24.56423381728632	1
0.0013751287620931481	-18.300313659415636	7
0.0015907371862950315	-18.597708069393192	2
0.0012485185380432817	-16.91547735845969	4
0.0019957722551335612	-24.977558522235476	1
0.0016302152725285648	-21.35809303726815	2
0.0014141565819691504	-17.660204206006256	3
0.0019635007719768192	-24.110218112052006	2
0.0017862349921447145	-22.003893042514846	7
0.001297322535444359	-18.002327315773243	16
0.001936290232461342	-24.68017233414829	1
0.0015721515842092965	-15.483785284650294	16
0.0019060436282055733	-23.55339374016293	4
0.0010419428113668202	-15.38819566543592	4
0.0011465482199029093	-15.094656714232876	3
0.001147325319300663	-16.053087897650414	22
0.0019185470199523241	-24.54341314552346	2
0.0012776644346679474	-16.088064183971063	10
0.0010399691474111954	-15.013316851099097	24
0.0018604053693475114	-23.628435599377028	9
0.0010249912011154837	-15.442765209029512	7
0.001902619481821222	-24.511832124231784	1
0.0013040997617485982	-15.825452323529909	13
0.0019110162612902477	-24.55381264416573	1
0.0019405431251489009	-24.701435086957932	1
0.0013575047254692748	-16.161206581662263	5
0.0018501994316134907	-23.882138155636703	37
0.0014080942700000715	-16.664579547620317	16
0.0018537620306240412	-23.79894730467425	5
0.0010915143321434874	-15.761279077807474	11
0.0009713806640613311	-15.440470321141849	28
0.0014920759467246393	-20.6552613072683	6
0.0012362773846084224	-17.718497991452573	12
0.0017864206612401522	-22.867530055156166	12
0.0016708050769084866	-21.13538596236175	5
0.0019267883562331621	-24.632666774918302	1
0.0017170124254319778	-22.320897376589734	38
0.0017439165889384096	-22.39057607731908	3
0.001534028687803737	-16.117640951420668	8
0.001740454402285014	-23.289842193767345	2
0.0019359238678736434	-24.678340658571514	1
0.0011262949645380082	-15.019738422476047	8
0.0012419309166173587	-16.00914082673321	3
0.001072771215912042	-15.448143480654355	27
0.0013599105801986964	-19.586908940042733	4
0.0015323765979588537	-20.545567271276088	6
0.001991295569640187	-24.955176895412254	1
0.0012213882767077874	-15.728715059216382	9
0.0017294376680726295	-21.435683037604253	3
0.0019960984377181672	-24.97918930395907	1
0.001436430326663095	-19.314474985007784	6
0.0018505930317185366	-23.803525533800695	7
0.001673142436804873	-21.806399247520236	10
0.0019316646068957492	-24.65704606687169	1
0.0013443362251004823	-16.011544402379442	4
0.0019953312699880128	-24.975353773883853	1
0.0014997949147948309	-16.334352857850746	7
0.001655071667788835	-20.657851779855932	13
0.0019218754802031981	-24.608104370859728	1
0.0019632620304561484	-24.815020475337665	1
0.0010503971021104742	-15.692841623111741	3
0.0017834040888126308	-23.915803110835455	1
0.0012340961024519632	-15.148174046192853	6
0.0017216754551177646	-21.191477738186194	2
0.0019513308711126718	-24.755369477654387	1
0.0013788120643451554	-16.062864043710817	6
0.001970589991072226	-24.851657330914637	1
0.0018348040334700462	-23.48089159020376	4
0.0014815436475969146	-20.05903572612482	12
0.001998868843012622	-24.99304021609961	1
0.0014481228310245856	-17.118887691384426	2
0.0017448880922993394	-21.28603777257672	4
0.0016410927586530115	-22.603364923842953	2
0.0018183015376509767	-19.965492042941655	7
0.001175534038430096	-15.609445410635702	26
0.001872431309948569	-24.3609034073655	1
0.0019800990617909148	-24.89919885970336	1
0.0012777027512305117	-16.71902742310364	12
0.0012930788925213255	-16.790616250999086	5
0.0017817578210378956	-23.054683061434506	22
0.0010684346859240112	-15.193846047537079	10
0.00178239426871399	-22.320504041949057	3
0.0011097128027399942	-15.184932570663943	12
0.001968044008789318	-24.838928443562843	1
0.0015894370468847302	-16.203725120456724	10
0.0011920451156556425	-16.86397299297167	19
0.0014203902183506578	-16.29718163958764	4
0.0019573059944131958	-24.785242690801248	1
0.0010081788470432088	-15.488298082011978	11
0.001200755573324505	-15.068094989424951	8
0.0019536604878464996	-24.767016624288836	1
0.0019335433124361915	-24.666438838907858	1
0.0018560197567966184	-24.032659546913802	2
0.0012203884618913257	-17.129548388030912	4
0.0016340532972601094	-21.437270420695466	3
0.0019580973695852424	-24.789199248349043	1
0.001053971658503467	-15.02727110579107	31
0.0019590965149071035	-24.794194573075146	1
0.001771650423684984	-21.422527187802274	14
0.0018590943021033533	-24.294223732643715	1
0.0018331744766454203	-24.164635031006977	1
0.0013154390991750979	-17.46073441841412	6
0.0014456395008543865	-18.313517701055453	4
0.0014375790731386159	-17.49992006497034	9
0.0013607728696575158	-15.467592734550825	6
0.0016578924055167359	-21.626113475287262	4
0.0019823761995407595	-24.910583632526357	1
0.0010739011892760973	-15.41851888416053	28
0.0013513936066619097	-15.106430253855994	7
0.001973145190720164	-24.86443230138411	1
0.0016878464369727041	-21.96404365821326	7
0.0010980221013694173	-15.735864245214767	10
0.0019882420799632546	-24.939910675223505	1
0.0012293636289932685	-18.31465811834134	2
0.0015349539473482078	-20.372571869134354	9
0.0017287667081810991	-22.704036439642298	11
0.001992354134248859	-24.96046929267238	1
0.0019866221257315436	-24.931811555654235	1
0.0017824465910067074	-23.131868094701286	2
0.0011706548310492127	-16.763887601487077	11
0.0017389081106857736	-19.109364826249905	8
0.0014760727910191878	-15.220812033607203	11
0.0013686058254183799	-18.56221054841997	5
0.0010214079727257656	-15.222573654673655	6
0.001960080928691035	-24.799116246037034	1
0.00108610631251033	-15.407292413719464	11
0.0014048993127961278	-16.593980270523755	6
0.0019092811471138132	-24.545137771193275	1
0.0013810628412582284	-16.045633698810583	8
0.0019231628847958993	-24.614540875994386	1
0.001970486768623726	-24.85114126019099	1
0.001884934122784416	-24.406147526505464	2
0.0019992795309825427	-24.995093490759434	1
0.0019362310908610724	-24.532468634863733	1
0.0015071598512283364	-20.436592845058858	9
0.001383558359148694	-17.39696862947924	6
0.0019613054113804523	-24.805238166964152	1
0.0019489962355977487	-24.743697239133144	1
0.001504726058065962	-20.62783724639743	11
0.001301104667462249	-17.384861941498396	3
0.00197611160956639	-24.879263202441564	1
0.0011904707915020953	-16.338862350870933	10
0.001941282885854218	-24.573282117240733	3
0.0019266930766007947	-24.632190415080498	1
0.0019795048142584337	-24.896227861063334	1
0.0010303065953153957	-15.338531649091907	13
0.001613677359048861	-18.778750779523573	3
0.0011693623574160995	-16.35466435380996	8
0.001978417300922175	-24.890790731809236	1
0.001250834021101187	-18.019082446185607	7
0.0017460085556507037	-23.728840486517917	1
0.0019299865216108368	-24.648656315418293	1
0.0014834998404772404	-18.517716847836894	20
0.001823218246079853	-23.895618020530723	2
0.0019282048404408096	-24.42975561876414	2
0.0018385367053510254	-24.191444017701983	1
0.0012954296039686094	-17.083367004095997	3
0.0010409625571715113	-15.02070469811356	12
0.0014871197898373902	-19.9606096340742	4
0.0019308621119826035	-24.65303391509106	1
0.0011439801341328315	-16.18016485394186	20
0.0019387640384349112	-19.100119881747908	23
0.0013503312740750291	-18.315139085760503	2
0.0017265648612157227	-21.093878606504095	9
0.001982484531685014	-24.911125249673514	1
0.0013884493764970173	-18.157083458574835	22
0.0018489540893225573	-23.6486412326336	2
0.0011612398283781342	-16.67357097898278	20
0.001808254798613195	-23.309700934734078	28
0.001911184994683404	-24.55465624326239	1
0.0011102351477268687	-15.008760978222096	3
0.0018927300537605084	-24.462388961722926	1
0.0016139455379428	-20.359250474601847	6
0.0013709301690534006	-17.374455348214887	11
0.0018624227131848643	-23.910507479950667	2
0.0009896563243048245	-15.20104560020016	12
0.0017399316368263069	-21.398028679613372	2
0.0014706632680831873	-17.495135326840167	11
0.001207708911258558	-15.789197609751746	9
0.0017179503029634473	-16.651375946689583	6
0.0017670891104350573	-21.9564844186922	9
0.0019931888231280843	-24.964642401334125	1
0.001986639294056577	-24.93189739037384	1
0.0009822442517197212	-15.00510625622791	9
0.0012456106643119512	-16.781119072351892	33
0.0011316228687910824	-15.692237203602918	26
0.0018510281271263565	-24.25389610219187	1
0.001889938320487642	-24.448431418269017	1
0.00199056712252732	-24.951534952849002	1
0.0017706538751765398	-23.097675115654052	3
0.0017297574013399898	-19.912511075811807	29
0.0018148804281863018	-23.282236080590916	3
0.0019802568463221045	-24.899987718894106	1
0.0012268173350229675	-15.812255516621654	29
0.001826886117679339	-23.415414332468433	3
0.0012353867449105354	-17.83610543483964	4
0.0019563565956762885	-24.640038104344825	2
0.0019501597220847548	-24.749514203582528	1
0.0012657853380210692	-16.327192915595447	11
0.0012195394556996774	-16.14967745266639	3
0.001966635928772262	-24.83188860984533	1
0.001264716665396587	-17.114279911836707	3
0.0013273924674688734	-18.30457250701842	5
0.0018856470372516625	-24.426976728158987	1
0.001987465873760207	-24.936029956419343	1
0.0018361671749181799	-23.457250798076448	15
0.0011567181643364615	-16.545875813405072	9
0.0013328614798914554	-18.712309690096326	14
0.0017023524442296343	-19.876605301881373	9
0.0011698689088870985	-15.065542520995306	3
0.0013279824736885147	-16.577934104208357	5
0.0019113996525811417	-24.55572944640988	1
0.0017128470579780978	-23.140011555332233	8
0.0012483821417932164	-15.895291300797966	16
0.001953569651887708	-24.766562481031553	1
0.0011793166493101175	-16.590710484841836	4
0.0014767032269006335	-19.654784569158707	7
0.0010533544125846124	-15.122383128754008	10
0.0019034410870894156	-24.363662399027625	1
0.001021693493250925	-15.019371361791027	7
0.0017200456525338379	-22.24112002079499	7
0.001957645177536879	-24.786938469991057	1
0.0011247279856743426	-15.65370029253373	4
0.0019213348300577348	-24.457826378842096	3
0.0019866757812439895	-24.932079811634775	1
0.0019107151261294666	-24.552307089486508	1
0.001830148812027046	-24.149507924919025	1
0.0009795919935143681	-15.366219162289152	24
0.001351432590464973	-16.392889250221778	86
0.0011618937951981	-15.858076202514829	4
0.001561971332665211	-21.146544794342677	5
0.0017338942194761022	-22.433651064147686	2
0.001597613124611572	-21.310634876927498	3
0.0018784644597831248	-24.39106672984269	1
0.0015070481205916473	-20.871355969962885	13
0.001977230125976293	-24.884855334593613	1
0.0014963979126569442	-18.69380985249592	5
0.0019834869018049797	-24.916136697093044	1
0.0017232660378491307	-23.373780660101197	2
0.001108310188956403	-15.523448290431645	14
0.0015564854556992585	-16.64485561641649	7
0.0015687195970662121	-16.32567462078272	6
0.0015702417511294928	-19.159280297358883	4
0.0019528738689599753	-24.763083846255547	1
0.0012643855046641976	-17.77661818280383	2
0.0019979090366668917	-24.98824157043096	1
0.0019866185038764183	-24.931793447835418	1
0.0016789483930107665	-22.121227702455975	5
0.0014247171451785927	-15.039084051434477	4
0.0016336917426796403	-19.383988417744384	6
0.0012052947746778813	-16.967435396602866	16
0.0013425615797395052	-18.829512207040572	4
0.001954542023386421	-24.77142394741107	1
0.0019977700482341153	-24.987546684171974	1
0.0019060591171801435	-24.529028917512278	1
0.0019972003335872496	-24.984698340092248	1
0.001188834563783727	-15.916534472751211	11
0.0018237994617031207	-24.117763727179362	1
0.001105735665567797	-15.320851792166943	3
0.0018796244410802343	-21.987587558510977	15
0.001965460207757522	-24.82601047767833	1
0.001135939412395897	-16.02587367332512	9
0.0019226745327448698	-24.612099312167604	1
0.0019925151352230496	-24.961274232784397	1
0.0013676412511949376	-16.711358565916775	23
0.001977848401514973	-24.887946463599913	1
0.0019533394868577287	-24.765411748460238	1
0.001989851843813731	-24.947958846985447	1
0.0014499031218639148	-17.904430421161805	8
0.0010898988999573217	-15.159022179763953	8
0.001930166081454245	-24.649554042411523	1
0.0013511203348046687	-18.742351206816597	3
0.0012571459869162365	-16.76154973365533	14
0.0016696362526583597	-22.091855003456505	2
0.0013426589680656956	-16.89203580175858	3
0.0011653293075967277	-16.33079703754175	2
0.0017062064344916818	-16.136897534393466	23
0.0019254567785669916	-22.12266740971447	12
0.001995831570709094	-24.977855076254816	1
0.0010872221833550949	-15.118969229756193	8
0.0015211472572461268	-17.963768124426313	11
0.00192785975312331	-24.638023328424314	1
0.0017262399846415318	-17.39177618222855	8
0.0011839823108947692	-15.65360363711296	10
0.0012050208375087431	-15.9270080485821	5
0.0018872040335787094	-24.4347610835283	1
0.0019437227982994545	-24.684763543101177	2
0.0019923919757490484	-24.96065848495245	1
0.0013031141096339033	-18.296626096415324	10
0.0016865891752905968	-17.86246845272424	5
0.001860331204351221	-23.68369645176275	3
0.0019493107126029629	-24.74526949766808	1
0.0012421176245433951	-18.129106432604853	19
0.0013586972414683404	-18.339460175219475	4
0.0015693836728023279	-20.960373954863226	11
0.00180920226909008	-24.044783635498746	1
0.001906959988310446	-24.533532910809118	1
0.0011879472423801459	-16.119558604594147	25
0.001940174310230698	-24.69959116071422	1
0.0011485830418649062	-15.515725537164531	21
0.0012563287784395129	-16.678210123010587	6
0.0009767271124851038	-15.144238714856431	6
0.0013817236613571779	-16.890610474393842	25
0.0010571617061326988	-16.229955273892358	16
0.001973513858122149	-24.776272347017816	4
0.0018861452810066742	-24.429467746526967	1
0.0015426756508297647	-22.14439450749543	3
0.00199079549780406	-24.95267673737401	1
0.0011563718524404526	-15.499395657154615	6
0.0015955576567582837	-21.139947627021606	6
0.0018051641814885242	-23.38598042133755	2
0.0018931344934695472	-19.600537659454485	6
0.0010403132115037103	-15.536038273594787	22
0.0017925102096861467	-23.01227402570513	6
0.0019019507949966763	-24.21548908142747	4
0.0018908528599871888	-23.956990522593372	5
0.0018436159734573966	-24.216838315215202	1
0.001963497751081817	-24.816198983652818	1
0.0012554323664835533	-17.59986880031022	14
0.0011818227271270284	-16.237599311462063	15
0.001975341375034224	-24.875412339589836	1
0.0018846044107343953	-24.421764014945154	1
0.0019022443433076	-24.509956582554505	1
0.0013770006488944032	-16.852435000980734	11
0.0010892673372307376	-16.09584585315596	14
0.001953819413278496	-24.767811187524725	1
0.0015065339740210103	-16.725664145865746	22
0.001331797282427619	-16.82289923781196	28
0.001400786406819013	-18.12206958800767	15
0.0011829055033706932	-15.293402761139557	26
0.0015789976511050119	-20.604152021721774	5
0.0017783375418148088	-22.95670845624564	22
0.0010151275209283831	-15.138486091626097	5
0.001979613972635477	-24.896773609042107	1
0.001497600461385695	-18.30274893238643	21
0.0013961184662175936	-18.578722331039586	21
0.0018128813898357988	-23.934153182116376	2
0.0013139975155690574	-17.543030968128782	26
0.0016356326053300594	-20.528781341780014	13
0.0017322305373548175	-23.118694149278248	5
0.0019390527563868517	-24.51180590078473	4
0.001996665558572358	-24.982024680118723	1
0.001719695136003691	-22.68874584143587	26
0.0011011601012533236	-16.14742276335076	6
0.001975498514834914	-24.87619797538743	1
0.001844753656812973	-23.495585684084997	6
0.0017437126073512267	-22.517141449203017	6
0.0012487891937169313	-17.11081589691103	2
0.0012329191814519898	-15.744196359650504	25
0.0015569673105834047	-17.021475284719653	4
0.0019464433989479278	-24.730934082703794	1
0.0011685989417197233	-16.837385054185873	6
0.001134280844913837	-15.923671525473557	15
0.0019334164910097405	-24.6658047827866	1
0.0010733427928759749	-15.536724636902093	4
0.001939981611315771	-24.69862774364829	1
0.0019080628113184056	-24.539046582263758	1
0.00181588548777757	-23.94500435596686	15
0.0017330972396657949	-23.66428909987291	1
0.0018658645221689722	-24.328072109806687	1
0.0018711452485847698	-24.354473617835076	1
0.0011931184294552229	-16.329792663847392	8
0.0016028603633953691	-21.244776751566498	26
0.0010926628895736742	-15.926311525027609	14
0.0015104078201170295	-18.64291741734572	2
0.0015821367713149158	-18.52542992460763	5
0.0012891504944474237	-15.263075248065476	19
0.0013141913947166929	-17.752579966625905	7
0.0016884617618056214	-23.441129664165175	1
0.0010444987862170626	-15.230062308888332	8
0.0016098586404065761	-21.22851558917285	2
0.0014332390037506313	-16.130032235113667	8
0.0019955680281511325	-24.97653746946893	1
0.0015821053064416133	-20.90000640887615	5
0.001981785505571686	-24.90763040027403	1
0.001973712589379484	-24.867269066457663	1
0.0019313145463323385	-21.432877057015553	16
0.0012378266823178758	-17.412126149452828	3
0.0011261025367654842	-15.980053066207121	22
0.0019874912720505094	-23.31579192529152	3
0.0014375862581610776	-18.114126638730742	16
0.0017795928417283652	-20.91865291135034	9
0.0010107354940077913	-15.004705041962865	16
0.0013795808667214462	-18.316705850175676	27
0.0012501005298695543	-17.09924187526631	15
0.0014489735239674303	-19.92708011295086	21
0.00155378191689271	-20.740645806325283	10
0.0015270383878178873	-20.49273609739177	36
0.001158388717801155	-16.131150165768815	30
0.0016387457871287249	-16.214825606855733	8
0.0019904775278250576	-24.95108701537509	1
0.0015735168802007142	-20.65140942572368	27
0.0009818754338922122	-15.767617912808024	10
0.0013480079134967984	-15.787935177302943	32
0.0014383999031283966	-19.905362028915885	10
0.001994682532282999	-24.972110346298585	1
0.001242320802318926	-16.61180987345184	7
0.0013700041777406084	-18.85880638928474	6
0.0015317250175444041	-18.31728933405491	19
0.0018437155388837062	-24.217336102298855	1
0.0017496269372250504	-15.626346619298452	10
0.0010377939152678415	-15.204041046771257	21
0.0013995365364601275	-18.346014115956862	4
0.0019048214747820545	-23.07580150718946	4
0.001011096615270935	-15.461554589714941	11
0.001060254323235005	-15.555502575761809	17
0.0013780926365006177	-15.70652127236369	16
0.0017099103801245974	-22.263891590541398	4
0.001118455183704099	-15.147797448189356	8
0.0010179106784012717	-15.164841712134322	2
0.00125575316988426	-16.128103128714407	5
0.0019249984228769494	-24.62371782809671	1
0.0015729139204389208	-19.18065264986665	3
0.001901260127845567	-24.505035901122344	1
0.0019701933744719242	-24.849674407443025	1
0.0014351823697082023	-16.079510463169857	5
0.0011162919105785465	-15.809918688451738	3
0.0011393098477036233	-16.166018695694905	11
0.0012710875555709937	-16.022480857096298	9
0.0011161127014315553	-15.756281107579355	14
0.0016444337566961268	-21.460276967975375	3
0.0013603802013506256	-17.19842688808818	16
0.0014104359348182966	-18.763272087931057	10
0.0014603220783118561	-18.79438326312455	13
0.0012256662808259324	-15.637330456971958	10
0.0010536034700565319	-15.651329729797869	15
0.0018137370003187246	-23.960163424339676	3
0.0015193112774838458	-20.35704381872301	12
0.0009888326727518202	-15.017212732395201	15
0.0017804617882319139	-23.901092791404526	1
0.001577394704002934	-20.960105597225525	5
0.0016632740961213322	-15.536331464481414	5
0.0013711358737676373	-17.75328924719853	8
0.0016886682680485382	-15.90294363979018	10
0.0019235587202272562	-24.61651989393548	1
0.0016397666259092135	-21.914592863487904	13
0.0018728033461362815	-17.301040623304402	7
0.001971186367721874	-24.8546389742841	1
0.0011433368284180989	-16.74363882411016	11
0.0019941134315862434	-24.96926507172246	1
0.00185089726718207	-24.25324185510584	1
0.0012105000968465024	-15.008825440398006	14
0.0012566722006528011	-16.640382952560316	15
0.0013431512897038845	-18.790296401903273	7
0.0019367341478575828	-24.68239173257475	1
0.0016808640164411096	-21.881745290652244	14
0.0018530173871771135	-24.263841602311615	1
0.0019224030017203008	-24.61074176626186	1
0.0010014713704319172	-15.054947474316744	6
0.0014927851768042775	-19.312099060044694	8
0.0018175719489494256	-23.3278834490955	2
0.001427440057700433	-15.740995824549918	12
0.001911591109842454	-24.556686655707164	1
0.0017601044063767625	-20.293240108052334	2
0.001512358045559141	-20.568378258736693	12
0.0015751018680941415	-16.650392598137056	4
0.001928272278192565	-24.640085787841876	1
0.0016371790336986065	-21.665029162840217	4
0.0019190363019914037	-24.593909621794815	1
0.0011007049117793	-16.29997552990563	15
0.0018415653735194223	-18.658813727602805	6
0.0019299149310406617	-24.648298391363074	1
0.0010826489294944027	-16.03986459578095	7
0.0019900825932712605	-24.94911250145944	1
0.001943800764505173	-24.717721973428873	1
0.0010960707187548907	-15.019794147518327	7
0.0016226888144152394	-18.03195486544203	16
0.0018274371255476954	-20.045123167748343	8
0.0016967396484096728	-22.294726761086043	2
0.0012886010623441098	-17.33377347200258	9
0.0018806572597493646	-23.85165640092973	3
0.0019841557245829913	-24.919480541964543	1
0.0019339554545469671	-15.748811155782693	7
0.0019370918951365302	-24.68418032507388	1
0.0012650809881155395	-16.75582468135765	12
0.0018203784711726212	-24.100660150541522	1
0.0017183323575648251	-23.590470628201892	1
0.0016491687919798512	-22.299387979510165	4
0.0018360921496441995	-18.85328373276057	5
0.0015148971006488736	-19.317212556641106	3
0.0019427452650098728	-24.712444900502742	1
0.001079505208742741	-15.626896310619982	12
0.001166334203921014	-16.24274334405895	2
0.0019366022487262108	-24.681732289971276	1
0.0016118116973265816	-17.305423078271	2
0.0011819710338740056	-15.703779216399807	10
0.0014208641075005466	-16.34416021344923	9
0.0011026688509822248	-15.457621883471635	15
0.001894846207712098	-24.091407596451248	4
0.0019621885302728856	-24.80965340621208	1
0.0010743355103189135	-15.708233113983074	3
0.0016768957163544101	-21.63804993208538	3
0.0016008812077990728	-15.434460266408902	26
0.0017631074608298104	-20.412570527892285	13
0.001186262745029716	-16.594377696495865	10
0.0012698968835352855	-18.160270556262624	6
0.0012199068331863903	-15.705335306748681	7
0.001960048505482306	-24.798954143034873	1
0.0009891969814995215	-15.122009941320632	30
0.0012958913849985987	-16.41602933790872	9
0.001996975180968402	-24.983572667560463	1
