T	U	Steps
0.00028180254342349516	-18.788807536035385	2
0.0005370629775001362	-21.184948866285108	1
0.00042700493703120776	-20.6347029322529	1
2.843643818273534	-120	0
0.0005782651969377051	-21.39094339082896	1
0.00044776859855021793	-20.738512888143237	1
0.0005449946027380081	-21.224603802160857	1
0.0003542546197990326	-20.270980608231884	1
0.0005487630268432957	-21.090941687065015	2
0.00032847761788492295	-20.142105966866783	1
0.00035315272211861607	-19.091465829118654	2
0.00042757952020124144	-20.63757561699022	1
0.0005346851585456938	-21.173060727935813	1
0.0005134558394232183	-21.066922671328197	1
0.0005125107707084334	-21.0621977078864	1
0.0004530255519190753	-20.764795540499083	1
0.00047246848451693415	-20.86200238301646	1
0.0005004684640175391	-21.001991018172493	1
0.00046191644108784446	-20.809246410187495	1
0.00044378271833434805	-20.718585090292418	1
0.0002943040816378989	-19.741420126544995	2
0.0005839035522007814	-21.41913289924577	1
0.000594499880332425	-21.472110277775002	1
0.0004912113446517819	-20.955709144806807	1
0.00029360336115710387	-19.967748710594392	1
0.0005361960754270385	-21.180614704611013	1
0.0004994849534276036	-20.997073860817306	1
0.00047815688293851856	-20.890442087097107	1
0.0003914951439965949	-20.45716825007639	1
0.0005918713358817485	-21.458968612793097	1
0.00027377629166644543	-18.976330950825755	1
0.0004498471431864345	-20.7489047752776	1
0.00042501982816493307	-20.624778186385857	1
0.00043258188877518363	-20.042791002554623	1
8.203244369310468e-05	-18.909979222804036	1
0.0005507795490798223	-21.253526207008473	1
0.00036966221894695116	-20.348012406619517	1
0.0005304877203770688	-21.152075225415537	1
0.00047898634384650285	-20.820565049989884	2
0.0004919214872655418	-20.959259572237094	1
0.00023180977980293075	-19.03631584140168	2
0.0004054799465812253	-20.527086637934733	1
0.00039354167644565694	-20.467400089151145	1
0.0003763891609925059	-20.381644411089756	1
0.00035381122106942177	-20.26876379293076	1
0.00043451319846478414	-20.672241219395513	1
2.843643818273534	-120	0
0.0005452685382971725	-21.225973369772408	1
0.0005947046471143075	-21.47313402932169	1
0.000440876575943566	-20.65193946191955	2
2.843643818273534	-120	0
0.0002553012969445132	-19.776253795654775	1
0.0005186228539585629	-21.09275566569231	1
0.0002333605881756135	-19.666559076955146	1
0.0005927848889401474	-21.46353601062941	1
0.0005549597335350254	-21.27442544790155	1
0.000544797887631105	-21.22362030575046	1
0.0005689436527052126	-21.344339419043013	1
0.00043498453375249584	-20.674597706250307	1
0.0005792094352959822	-21.395664202822207	1
0.0004529120572722069	-20.76422811291535	1
0.0005873081878276336	-21.43615470794375	1
0.00027425199823411433	-18.542613174982733	3
0.00027859406974171204	-19.892708290659282	1
0.00011240188111133324	-19.061814194488303	1
0.0002849791238870208	-19.924630993144827	1
0.0003920856211688577	-20.12199279205938	2
0.00043543053093611446	-20.676827512776303	1
0.0003195928707291465	-18.913775128080953	3
0.00040460885921009607	-20.522731551453923	1
0.0004244338058310254	-20.098630887928657	2
0.000573478707003483	-21.367012866413205	1
2.843643818273534	-120	0
0.00045455999141821786	-20.262811337598706	1
0.00037433610271960714	-20.371379945520676	1
0.0004687689717063482	-20.843506307007367	1
0.000521246613195026	-21.105873406527888	1
0.00046420387453383505	-18.762723165671908	3
0.0004267837184518146	-20.633596928336015	1
0.0005537714234680223	-21.268484375536897	1
0.0005280402596768226	-21.139838906349013	1
0.0003830675174873311	-20.008788846299147	2
0.00023388716395948776	-19.61669794747122	1
0.0004203527856459329	-20.60144485100124	1
0.0003891394427827303	-20.445390691533632	1
0.0004370783318053309	-20.495235838104726	2
0.0005702227867951938	-21.350734574990685	1
0.00047193994461690563	-20.85935989610932	1
0.00042060905264216446	-20.602726082904898	1
0.0003960774085631726	-20.48007772979887	1
0.0005840004917423242	-21.419617557961786	1
0.00025894765743024944	-19.79448413141892	1
0.0003593392223320624	-19.781404067396046	2
0.000568848193333232	-21.343862160579445	1
0.00021355529419266202	-19.567540573263827	1
2.843643818273534	-120	0
0.0004989341494299829	-20.994320062377426	1
0.0004048009101579975	-20.52369172894536	1
0.0002840891266793202	-19.920181365087206	1
0.0005059476803857514	-21.029384896124945	1
0.0004688364640005781	-20.8438437413313	1
0.00040360418569191796	-20.51770858796982	1
0.0005798324836545276	-21.398779194008082	1
0.0004932791541171545	-20.96604736040493	1
0.0003568266250494068	-20.283839599953872	1
0.00042575859195071104	-20.33651426400843	2
0.000443646751749008	-20.717905312055144	1
0.00011562589867555072	-19.077932985522565	1
2.843643818273534	-120	0
0.0004684559060377391	-20.84194110458778	1
0.0005638192696239197	-21.318719564801643	1
0.0005979812396176547	-21.489515673904545	1
0.0004853828670762833	-20.926569101300206	1
0.0005088505265674831	-20.7601626576856	2
0.00030849373299335624	-19.16287968414098	5
0.00040824524894889135	-20.540912037493865	1
0.00034962054646905786	-19.395331794915762	2
0.0003136726117474591	-20.068086891152262	1
0.0002191534525712015	-19.595529113426227	1
0.0005902124219551908	-21.450674710420238	1
0.00019500197827166367	-19.31759982021006	1
0.0004826484487128492	-20.912898109339853	1
0.0004158996385883316	-20.57918090688909	1
8.425994170098834e-05	-18.921115816883674	1
0.00031218842598375405	-20.060666559313283	1
0.0004611262436121436	-20.311850076378583	1
0.0005980244735860252	-21.48973182635653	1
0.00047473724381723	-20.873345266961756	1
0.0005641962479907925	-21.320604305005137	1
0.0005209810859052486	-20.974931356867682	2
8.296687644294768e-05	-18.914651010699195	1
0.0005241931380513394	-21.120604845637683	1
0.000148896004357583	-19.24427013179884	1
0.0005603736116727261	-21.30149266098224	1
0.0005873957320629573	-21.436592393907716	1
0.000180933114495294	-19.40444279629757	1
0.0002899749825569962	-19.949608277025597	1
0.00043005587239793513	-20.016018764673486	2
5.57258028434502e-05	-18.77845659979627	1
0.000571177956248086	-21.35551003806023	1
0.0003263306773122941	-18.933719948308553	7
0.0003922389159699947	-19.86108453788324	1
2.524633251834662e-05	-18.62607150783583	1
0.0005409597340295694	-21.20443108155169	1
0.000317581020867627	-20.08762736468553	1
0.0002561941891374721	-19.780717897474247	1
0.0004936953421741819	-20.968128133288005	1
0.00021853195506115305	-19.59242187585905	1
0.0004962146613552372	-20.980723715855152	1
0.0004867653045325719	-20.933480732528015	1
0.00045564811962401454	-20.77790732415631	1
0.0004623586831413098	-20.81145744257314	1
0.0005196636171833078	-21.09795906319299	1
0.00044467576545465193	-20.723049966686297	1
0.0003746144156133283	-20.37277139804433	1
0.00043755033883796673	-20.154391010118772	2
0.00020621501307919226	-19.53084212015553	1
0.00011047674063373706	-19.052189266443747	1
0.00046227168731628244	-20.81102249844007	1
0.0003516202602306405	-18.871470590764975	2
0.0004973170536843977	-20.986235234089026	1
0.0005367754771871352	-21.183511480360483	1
0.00030544289217099025	-20.026941603485106	1
0.000534659367621847	-21.172931783690384	1
0.0004847494056692405	-20.923402049060254	1
0.00040652858253668395	-20.53232939592236	1
0.0005505336196410788	-21.25229665873421	1
0.00038071379467365546	-20.40326584001119	1
0.0004934865061882226	-20.45700398698961	1
0.00014262817438217426	-19.21293350301207	1
0.00033004941383501954	-20.05829287922265	2
0.0005893310478604103	-21.446268194458767	1
0.000315677744056764	-18.865874056702467	3
0.0005073248342976806	-21.036270111756142	1
0.000508325070258673	-21.04127088923922	1
0.00034967137468440456	-20.24806622616355	1
0.0004640118224454349	-20.819722474156546	1
0.0005532979864666853	-21.266117380959344	1
0.0005628063729301072	-21.31365548874695	1
0.0003872699919598087	-20.43604418936257	1
0.0003687833464737133	-20.343618397759542	1
0.00038761402052917563	-18.59780867575254	2
0.0005653382226737782	-21.326313719087047	1
0.000573535484867771	-21.367296732897056	1
2.843643818273534	-120	0
0.0005067777167229096	-21.03353474394773	1
0.0003155638363405377	-20.077542253416112	1
0.00019673038828342895	-18.620344237184767	2
0.00025072545226663477	-19.173626326734016	2
0.0003713212717402099	-19.422045622498988	3
0.000308835344794538	-18.96699282117146	1
0.0003189915800821624	-18.967989986095095	2
8.87869144291408e-05	-18.9437488596539	1
0.0004896594850151026	-20.947950470823216	1
0.00048113639226600105	-20.905338435295498	1
0.00040025591787783854	-19.57821118151505	5
0.0002617364027854375	-19.793340174429567	2
0.0005358745391614809	-21.179007152613785	1
0.0005376023306203083	-21.187645414943592	1
0.00016438236929501097	-19.321695727452294	1
0.0003052740075228713	-19.306596728290206	1
0.0005141600605174466	-21.07044349354262	1
0.00032284326414266435	-20.11393646444454	1
0.00028465967370583514	-19.92303387073038	1
0.0003372938383072308	-20.18618352285667	1
0.0005092265124936963	-21.045777737829955	1
0.0003250590552546473	-18.82900800953329	2
0.0005326315096966847	-21.162793309723728	1
0.00040434793171720046	-20.52142701894152	1
0.00010978000141980184	-19.048705850621378	1
0.0005553545792142853	-21.276399517480268	1
0.0005596707785303709	-21.29797877796891	1
0.00018500945449915812	-19.424822856702992	1
0.0005911117517592109	-21.455170997705633	1
0.00026445576204690277	-19.82202243899394	1
0.0005721902464971657	-21.360571082135188	1
0.0003104656087353015	-19.85347533410858	2
0.0004319149250733302	-20.659250897533887	1
0.0005222558604825874	-20.740151099369353	2
0.0005775637015898847	-21.387436196250206	1
0.00037421807510310234	-20.370789854912044	1
0.0004713527218139545	-20.856424018291417	1
0.0005391059651961477	-21.195162983020406	1
0.0004386373244141058	-20.692860190307428	1
0.000544129992744219	-21.220281099961372	1
0.0002405519338001552	-19.70251291252467	1
0.0003973554208201226	-20.486467277032624	1
0.0001758045681441804	-19.378802127381675	1
0.00045800308149658526	-20.78968118628998	1
0.0005218888503212231	-21.109084333833778	1
0.00011255953599362075	-19.062602405486697	1
0.00017953593573713042	-19.397457464489733	1
0.0005947598812157848	-21.473410177612433	1
0.0005112694251951526	-21.055991479622644	1
0.00048307852071332664	-20.904022718977785	2
9.235085341074865e-06	-18.546021712104956	1
0.00053709753404763	-21.185121635123	1
0.0004014405988410069	-19.91651673221328	2
0.00041277602732173424	-20.402780325220917	1
0.00024083525479978832	-19.283874188407633	1
0.0005932082188771714	-21.465652490039812	1
0.0005441874127775623	-21.220568177032202	1
0.0005793114338211515	-21.396174154421498	1
0.0004449036457050281	-20.724189276278597	1
0.0004475275686111204	-20.73730783539649	1
0.0004959913222893846	-20.979607110358884	1
0.0004928824122241817	-20.964063810520354	1
0.0005347091599745562	-21.173180725426104	1
0.00048798201937625465	-20.871698738111945	2
0.00030693503115345334	-20.03440169821888	1
0.0005348508103815881	-20.86766944762877	2
0.00025096032309686697	-19.754550672473314	1
0.0004016086231898471	-20.50773157812853	1
0.0005962663545959656	-21.48094193856911	1
2.843643818273534	-120	0
0.0005634467249146523	-21.316856991102835	1
0.00038102077257205167	-20.30703914260784	2
0.0003897121179625037	-20.448253837087098	1
2.843643818273534	-120	0
0.00023826664179210134	-19.64887846778467	1
0.00022976124297948268	-19.648563798728212	1
0.0003555924628582458	-20.27766928541139	1
2.843643818273534	-120	0
0.00048615496047641475	-20.93042925774407	1
0.0002296613222574519	-19.107811859469454	1
0.0002787732350904935	-19.893604045338055	1
2.843643818273534	-120	0
0.00043916954198466184	-20.695521064087945	1
2.843643818273534	-120	0
0.0004729860520551054	-20.864590012527692	1
0.0004927699607518754	-20.963501598389836	1
0.0005098850422834984	-20.72431502078404	1
0.0005861782315469197	-21.430505381039076	1
0.0005672512360370878	-21.335878016438024	1
0.00014016790896582314	-19.200633165515427	1
0.0004721885972827037	-20.860603059423504	1
0.0005421775645048304	-21.21051974408373	1
0.0005935847407614305	-21.46753494801385	1
0.0005762620534565132	-21.380928479141335	1
0.00041083871157290234	-20.5538783074533	1
0.0003940815521376595	-20.470099250458595	1
0.000434646077637806	-20.672905561813035	1
0.00047157678552951505	-20.857544246744748	1
0.00043653361461381217	-20.682342487474784	1
0.00039987835717084633	-20.49908094399319	1
0.0005057295421813832	-21.028294292844173	1
0.00042977259817442626	-20.60637440734371	1
0.0004306034901505474	-20.525403379229058	2
0.0005881897131178101	-21.440561979821386	1
0.000559829210373316	-21.29877087345808	1
0.0005688117057608702	-21.25268679488391	1
0.0005199255207336851	-21.099268475600205	1
0.0005823544739471458	-21.41138813105865	1
0.0005876696459217046	-21.43796185302591	1
0.00040501324807981187	-20.35279191451781	2
0.0002860442926212246	-19.92995640837625	1
0.0004979610625933422	-20.989455019595994	1
0.00043477409969898666	-20.673545620625013	1
0.0005491088521072056	-21.245173394144775	1
0.00033385315144777284	-20.16898147249644	1
0.0002106335499718913	-19.552933027364308	1
0.00047733455369051303	-20.81448688300537	1
0.0005411251741744843	-21.205258215731774	1
0.0004839102666744825	-20.759930881051943	2
0.0005680920444218518	-21.34008172016603	1
0.000588798940075367	-21.443607869561653	1
2.149685089252254e-05	-18.607325607849354	1
0.00048431348169495627	-19.571718350250137	2
0.00021887058625670393	-19.594114895630202	1
0.00047727556494052875	-20.886035851597025	1
0.00048523716710598835	-20.925840660053186	1
0.00042059935522851453	-20.60267759973721	1
0.00015806320257792775	-19.159037019544805	2
0.0004198810042139574	-20.53094887148041	1
0.0005490190488904447	-21.244724414182247	1
0.0004635063362905915	-20.817195246702497	1
0.0005881374804147889	-21.44030083731568	1
0.00042157817242891125	-20.607571292032514	1
0.0005639772157001708	-21.319509231652724	1
0.00043924146016943754	-20.69588062608439	1
0.00048174429108001175	-20.908377684852255	1
0.00042435799696671864	-20.62146929660114	1
0.0005618651923565054	-21.308949964447155	1
0.0005684309528268496	-21.34177612587292	1
0.00043556266228199575	-20.67748811635892	1
0.000581647016186452	-21.407851126813775	1
0.00021343619778361192	-19.566945139122367	1
0.0003551849709107061	-20.275631989577942	1
0.0005829988432277173	-21.414609718278804	1
0.0003627914972308389	-20.313661561628553	1
0.00041614843373054223	-20.580424782528027	1
0.0002873697511719047	-19.747298405714375	1
0.0004043353375227818	-20.52136405303515	1
0.0003501104355373341	-19.29348873163257	1
0.0003505232185459807	-19.070983613593917	3
0.0005777601999054821	-21.38841860879127	1
0.0005594145946575896	-21.29669796164907	1
0.00044294998189752774	-20.714421743057375	1
0.00021842005913553334	-19.591862441238508	1
0.0005665771363136278	-21.332507788961813	1
0.0004698510580654791	-20.848916303558703	1
7.803819502840984e-05	-18.89000958607511	1
0.0004848132606551487	-20.923721298305598	1
0.00047661976140577617	-20.882757097705134	1
0.0005855714177985664	-21.427471556374165	1
0.0005330248706411145	-21.164759956225492	1
0.0003775108740530601	-20.318823253411484	2
0.0005938823825517299	-21.46902303724579	1
0.0005465231975720349	-21.23224616148892	1
0.0004998696362837229	-20.99899712036808	1
0.0005515899780993559	-21.257578026129732	1
0.00029125515628668095	-19.956008630753615	1
0.00039399445348970526	-20.46966379225225	1
2.843643818273534	-120	0
0.00046702421814820904	-20.834783241003613	1
0.00045693293864224467	-20.7843309024586	1
0.00048294554605612537	-20.532768109862033	2
0.00029965178416393475	-19.997988392789672	1
0.0003929565145964047	-20.233647550590977	4
0.0002841279456370528	-19.92037544426184	1
0.00048368391170565254	-20.918075007812725	1
0.0003529097903654443	-20.264257001990615	1
0.00038495970389930607	-20.42449367832023	1
0.00045805346059645994	-20.39243352746123	2
0.0003855270809098047	-19.71920357508295	2
0.0004540837474353654	-20.770086092445755	1
0.0004081796641024861	-20.540584139641833	1
0.0004946607383813579	-20.972954726015487	1
0.00042770364573633016	-20.638196194739024	1
0.0002939834443784317	-19.882118235914287	2
0.00047582923304899724	-20.69748170405734	2
0.0002992916117813248	-19.99618767574767	1
0.000408124641612541	-20.131895037829775	1
0.0005442676086614904	-21.220969124194898	1
2.843643818273534	-120	0
0.00044228485337830203	-20.711096367993875	1
0.0004954486769977193	-20.976894102167133	1
0.0002523275041473061	-19.761386027808413	1
0.00039695643386421686	-20.48447250273641	1
0.0005980348322352974	-21.489783615436362	1
0.0003562674462341616	-19.89169287887825	2
0.0005496045764497675	-21.247651816463883	1
0.0005396889395601649	-21.19807762035248	1
0.0005904879157896947	-21.452052068781704	1
4.597158161976963e-06	-18.522833941708875	1
0.0005169125942162046	-20.90078542095051	2
0.0005465124627860997	-21.232192491877065	1
0.0005016457489791761	-21.007876969444915	1
0.0004370565171890119	-19.940518857675446	2
0.00043671969716545516	-20.68327282538558	1
0.0005043882871821922	-21.021588557337157	1
0.00022637508677526475	-18.6264283777031	2
0.00046792026250595955	-20.839263102379157	1
0.0005884627736697494	-21.441927172748763	1
0.0003052200058123454	-20.02582726134279	1
0.0005316800338816269	-21.158036313357673	1
0.0003100894017457511	-20.05017228240743	1
0.0001221649670592527	-18.695680147685703	1
0.0005067215985110297	-21.03325417546059	1
0.00034440580211977023	-19.09977951154813	2
0.000493084668218788	-20.96507500914057	1
0.00042620689702681247	-20.630713053224138	1
0.0005789253747785107	-21.39424401449165	1
0.0003936184660070981	-20.46778400607152	1
0.00043345798500352313	-20.666965576524525	1
0.00041248768659909817	-20.562122519322045	1
8.862313238595931e-05	-18.942930015315547	1
0.00038122369005455184	-20.405815111821997	1
0.00020875871000496405	-19.543559581640874	1
0.000238079948370352	-19.69015397967487	1
2.843643818273534	-120	0
0.0005156468314011531	-21.0778767499418	1
0.0004534323474441641	-20.766829354500395	1
0.00045671080219317504	-20.78322030956252	1
0.0004783295612756764	-20.89130540932701	1
0.0005824642831086696	-21.411937132698064	1
0.00042985621572554116	-20.64895817886337	1
2.722401060841843e-05	-18.63595910281072	1
0.0005352422482098904	-20.91969018174978	1
0.00031016048656822004	-19.77130223011637	2
0.0004832550988858786	-20.91593111619394	1
0.0005627709791189248	-21.313478533927384	1
0.0005769697359674866	-21.351038809370632	2
0.0004601966472766888	-18.859565506065803	2
0.0005969378682353736	-21.484299236665255	1
0.0005914726450924754	-21.456975319210922	1
0.0005616356559815641	-21.30780237489817	1
0.00037644161497886203	-20.158747127531125	1
0.0004121123757789494	-20.560246116181435	1
0.0005792892758758276	-21.3960633736074	1
0.00035858009184364125	-19.815574816797913	2
0.00044128620834308117	-20.70610354449974	1
0.0004962303356320261	-20.98080208093448	1
0.00048715169264374104	-20.93541251766814	1
0.00037205357184206985	-20.15230495940447	1
0.0005865585822130201	-21.43240698138228	1
0.00045636670510375955	-20.781499962520574	1
0.0004616133654356337	-20.807731153831643	1
0.00015276386290156375	-19.26360786876171	1
0.0005391760649620669	-20.91366404174215	3
0.0002862957798900267	-19.931213743565298	1
0.0005211107397643175	-21.105194094026306	1
0.0005541872587355497	-21.270563384614373	1
0.00040613956006607904	-20.530384440044667	1
0.0005237616020648591	-21.118447339280696	1
0.0005862441566094214	-21.430834979834746	1
0.00048298005023400206	-20.914555983566544	1
0.0004973622437478589	-20.98646116622967	1
0.000552669158040796	-21.262973491761652	1
0.0005169686930124738	-21.08448552631001	1
0.000518361096777922	-21.0914469850749	1
0.00021939165935038014	-18.564246443021645	2
0.0005199338039053028	-21.099309888126577	1
0.0005996513996200898	-21.49786580213332	1
0.000532637588672389	-21.16282370215712	1
0.0005247185074578673	-21.123231481352576	1
0.0005435453824107389	-21.217358283440017	1
0.00040171104362418935	-18.644049960614375	3
0.0004920125797917135	-20.95971499822808	1
0.00045786487324796373	-20.788990200637958	1
0.0003488601136790468	-19.850825617633184	2
0.00039767780626822285	-20.488079074601	1
0.0005996641518369732	-21.49792955808845	1
0.0004597962406079135	-20.66916736033106	2
0.00014551273428324148	-19.227355142269612	1
0.0005181957809259932	-21.09062047230975	1
0.0005327174629237683	-21.16322304128644	1
0.0005443948854772004	-21.14331602537612	2
0.0005572561289085071	-21.2859065010968	1
0.0005050939676027336	-19.27996509952023	2
0.0005864018643252525	-21.431623454979604	1
0.00038341440721497284	-20.41676781645857	1
0.000573770418461607	-21.368471306369607	1
0.00043512249975818327	-20.468507737905167	1
0.0005271504295016508	-21.13539011338685	1
0.0005288137146227073	-21.143705869973996	1
0.0002750614081841278	-18.952259532253375	2
0.00055472377928058	-21.27324577153649	1
2.843643818273534	-120	0
2.843643818273534	-120	0
0.0005769367119492384	-21.38430150023912	1
0.00048787746416534516	-20.939041083351277	1
0.00019423202835555835	-18.96927708665277	1
0.0001783205571939314	-19.106063555425994	3
0.00037090759687223053	-20.354238795321322	1
0.0004965221152831296	-20.98226086182835	1
0.0005568828990502599	-21.284040501928683	1
0.0005854181268055117	-21.426705163066664	1
0.0005161160464963442	-21.08022263668679	1
0.0003586641917916269	-20.293026694546064	1
0.0004201551645002035	-20.600456824761146	1
0.0005860770035939564	-21.429999281990874	1
0.00047145563011145094	-20.856938518386404	1
0.0004958226088545185	-20.97876361104565	1
0.00020177869323954645	-19.5086623053648	1
0.0005358191750696468	-21.178730354423546	1
0.0005067788379939917	-21.033540349852135	1
0.000599100140832628	-21.495109729927165	1
0.0005454535587179428	-21.226898397456058	1
0.0004102575704669122	-20.550972835673974	1
0.0005448673066888272	-21.223967373116857	1
0.0003045617408725916	-18.717768252827394	2
0.0005519890443767899	-21.259573197001682	1
0.00045190595192890056	-20.759197990881525	1
0.00032304509721309347	-18.95134470576366	2
0.0004062694147798621	-19.737688255566567	3
0.0003449854585686358	-19.284572507550926	3
0.0005221697833716816	-21.11048888608722	1
0.00032446533437668044	-19.779237544084676	2
0.0005335836512151926	-21.167553634339267	1
0.0005180681275571659	-21.089982256811243	1
0.000575597736667911	-21.377607162404455	1
0.00014603430923601453	-19.22996280724196	1
0.0004531719379963797	-20.765527412005177	1
0.0005402606129453417	-21.06479792116716	3
0.0005903207173369301	-21.45121614376961	1
0.00038081556795261273	-19.464108277928418	2
0.00031463013177286415	-20.072874106138904	1
0.0003395422495443982	-20.197424674670863	1
0.0004574664710582273	-20.78699834993738	1
0.00019088090969518598	-19.45417777102548	1
0.00033512670816170423	-20.175348743807234	1
0.0005451933950667291	-21.225597683844825	1
0.0005627802495301427	-21.313524882254665	1
5.779239339810582e-07	-18.50273938721331	1
0.0003733249337264654	-20.36632450727441	1
0.0004628576811544614	-20.813952231928436	1
0.0004909251057719362	-20.954278065540578	1
0.0005922680024013584	-21.460951785841175	1
0.0004964279134042509	-20.981789890324496	1
0.0001491061678383976	-19.24532086466949	1
0.0003818148577035414	-19.4677153555277	3
0.0005509269876004404	-21.05336201917452	2
0.0004494762805079617	-20.74705061105621	1
0.0003490599242750598	-20.245009220058677	1
3.2715686094053974e-05	-18.66341527133889	1
0.00038034507202038795	-20.155692273616424	1
0.00022403153476730235	-18.545452202378016	2
0.00023757725938407438	-19.578898838871343	1
0.00046134937522530694	-20.806411308963995	1
2.843643818273534	-120	0
0.0005015221705023131	-21.007259126767195	1
0.0005492773395468255	-21.246015763572682	1
0.0002552982519334315	-19.776238571824152	1
9.9602447745683e-05	-18.997822175937387	1
0.000497682580546698	-20.988062721375762	1
0.00039941024675296154	-20.05651986387555	1
0.00036629499317877113	-20.331177632167645	1
0.0005035331124363141	-21.017313027582112	1
0.00026413652202402556	-19.8204263672865	1
0.0005676051068241503	-21.33764722803696	1
0.0005752845960873012	-21.376041585454995	1
0.0005764959384192364	-21.382097809880115	1
0.0005808607793226693	-21.403920258740534	1
0.0003717782755266901	-19.741188959541347	3
0.0005992395102627716	-21.49580652101974	1
0.0004666317162382608	-20.832820889328726	1
0.00013372255309522852	-19.168408978658434	1
0.0005896005658155017	-21.44761567582683	1
0.000427133066306686	-20.63534352709324	1
0.0004736923251885641	-20.86812109411288	1
0.0005396483717544458	-21.197874797641347	1
0.0004604507420665204	-20.801918504624556	1
0.0005477870041908226	-21.23856468624575	1
0.0005461816511613546	-21.230538566814698	1
0.00045897581554949044	-20.359400842682568	2
0.0004454596766995943	-20.726969207600764	1
0.0004162948970933311	-20.189302464963603	1
0.00020506188755794693	-19.525076956367492	1
0.0005778268593281405	-21.388751879092347	1
0.00046965444678870446	-20.847933326257188	1
0.0005167932375930254	-21.08360831978567	1
0.000537062361333346	-21.184945785698993	1
0.0002231171224422035	-19.306312228249247	2
0.00035660163298005374	-19.634096592633	2
0.0005721935131622327	-21.36058741414658	1
0.00030252389304151933	-20.012347781937937	1
0.00046406803738437716	-20.820003526240093	1
0.0005839355360273748	-21.41929280551398	1
3.2154718083342785e-05	-18.6606106569218	1
4.3500052359558983e-05	-18.717332764903425	1
0.00046858613011094074	-20.84259217257415	1
0.00038920414372814005	-20.445714170236215	1
0.0002800353247948642	-19.899913986213388	1
0.0005917075508668294	-21.458149753597255	1
0.00021586580328027106	-19.5790921893528	1
0.0005558957330647046	-21.27910506906569	1
0.0005305123375599809	-21.152198301428403	1
0.0005871956397773442	-21.435592012962164	1
0.0005776857472925891	-21.388046375673653	1
0.0003673445821502023	-20.336425154851806	1
2.843643818273534	-120	0
0.00017672765839620857	-19.383417207350018	1
0.0005116654175676522	-21.05797128220633	1
0.0005100904711398523	-20.057262448248384	2
0.0005455244150722796	-21.227252650727404	1
0.0002556055248899435	-19.77777481301324	1
2.843643818273534	-120	0
0.000579546034568163	-21.397347063793806	1
0.000345410418357451	-19.694641539086664	4
0.00037450998387622905	-20.372249281364095	1
0.0004659266881984135	-20.829296032710786	1
0.0005533684462424492	-21.26646965149734	1
0.0005387234653027425	-21.193250637405153	1
0.000442993216487479	-20.714637898617013	1
0.00037420000332191055	-20.37069950327504	1
2.843643818273534	-120	0
0.00038421583495671714	-19.487243067710548	1
0.0003683763591773944	-19.1758402970458	2
0.0005944171197691387	-21.471696508247103	1
0.0003514170082195027	-19.137743640339743	2
0.0005696821992114148	-21.348031854510698	1
0.0004959573262606835	-20.9794371438895	1
0.0005824118704292772	-21.411675090382893	1
0.0001308975647229373	-19.07878469278887	1
0.0005955126082999382	-21.477173510266066	1
0.00044483312560022223	-20.723836704119655	1
0.000542834797831956	-21.213805646362385	1
0.000520145099790897	-21.100366282565645	1
0.0005630538844351692	-21.31489294671646	1
0.0002720557992946013	-19.860019568292458	1
0.0005021719985793993	-21.010508005774245	1
0.00018842692021001493	-19.441908810660387	1
0.0005726373983519997	-21.36280666155282	1
0.0004921161766868853	-20.960232941034473	1
0.0005333733654212749	-21.166502289952295	1
0.00046793010045020054	-20.839312288143276	1
0.00013149887290401813	-19.15729147212653	1
0.0005916808976001966	-21.45801649798475	1
0.0005506134463605109	-21.25269576022291	1
2.843643818273534	-120	0
0.00015768817811463297	-18.67246912788285	3
0.0002931607415548008	-19.011371489383198	2
0.0003107367552932829	-19.764704822114012	2
0.00033185650164070885	-20.15899902656753	1
0.0003832038303574939	-20.415715016870866	1
0.0002339587813082919	-18.843674206497855	2
0.0004474970977115591	-19.989822314643217	2
0.0005193687302922498	-21.096484747349162	1
0.0005241260200341489	-21.120269282548406	1
2.843643818273534	-120	0
0.0005532668281845564	-21.182252555378636	2
0.0005869075890619756	-21.43415187524709	1
9.737196732785164e-05	-18.986670671007616	1
0.0005873028428631486	-21.436127985271217	1
0.00019789489770951602	-19.489244889881967	1
0.0004408318557288648	-20.703831964181536	1
0.0005032378080824041	-21.01583662459194	1
0.00042426439122747163	-20.621001305555662	1
0.00041461029258975433	-20.572734695505943	1
0.000473134867708637	-20.86533403093768	1
0.0005859794853394287	-21.429511729942707	1
0.0005980057715438624	-21.48963832366818	1
0.0004808390809720469	-20.90385199841235	1
0.0005721585030524518	-21.360412377679687	1
0.0004884664259416472	-20.941985655336477	1
0.0003372198569471821	-19.335180837835026	2
0.0005738738075585199	-21.368988210268288	1
0.00041534434295656923	-20.304722867293552	1
0.000575410742714998	-21.376672267853902	1
0.00041982616922187126	-20.428904162328248	2
0.00044901328721496726	-20.74473583081963	1
2.843643818273534	-120	0
0.0001418263603724861	-18.94235759310205	2
0.0005272015144851443	-21.13564551775656	1
0.0005246314622836286	-21.122796290493298	1
0.0005944907421604328	-21.472064590590662	1
2.3023390332670692e-05	-18.61495769103476	1
2.843643818273534	-120	0
0.00047943623356655625	-20.896838325647963	1
0.000351695325414761	-20.25818516572776	1
0.0003990732828369275	-19.539853631410704	3
0.0005060667954835909	-20.71122686283169	1
0.0004091716903395846	-20.33415864210828	2
0.0001949217152380608	-19.474380173418876	1
0.0002046598386819494	-19.523066873702405	1
0.0004585680173488417	-20.43394436536364	2
0.00012136476825555147	-19.10662502509443	1
0.00041797938732889494	-20.589578814060868	1
0.000275693716594774	-19.878207691524857	1
0.0004825822667443921	-20.91256722611774	1
2.843643818273534	-120	0
2.843643818273534	-120	0
6.282286694169195e-05	-18.813939065656875	1
0.0005842220856108931	-21.4207254381736	1
2.843643818273534	-120	0
0.0004063727685734771	-20.531550388778907	1
0.0004696142897360104	-20.847732557145967	1
0.00032271816133871316	-19.027510387256267	2
0.0004465791111815383	-20.732565929743743	1
0.0003743557334914303	-19.458297294408503	2
0.0003534169584077793	-20.266792638205622	1
0.0004666852155208586	-20.83308836422286	1
0.0005589168001898538	-21.29420918953675	1
0.0005299792685217037	-21.14953317065176	1
0.00028544679925145226	-18.90132248989314	2
0.00031274191864386097	-18.882981751980644	3
0.00044800224366043837	-20.739681019715974	1
0.00033147035490102594	-20.157068448187747	1
0.0005602416714272381	-21.300833012824725	1
0.0005106857780214266	-21.05307347851265	1
0.00056064629794036	-21.30285598263864	1
2.843643818273534	-120	0
0.00021377821695578146	-19.568655097413878	1
0.0005888600055176753	-21.443913172211026	1
0.00039352480498045975	-20.46731573861132	1
0.0004704755391443873	-20.852038457770107	1
0.000161498857990268	-19.3072793307546	1
0.0005591587688734867	-21.295418935628586	1
0.00039904702885183566	-20.42937868654176	1
0.0005172770584274206	-21.086027229351856	1
0.0005911640237477486	-21.455432336623115	1
0.0005946583272091771	-21.472902448427156	1
0.0003729791040816139	-20.364595498152163	1
0.00015204007906469708	-19.22226124144219	1
0.0005513274903418526	-21.256265692921872	1
0.0004499988780262235	-20.749663388444702	1
0.00018001685591523625	-19.399861871941194	1
0.0006000689782032613	-21.499953527087808	1
0.00027432211839360543	-19.871350252212807	1
0.00048387528887073965	-20.919031816661104	1
0.0005113972670000948	-21.056630637225933	1
0.00037008542480928294	-20.350128265706363	1
0.000442509284025912	-20.712218430959865	1
0.000564513690275078	-21.322191388742716	1
2.843643818273534	-120	0
0.00040304232038263974	-20.514899487420813	1
0.000522452214278571	-21.11190092702034	1
0.0005045607812230226	-21.022450958159553	1
0.0005924359852753553	-21.461791632643916	1
0.0004625686872399495	-20.1557546834488	1
0.00022305075798390785	-19.484226431228944	2
0.00025034841413411113	-19.751491373785825	1
0.0002718500003390288	-19.858990656292487	1
0.00029629992030387177	-19.98123042169941	1
0.000592236340024128	-21.460793486690484	1
0.0004975856579169415	-20.987578147211877	1
2.843643818273534	-120	0
0.0004712915390162553	-20.85611812891229	1
0.0004954617800716394	-20.976959612266324	1
0.000121753584889989	-19.108568951874084	1
0.00047946093837441655	-20.896961839750325	1
2.843643818273534	-120	0
0.0002580094870483473	-19.78979365686684	1
0.00032657515064949674	-20.132594395913287	1
0.00016401181735760406	-19.319843116811242	1
0.00041748134697391855	-20.587088812611253	1
0.0005360912104455296	-21.180090421882994	1
0.0005539850117363108	-21.269552230967374	1
0.0005854844476553787	-21.427036740639966	1
0.000537367043696677	-21.186469074964183	1
0.00012603198923725922	-19.129959252720806	1
0.00011744585520777909	-19.087032036148102	1
0.0005664340638000964	-21.185753173528493	1
0.0004924945938601495	-20.962124874691202	1
0.0005589910550809642	-21.147232860674563	1
0.0005343507931855032	-21.171389035625626	1
0.0003623873470553122	-20.311640973311018	1
0.0005726402458075174	-21.362820897685083	1
0.0005377171760205727	-21.187245238685776	1
2.843643818273534	-120	0
0.000472762411589849	-20.863471900155638	1
0.00035978673566514286	-20.29863896239622	1
0.0002209734369920587	-18.614399421414156	3
0.00012364226592237977	-19.118011597357583	1
0.0005850202653520101	-21.424716015829762	1
0.0005121580021401857	-20.85526030012237	2
0.0004955742210819716	-20.977521772091176	1
0.0001818121656290456	-19.40883769838825	1
0.0005335179106278633	-21.167224957845256	1
0.0005319185878418825	-21.159228987206117	1
0.0003907258815455886	-20.453322247239463	1
0.0003577217169694259	-20.288314699523852	1
0.00043238140068501584	-20.66158308796324	1
0.0002547990058336282	-19.773742542135384	1
0.0005680576904060629	-21.339909963905196	1
0.0004173486021950053	-20.586425142110215	1
0.00044193364067437356	-20.709340445741457	1
0.0004535625546636723	-20.76748033822508	1
3.953461670496586e-05	-18.697507181635636	1
0.0005603498959876065	-21.30137409209573	1
0.00022873027604548775	-19.643409378740945	1
0.0005083971284918281	-21.04163115142123	1
0.0005498553470812322	-21.248905568754495	1
0.00044171506716524577	-19.07689081430099	2
0.0005335408210036989	-21.167339500509264	1
0.0005442737811505583	-21.22099998415749	1
0.00036804999759799923	-20.33995194835367	1
0.0005488601319668657	-21.243929893485024	1
0.0004876107922170831	-20.576218130698063	2
0.0001856056943247486	-19.427803816007202	1
0.0005021507920224114	-21.010401981519156	1
0.0003404526210977524	-20.201976166261638	1
0.00011750216593704529	-19.08731356714474	1
0.0001313642366098444	-19.156618344810013	1
0.0005885969810242892	-21.442598155539642	1
0.0005009227172569766	-21.004262101656778	1
0.0003906430867729099	-20.45290830667836	1
0.0003431987120369069	-19.359272400283835	3
0.00045400861108071895	-20.769710440894393	1
0.0002332683930033838	-19.666098138177382	1
0.0005294290548343914	-21.146782323525983	1
0.00022914446807755003	-19.64548017230205	1
4.2760980402821756e-05	-18.71363770239441	1
0.00044480020739512914	-20.72367212633478	1
2.843643818273534	-120	0
0.0005367299432892525	-21.18328382918603	1
0.0005347223307786026	-21.17324657414868	1
0.0005804786447144625	-21.402009739404345	1
0.0004912742896948507	-20.956023844703957	1
0.0004098614454421948	-20.54899236988256	1
0.00037928303652122697	-20.396112624738567	1
0.0005251225789358973	-21.125251676214276	1
0.0004384061901747312	-20.69170461207898	1
0.000370994757209871	-19.8967141271566	1
0.0003605119657952539	-18.62913677435385	2
0.0005743440914894585	-21.33742356421911	2
0.00021566380570984677	-18.645608334541766	2
0.00028127909592253766	-18.640220294267827	2
0.00032936737262575437	-20.146554382687583	1
0.0003651582326017382	-20.325494286518243	1
0.0003392200326869361	-20.19581371998786	1
8.44856204749282e-05	-18.922244119979283	1
0.0005916462249664804	-21.45784314876244	1
8.997872661898244e-05	-18.9497074412241	1
0.0005711644210950914	-21.35544236773946	1
0.00012867464428747982	-19.143171465024768	1
0.00045321384128375593	-20.765736911587425	1
0.0005355207576039457	-21.177238387126593	1
0.00039240702803446754	-20.461727303481396	1
0.00045249309276798415	-20.76213345891306	1
0.0005458529001755662	-21.228894944118267	1
0.00043859986365291244	-20.69267290156919	1
0.0005674338705985511	-21.22407743075811	1
0.00038591268321807204	-20.429258191600074	1
0.0003598591765818646	-20.299001137842136	1
0.0005181133251519995	-21.090208226605718	1
0.0005965534510948671	-21.482377305585665	1
0.0004201909280808815	-20.60063562827946	1
0.0003542572628004613	-20.270993822175942	1
0.000430739716499079	-20.653375327363218	1
0.0005486058097363381	-21.24265838462765	1
0.0005962089158089243	-21.48065476773733	1
0.00030304725337026685	-20.014964373072033	1
0.00037662389503429725	-20.103239400457955	2
0.00029289473821107504	-18.82188009945522	3
0.0002307758886243387	-19.653636618834646	1
0.0005193277777929771	-21.078417682565757	2
0.0004854167354431596	-20.926738429511815	1
0.0004705049408790815	-20.85218545461741	1
0.0004619555912561412	-20.809442145281725	1
0.00043367913620389893	-20.492298214181268	2
0.00018782371884562535	-19.438893046462297	1
0.0004962035013852477	-20.980667920494046	1
0.0005525718698729587	-21.26248709005439	1
0.0005597926580720753	-21.298588126654195	1
0.0004403835585994681	-20.147068373295088	4
0.00053481441136886	-21.173706940062672	1
0.0005187445001551094	-21.093363847745657	1
0.00048505148649639294	-20.92491233169096	1
0.0005204329789178893	-21.101805562407858	1
0.00042962224779000884	-20.42014438348141	1
0.0005136855495722629	-21.068071129677804	1
0.000561534657528767	-18.902989190705007	2
0.0003426240834187943	-20.21283260444613	1
0.0005970899155024907	-21.485059411843327	1
0.0005702602557838736	-21.35092190486305	1
0.0004542488581329219	-20.770911579521563	1
0.00021599129657141655	-19.57971960533174	1
0.0004046297416877356	-20.522835955442627	1
0.0004517298448210368	-20.44928049169445	1
0.0004961187627098871	-20.980244261201424	1
0.000166786627157071	-19.33371604970523	1
0.0005171407880319559	-21.08534593218616	1
0.0001503870024301389	-19.25172452244198	1
0.000381256963752684	-20.405981466929077	1
2.843643818273534	-120	0
0.00039607718865109214	-20.480076630326923	1
0.00042395364493420215	-20.619447699079856	1
0.00035980507304360755	-20.298730641912755	1
0.0004477404441718533	-20.738372127575865	1
0.0002131424785553227	-19.565476661122716	1
7.814009708791396e-05	-18.52516618157285	1
0.00040975978688237604	-20.54848411797328	1
0.0005047745064834916	-21.023519498495833	1
0.0005308791492998326	-21.154032212586085	1
0.0005903709101667489	-21.451467087729792	1
0.0005870249342685546	-21.434738554080578	1
3.125147510637828e-05	-18.599686411335348	2
0.0002906341774698045	-19.952903986443662	1
0.0005200940038201289	-21.100110823263982	1
0.0005261699174245721	-21.130487947389863	1
0.00059128508510845	-21.45603759473248	1
0.0005133354573003198	-21.066320809134645	1
0.0005244289316135686	-21.121783718606295	1
0.0004537095660545589	-20.768215336047568	1
0.00021657098461377248	-19.58261781237735	1
0.0005437436460885852	-21.21834952208225	1
0.0003230671256054852	-20.11505568171552	1
0.0003417883776827837	-20.208654411909468	1
0.0003130045987908112	-20.06474709506185	1
0.0005967481659349348	-21.48335080146644	1
0.0003787739312965719	-20.393567303391144	1
1.8737582592512153e-05	-18.59353037620144	1
0.00031758477890174886	-18.835319897713067	2
0.0005112777934978843	-21.056033317770346	1
0.00044291609907117353	-20.71425234255419	1
0.00016030528245364326	-19.301311933159752	1
9.939215373057441e-05	-18.99677079044777	1
0.0005421044542914953	-21.210154222423952	1
0.0005127261270253747	-21.06327440284899	1
0.000518115816523359	-21.09022068246042	1
0.0002890647565854617	-19.94505751328536	1
0.0003922435350712214	-20.460909904426444	1
8.169263134823997e-05	-18.7968524038363	2
0.00048296739328567795	-20.914492703915887	1
0.0005685130268175087	-21.342186462813842	1
0.0004431715845273204	-19.97492655711545	1
0.0005138159090869166	-21.068722874816956	1
0.00027753044527381945	-19.88739059613827	1
0.0004946185379777616	-20.487118580582752	2
0.0004747642965475237	-20.873480519731885	1
0.0004827951708520569	-20.913631661020293	1
0.00048652983493298666	-20.932303479242314	1
0.0005561213918360346	-21.280233272156295	1
0.0005827671725364707	-21.41345145800677	1
0.0005704395795844624	-21.351818451737124	1
0.00039394317853106846	-19.755582078814346	1
0.0005660301176490534	-21.329772915664602	1
0.0004405885894016494	-20.702615730393735	1
0.000588196132735293	-21.440594075326654	1
0.0005369854864279388	-21.18456144209312	1
0.00034127416721913695	-20.206083566420553	1
0.0005443508327105314	-21.221385210965142	1
0.0004287728416824556	-20.643541744410204	1
0.0003847753038904065	-20.42357175244639	1
2.843643818273534	-120	0
0.0004927223964665074	-20.963263796094637	1
0.0003265287534347259	-20.132362428501644	1
0.00034043862309858616	-20.20190618189618	1
2.843643818273534	-120	0
0.00021206634146850824	-19.560096408540005	1
0.0005195649318369077	-21.097465676154897	1
0.0005766242797575147	-21.382739464949157	1
0.0005671631787346566	-21.33543776534489	1
0.0005628931929381414	-21.314089553865774	1
0.0003984644652175232	-20.492012052932054	1
0.0005702838935395255	-21.35104008413356	1
0.00045903060130173304	-20.794818372019538	1
0.0003287745998256354	-20.143590757116197	1
0.00023026459763034562	-19.18028241155194	1
0.0005487741889225936	-21.243500212832277	1
0.0005118948946098953	-21.05911857511569	1
0.0002088344998757421	-19.543938500510034	1
0.0005516036427663037	-21.257646343968172	1
9.041710886887108e-05	-18.951899176144376	1
0.00043491271936790474	-20.674238663213035	1
0.0003177592991557647	-20.088518684417885	1
0.0003845384487147909	-20.422387571837852	1
0.00048716046343919825	-20.935456368117578	1
0.0003525368390193591	-20.26239239527128	1
0.0003373316182746765	-20.186372407497778	1
0.00037159696724718027	-20.35768536991271	1
0.0004907067976932887	-20.947134048571534	2
0.00018404981718745658	-19.420025056136495	1
4.617407247118271e-06	-18.522935178989854	1
0.0005970856524581759	-21.485038098336464	1
0.0005146253139440744	-21.046654124539643	2
1.111015717776384e-05	-18.555396317083932	1
0.0003349593570918676	-20.174512055771167	1
0.000574633196915809	-21.37278485160785	1
0.0005889091730925174	-21.441909989777983	2
0.00030542082206362625	-20.026831261825482	1
0.0005704585718502527	-21.351913405426874	1
0.00030745886642457226	-20.037020663873797	1
0.0005497455969240892	-21.248356862113255	1
0.0004437629583023095	-20.718486298080244	1
0.0004990346618151269	-20.994822583874353	1
0.0005517959493302808	-21.258607799437172	1
0.0005096027230678484	-21.047658639378675	1
0.0005164989096484944	-21.082136798449657	1
0.0003390563845770389	-20.19499554526206	1
0.00039669307778329157	-20.4831558282607	1
0.0005172789319696391	-20.88770031913587	2
0.00045520431535069224	-20.77568848129975	1
2.843643818273534	-120	0
0.00014374225540204083	-19.21850345999797	1
0.00021481529260660134	-19.573840058528177	1
0.00043319561955117234	-20.665653854793234	1
0.0005508767429012509	-21.25401213702164	1
0.0003960647775201273	-20.035105077186543	2
0.00011792506824208308	-18.560950451302602	1
0.0002668732680497526	-19.834108996622067	1
0.0005103222038217805	-21.05125575375377	1
0.0005449773753734133	-21.224517672267194	1
0.00037375804641194945	-20.36848989649223	1
0.0004200762153574699	-20.600062110802952	1
0.0005521853421978906	-21.260554607150905	1
0.0005033925649772569	-21.016610346818805	1
0.000496073889750591	-20.980019914454058	1
