T	U	Steps
2.843643818273534	-120	0
2.843643818273534	-120	0
2.843643818273534	-120	0
2.843643818273534	-120	0
2.843643818273534	-120	0
0.00031770464998588725	-20.088245460549867	1
4.959486369397734e-06	-18.5246454370078	1
2.843643818273534	-120	0
2.843643818273534	-120	0
2.843643818273534	-120	0
2.843643818273534	-120	0
2.843643818273534	-120	0
2.843643818273534	-120	0
2.843643818273534	-120	0
2.843643818273534	-120	0
2.843643818273534	-120	0
2.843643818273534	-120	0
2.1041147701764255e-05	-18.60504727519168	1
0.0005240264015031803	-21.119771229962826	1
2.843643818273534	-120	0
2.843643818273534	-120	0
2.843643818273534	-120	0
2.843643818273534	-120	0
2.843643818273534	-120	0
2.843643818273534	-120	0
2.843643818273534	-120	0
2.843643818273534	-120	0
2.843643818273534	-120	0
2.843643818273534	-120	0
2.843643818273534	-120	0
2.843643818273534	-120	0
2.843643818273534	-120	0
2.843643818273534	-120	0
2.843643818273534	-120	0
2.843643818273534	-120	0
2.843643818273534	-120	0
2.843643818273534	-120	0
2.843643818273534	-120	0
2.843643818273534	-120	0
2.843643818273534	-120	0
2.843643818273534	-120	0
2.843643818273534	-120	0
2.843643818273534	-120	0
2.843643818273534	-120	0
2.843643818273534	-120	0
2.843643818273534	-120	0
0.0004401240725941107	-20.700293333197234	1
2.843643818273534	-120	0
2.843643818273534	-120	0
2.843643818273534	-120	0
2.843643818273534	-120	0
2.843643818273534	-120	0
2.843643818273534	-120	0
2.843643818273534	-120	0
2.843643818273534	-120	0
2.843643818273534	-120	0
2.843643818273534	-120	0
2.843643818273534	-120	0
2.843643818273534	-120	0
2.843643818273534	-120	0
2.843643818273534	-120	0
2.843643818273534	-120	0
2.843643818273534	-120	0
2.843643818273534	-120	0
2.843643818273534	-120	0
2.843643818273534	-120	0
2.843643818273534	-120	0
2.843643818273534	-120	0
2.843643818273534	-120	0
2.843643818273534	-120	0
2.843643818273534	-120	0
2.843643818273534	-120	0
2.843643818273534	-120	0
0.00032112107688914783	-20.10532622088712	1
2.843643818273534	-120	0
0.00024643794926045584	-19.731940622311996	1
2.843643818273534	-120	0
2.843643818273534	-120	0
2.843643818273534	-120	0
2.843643818273534	-120	0
2.843643818273534	-120	0
2.843643818273534	-120	0
2.843643818273534	-120	0
2.843643818273534	-120	0
2.843643818273534	-120	0
2.843643818273534	-120	0
2.843643818273534	-120	0
2.843643818273534	-120	0
2.843643818273534	-120	0
2.843643818273534	-120	0
2.843643818273534	-120	0
2.843643818273534	-120	0
2.843643818273534	-120	0
0.00012452207594388067	-19.122410293581765	1
2.843643818273534	-120	0
2.843643818273534	-120	0
2.843643818273534	-120	0
2.843643818273534	-120	0
2.843643818273534	-120	0
2.843643818273534	-120	0
2.843643818273534	-120	0
2.843643818273534	-120	0
2.3473145392565917e-05	-18.61720628543062	1
2.843643818273534	-120	0
2.843643818273534	-120	0
2.843643818273534	-120	0
2.843643818273534	-120	0
2.843643818273534	-120	0
2.843643818273534	-120	0
2.843643818273534	-120	0
2.843643818273534	-120	0
0.00032948327709337975	-20.14713385840581	1
2.843643818273534	-120	0
2.843643818273534	-120	0
2.843643818273534	-120	0
2.843643818273534	-120	0
2.843643818273534	-120	0
0.0004555938973546194	-20.777636234618996	1
2.843643818273534	-120	0
2.843643818273534	-120	0
2.843643818273534	-120	0
2.843643818273534	-120	0
0.00011725841432049586	-19.086094907105466	1
2.843643818273534	-120	0
0.0005607439335829912	-21.303344121580107	1
0.00011959425189826582	-19.09777315545744	1
0.00030761204315538874	-20.037786485916065	1
2.843643818273534	-120	0
2.843643818273534	-120	0
2.843643818273534	-120	0
2.843643818273534	-120	0
2.843643818273534	-120	0
2.843643818273534	-120	0
2.843643818273534	-120	0
2.843643818273534	-120	0
2.843643818273534	-120	0
2.843643818273534	-120	0
2.843643818273534	-120	0
2.843643818273534	-120	0
2.843643818273534	-120	0
2.843643818273534	-120	0
2.843643818273534	-120	0
2.843643818273534	-120	0
2.843643818273534	-120	0
2.843643818273534	-120	0
2.843643818273534	-120	0
2.843643818273534	-120	0
2.843643818273534	-120	0
2.843643818273534	-120	0
2.843643818273534	-120	0
2.843643818273534	-120	0
2.843643818273534	-120	0
2.843643818273534	-120	0
2.843643818273534	-120	0
2.843643818273534	-120	0
2.843643818273534	-120	0
0.00014791381676101148	-19.239359588878326	1
2.843643818273534	-120	0
2.843643818273534	-120	0
2.843643818273534	-120	0
2.843643818273534	-120	0
0.0005589660665637101	-21.29445550158977	1
2.843643818273534	-120	0
0.0004072986219469465	-20.53617928324305	1
2.843643818273534	-120	0
2.843643818273534	-120	0
2.843643818273534	-120	0
2.843643818273534	-120	0
2.843643818273534	-120	0
2.843643818273534	-120	0
2.843643818273534	-120	0
2.843643818273534	-120	0
2.843643818273534	-120	0
2.843643818273534	-120	0
2.843643818273534	-120	0
2.843643818273534	-120	0
2.843643818273534	-120	0
2.843643818273534	-120	0
2.843643818273534	-120	0
2.843643818273534	-120	0
2.843643818273534	-120	0
2.843643818273534	-120	0
2.843643818273534	-120	0
2.843643818273534	-120	0
2.843643818273534	-120	0
2.843643818273534	-120	0
2.843643818273534	-120	0
2.843643818273534	-120	0
2.843643818273534	-120	0
2.843643818273534	-120	0
2.843643818273534	-120	0
2.843643818273534	-120	0
2.843643818273534	-120	0
2.843643818273534	-120	0
2.843643818273534	-120	0
2.843643818273534	-120	0
2.843643818273534	-120	0
2.843643818273534	-120	0
0.00044201367771662674	-20.709740598759666	1
2.843643818273534	-120	0
2.843643818273534	-120	0
2.843643818273534	-120	0
2.843643818273534	-120	0
0.00020789632329583471	-19.539247994970424	1
2.843643818273534	-120	0
2.843643818273534	-120	0
2.843643818273534	-120	0
2.843643818273534	-120	0
2.843643818273534	-120	0
2.843643818273534	-120	0
2.843643818273534	-120	0
2.843643818273534	-120	0
2.843643818273534	-120	0
2.843643818273534	-120	0
2.843643818273534	-120	0
2.843643818273534	-120	0
0.00013893127501386372	-19.19445049316316	1
2.843643818273534	-120	0
2.843643818273534	-120	0
2.843643818273534	-120	0
2.843643818273534	-120	0
2.843643818273534	-120	0
2.843643818273534	-120	0
2.843643818273534	-120	0
0.0003199326339285694	-20.099384484108043	1
2.843643818273534	-120	0
2.843643818273534	-120	0
0.0005673377188045253	-21.33631039548951	1
2.843643818273534	-120	0
2.843643818273534	-120	0
0.0004897658685802192	-20.94848234585846	1
2.843643818273534	-120	0
2.843643818273534	-120	0
2.843643818273534	-120	0
2.1592134512176864e-06	-18.510645198762198	1
0.00016335926644875926	-19.316580624740595	1
0.00017064783571376933	-19.353020539406494	1
2.843643818273534	-120	0
2.843643818273534	-120	0
2.843643818273534	-120	0
2.843643818273534	-120	0
2.843643818273534	-120	0
2.843643818273534	-120	0
2.843643818273534	-120	0
2.843643818273534	-120	0
0.0002668320440856754	-19.833902893383073	1
2.843643818273534	-120	0
2.843643818273534	-120	0
2.843643818273534	-120	0
2.843643818273534	-120	0
2.843643818273534	-120	0
2.843643818273534	-120	0
2.843643818273534	-120	0
2.843643818273534	-120	0
0.00015359737373602685	-19.267775087673485	1
2.843643818273534	-120	0
0.00012440506073603327	-19.1218252646092	1
2.843643818273534	-120	0
2.843643818273534	-120	0
2.843643818273534	-120	0
0.0005668059185957807	-21.333651608350173	1
2.843643818273534	-120	0
2.843643818273534	-120	0
2.843643818273534	-120	0
2.843643818273534	-120	0
2.843643818273534	-120	0
2.843643818273534	-120	0
2.843643818273534	-120	0
2.843643818273534	-120	0
2.843643818273534	-120	0
2.843643818273534	-120	0
2.843643818273534	-120	0
2.843643818273534	-120	0
2.843643818273534	-120	0
2.843643818273534	-120	0
2.843643818273534	-120	0
2.843643818273534	-120	0
2.843643818273534	-120	0
2.843643818273534	-120	0
2.843643818273534	-120	0
2.843643818273534	-120	0
2.843643818273534	-120	0
2.843643818273534	-120	0
2.843643818273534	-120	0
2.843643818273534	-120	0
2.843643818273534	-120	0
2.843643818273534	-120	0
2.843643818273534	-120	0
2.843643818273534	-120	0
2.843643818273534	-120	0
2.843643818273534	-120	0
2.843643818273534	-120	0
2.843643818273534	-120	0
2.843643818273534	-120	0
2.843643818273534	-120	0
2.843643818273534	-120	0
0.00015269627084332692	-19.263269935657874	1
2.843643818273534	-120	0
2.843643818273534	-120	0
0.0004144512117235613	-20.571939355161593	1
2.843643818273534	-120	0
2.843643818273534	-120	0
2.843643818273534	-120	0
0.00010008440102370745	-19.000231748472903	1
2.843643818273534	-120	0
2.843643818273534	-120	0
2.843643818273534	-120	0
2.843643818273534	-120	0
2.843643818273534	-120	0
2.843643818273534	-120	0
2.843643818273534	-120	0
2.843643818273534	-120	0
2.843643818273534	-120	0
2.843643818273534	-120	0
2.843643818273534	-120	0
2.843643818273534	-120	0
2.843643818273534	-120	0
2.843643818273534	-120	0
2.843643818273534	-120	0
2.843643818273534	-120	0
2.843643818273534	-120	0
2.843643818273534	-120	0
2.843643818273534	-120	0
2.843643818273534	-120	0
2.843643818273534	-120	0
2.843643818273534	-120	0
2.843643818273534	-120	0
2.843643818273534	-120	0
2.843643818273534	-120	0
2.843643818273534	-120	0
2.843643818273534	-120	0
2.843643818273534	-120	0
2.843643818273534	-120	0
0.0003945992820322426	-20.47268769168658	1
2.843643818273534	-120	0
2.843643818273534	-120	0
2.843643818273534	-120	0
2.843643818273534	-120	0
2.843643818273534	-120	0
2.843643818273534	-120	0
2.843643818273534	-120	0
2.843643818273534	-120	0
2.843643818273534	-120	0
2.843643818273534	-120	0
2.843643818273534	-120	0
2.843643818273534	-120	0
2.843643818273534	-120	0
2.843643818273534	-120	0
2.843643818273534	-120	0
2.843643818273534	-120	0
2.843643818273534	-120	0
2.843643818273534	-120	0
2.843643818273534	-120	0
2.843643818273534	-120	0
2.843643818273534	-120	0
2.843643818273534	-120	0
2.843643818273534	-120	0
2.843643818273534	-120	0
2.843643818273534	-120	0
2.843643818273534	-120	0
2.843643818273534	-120	0
0.0004763808973353999	-20.881562873430823	1
2.843643818273534	-120	0
2.843643818273534	-120	0
2.843643818273534	-120	0
2.843643818273534	-120	0
2.843643818273534	-120	0
2.843643818273534	-120	0
2.843643818273534	-120	0
2.843643818273534	-120	0
2.843643818273534	-120	0
0.000555064187552909	-21.274947675976744	1
2.843643818273534	-120	0
2.843643818273534	-120	0
2.843643818273534	-120	0
2.843643818273534	-120	0
2.843643818273534	-120	0
2.843643818273534	-120	0
2.843643818273534	-120	0
2.843643818273534	-120	0
2.843643818273534	-120	0
2.843643818273534	-120	0
2.843643818273534	-120	0
2.843643818273534	-120	0
0.0005594940679481558	-21.2970952961356	1
2.843643818273534	-120	0
2.843643818273534	-120	0
2.843643818273534	-120	0
2.843643818273534	-120	0
2.843643818273534	-120	0
2.843643818273534	-120	0
2.843643818273534	-120	0
2.843643818273534	-120	0
2.843643818273534	-120	0
2.843643818273534	-120	0
2.843643818273534	-120	0
2.843643818273534	-120	0
2.843643818273534	-120	0
2.843643818273534	-120	0
0.0002751645223937686	-19.875561933376012	1
2.843643818273534	-120	0
2.843643818273534	-120	0
2.843643818273534	-120	0
2.843643818273534	-120	0
2.843643818273534	-120	0
2.843643818273534	-120	0
7.240805429397793e-05	-18.861861146997413	1
2.843643818273534	-120	0
0.0002363449338430929	-19.68147960490822	1
2.843643818273534	-120	0
2.843643818273534	-120	0
2.843643818273534	-120	0
2.843643818273534	-120	0
2.843643818273534	-120	0
2.843643818273534	-120	0
2.843643818273534	-120	0
2.843643818273534	-120	0
2.843643818273534	-120	0
2.843643818273534	-120	0
2.843643818273534	-120	0
2.843643818273534	-120	0
0.000269540869438353	-19.847445930583838	1
2.843643818273534	-120	0
2.843643818273534	-120	0
0.00040963983338723563	-20.547884398746106	1
2.843643818273534	-120	0
2.843643818273534	-120	0
2.843643818273534	-120	0
2.843643818273534	-120	0
0.0005359795991827823	-21.17953241046232	1
2.843643818273534	-120	0
2.843643818273534	-120	0
2.843643818273534	-120	0
2.843643818273534	-120	0
2.843643818273534	-120	0
2.843643818273534	-120	0
2.843643818273534	-120	0
0.0003465976980090905	-20.232699079102648	1
2.843643818273534	-120	0
2.843643818273534	-120	0
0.0001560411166496848	-19.27999281930246	1
2.843643818273534	-120	0
2.843643818273534	-120	0
2.843643818273534	-120	0
2.843643818273534	-120	0
2.843643818273534	-120	0
2.843643818273534	-120	0
2.843643818273534	-120	0
2.843643818273534	-120	0
2.843643818273534	-120	0
2.843643818273534	-120	0
2.843643818273534	-120	0
2.843643818273534	-120	0
2.843643818273534	-120	0
2.843643818273534	-120	0
2.843643818273534	-120	0
2.843643818273534	-120	0
2.843643818273534	-120	0
2.843643818273534	-120	0
2.843643818273534	-120	0
2.843643818273534	-120	0
2.843643818273534	-120	0
2.843643818273534	-120	0
2.843643818273534	-120	0
2.843643818273534	-120	0
2.843643818273534	-120	0
0.00039436283469451657	-20.471505550103448	1
2.843643818273534	-120	0
2.843643818273534	-120	0
2.843643818273534	-120	0
2.843643818273534	-120	0
2.843643818273534	-120	0
2.843643818273534	-120	0
0.0005294714920861036	-21.146994492715137	1
9.073659108854833e-05	-18.953496458738396	1
2.843643818273534	-120	0
2.843643818273534	-120	0
2.843643818273534	-120	0
2.843643818273534	-120	0
2.843643818273534	-120	0
2.843643818273534	-120	0
2.843643818273534	-120	0
2.843643818273534	-120	0
2.843643818273534	-120	0
0.0004068737537219179	-20.53405511301137	1
2.843643818273534	-120	0
2.843643818273534	-120	0
2.843643818273534	-120	0
2.843643818273534	-120	0
2.843643818273534	-120	0
2.843643818273534	-120	0
2.843643818273534	-120	0
2.843643818273534	-120	0
2.843643818273534	-120	0
5.067324733090051e-05	-18.753195854507634	1
2.843643818273534	-120	0
2.843643818273534	-120	0
2.843643818273534	-120	0
2.843643818273534	-120	0
2.843643818273534	-120	0
2.843643818273534	-120	0
2.843643818273534	-120	0
2.843643818273534	-120	0
2.843643818273534	-120	0
2.843643818273534	-120	0
2.843643818273534	-120	0
2.843643818273534	-120	0
2.843643818273534	-120	0
2.843643818273534	-120	0
2.843643818273534	-120	0
2.843643818273534	-120	0
2.843643818273534	-120	0
2.843643818273534	-120	0
2.843643818273534	-120	0
0.00017807725312641039	-19.390164638157625	1
2.843643818273534	-120	0
2.843643818273534	-120	0
2.843643818273534	-120	0
2.843643818273534	-120	0
2.843643818273534	-120	0
2.843643818273534	-120	0
2.843643818273534	-120	0
0.0004985799279774494	-20.992549097592182	1
0.00035128906763858475	-20.256154040254714	1
2.843643818273534	-120	0
2.843643818273534	-120	0
2.843643818273534	-120	0
2.843643818273534	-120	0
2.843643818273534	-120	0
2.843643818273534	-120	0
2.843643818273534	-120	0
2.843643818273534	-120	0
2.843643818273534	-120	0
2.843643818273534	-120	0
2.843643818273534	-120	0
2.843643818273534	-120	0
2.843643818273534	-120	0
2.843643818273534	-120	0
2.843643818273534	-120	0
2.843643818273534	-120	0
2.843643818273534	-120	0
2.843643818273534	-120	0
2.843643818273534	-120	0
2.843643818273534	-120	0
2.843643818273534	-120	0
2.843643818273534	-120	0
2.843643818273534	-120	0
2.843643818273534	-120	0
2.843643818273534	-120	0
2.843643818273534	-120	0
2.843643818273534	-120	0
2.843643818273534	-120	0
2.843643818273534	-120	0
0.00016845629019133398	-19.34206369329304	1
2.843643818273534	-120	0
2.843643818273534	-120	0
2.843643818273534	-120	0
0.00048040815767674865	-20.901697555264832	1
2.843643818273534	-120	0
2.843643818273534	-120	0
2.843643818273534	-120	0
2.843643818273534	-120	0
2.843643818273534	-120	0
2.843643818273534	-120	0
2.843643818273534	-120	0
2.843643818273534	-120	0
2.843643818273534	-120	0
2.843643818273534	-120	0
2.843643818273534	-120	0
2.843643818273534	-120	0
2.843643818273534	-120	0
2.843643818273534	-120	0
2.843643818273534	-120	0
2.843643818273534	-120	0
2.843643818273534	-120	0
2.843643818273534	-120	0
2.843643818273534	-120	0
2.843643818273534	-120	0
2.843643818273534	-120	0
2.843643818273534	-120	0
2.843643818273534	-120	0
2.843643818273534	-120	0
0.000555639210137496	-21.277822557610087	1
2.843643818273534	-120	0
2.843643818273534	-120	0
2.843643818273534	-120	0
2.843643818273534	-120	0
2.843643818273534	-120	0
2.843643818273534	-120	0
2.843643818273534	-120	0
2.843643818273534	-120	0
2.843643818273534	-120	0
2.843643818273534	-120	0
2.843643818273534	-120	0
3.833073833844496e-05	-18.691488274035382	1
2.843643818273534	-120	0
2.843643818273534	-120	0
2.843643818273534	-120	0
2.843643818273534	-120	0
2.843643818273534	-120	0
2.843643818273534	-120	0
2.843643818273534	-120	0
2.843643818273534	-120	0
2.843643818273534	-120	0
2.843643818273534	-120	0
2.843643818273534	-120	0
2.843643818273534	-120	0
2.843643818273534	-120	0
0.00012327000584126227	-19.11615044668504	1
2.843643818273534	-120	0
0.00013888307999615344	-19.194209537459944	1
2.843643818273534	-120	0
2.843643818273534	-120	0
2.843643818273534	-120	0
2.843643818273534	-120	0
2.843643818273534	-120	0
2.843643818273534	-120	0
2.843643818273534	-120	0
2.843643818273534	-120	0
2.843643818273534	-120	0
2.843643818273534	-120	0
0.00016385248691591896	-19.319046528689817	1
2.843643818273534	-120	0
2.843643818273534	-120	0
2.843643818273534	-120	0
2.843643818273534	-120	0
2.843643818273534	-120	0
2.843643818273534	-120	0
2.843643818273534	-120	0
2.843643818273534	-120	0
2.843643818273534	-120	0
2.843643818273534	-120	0
2.843643818273534	-120	0
3.562249972980808e-05	-18.677948170318814	1
2.843643818273534	-120	0
2.843643818273534	-120	0
2.843643818273534	-120	0
2.843643818273534	-120	0
2.843643818273534	-120	0
2.843643818273534	-120	0
2.843643818273534	-120	0
2.843643818273534	-120	0
2.843643818273534	-120	0
2.843643818273534	-120	0
2.843643818273534	-120	0
2.843643818273534	-120	0
2.843643818273534	-120	0
2.843643818273534	-120	0
2.843643818273534	-120	0
2.843643818273534	-120	0
2.843643818273534	-120	0
2.843643818273534	-120	0
2.843643818273534	-120	0
2.843643818273534	-120	0
2.843643818273534	-120	0
2.843643818273534	-120	0
2.843643818273534	-120	0
0.00014559593067373785	-19.22777109075826	1
0.0002168423422243994	-19.583974491283136	1
2.843643818273534	-120	0
2.843643818273534	-120	0
2.843643818273534	-120	0
2.843643818273534	-120	0
2.843643818273534	-120	0
2.843643818273534	-120	0
2.843643818273534	-120	0
2.843643818273534	-120	0
2.843643818273534	-120	0
2.843643818273534	-120	0
0.0004921489686478076	-20.960396887649274	1
2.843643818273534	-120	0
2.843643818273534	-120	0
2.843643818273534	-120	0
2.843643818273534	-120	0
2.843643818273534	-120	0
2.843643818273534	-120	0
0.00026086801643918626	-19.804085154043413	1
2.843643818273534	-120	0
2.843643818273534	-120	0
2.843643818273534	-120	0
2.843643818273534	-120	0
0.0004590113205141419	-20.794721975836836	1
2.843643818273534	-120	0
2.843643818273534	-120	0
2.843643818273534	-120	0
2.843643818273534	-120	0
2.843643818273534	-120	0
0.0005846223442977761	-21.422726570613175	1
2.843643818273534	-120	0
2.843643818273534	-120	0
2.843643818273534	-120	0
2.843643818273534	-120	0
2.843643818273534	-120	0
2.843643818273534	-120	0
2.843643818273534	-120	0
2.843643818273534	-120	0
2.843643818273534	-120	0
2.843643818273534	-120	0
2.843643818273534	-120	0
2.843643818273534	-120	0
2.843643818273534	-120	0
2.843643818273534	-120	0
0.0005390713473205779	-21.1949899075668	1
2.843643818273534	-120	0
2.843643818273534	-120	0
0.00014135959641177237	-19.206591123416338	1
2.843643818273534	-120	0
2.843643818273534	-120	0
0.0004524486593009335	-20.761911309450145	1
2.843643818273534	-120	0
2.843643818273534	-120	0
2.843643818273534	-120	0
2.843643818273534	-120	0
2.843643818273534	-120	0
2.843643818273534	-120	0
2.843643818273534	-120	0
2.843643818273534	-120	0
2.843643818273534	-120	0
2.843643818273534	-120	0
8.27055189367809e-05	-18.913344328293398	1
2.843643818273534	-120	0
2.843643818273534	-120	0
2.843643818273534	-120	0
2.843643818273534	-120	0
2.843643818273534	-120	0
2.843643818273534	-120	0
2.843643818273534	-120	0
2.843643818273534	-120	0
2.843643818273534	-120	0
2.843643818273534	-120	0
0.0005451453112532939	-21.225357284118257	1
0.000437885559975696	-20.06421287154685	1
2.843643818273534	-120	0
2.843643818273534	-120	0
2.843643818273534	-120	0
0.0005959315984241821	-21.479268292358153	1
2.843643818273534	-120	0
2.843643818273534	-120	0
2.843643818273534	-120	0
2.843643818273534	-120	0
2.843643818273534	-120	0
0.0004899587971041078	-20.949446910876844	1
2.843643818273534	-120	0
2.843643818273534	-120	0
0.00019785389092527624	-19.489039872454804	1
2.843643818273534	-120	0
2.843643818273534	-120	0
0.00048165612984972305	-20.907936914161635	1
2.843643818273534	-120	0
0.0005601820911971262	-21.300535135638942	1
2.843643818273534	-120	0
2.843643818273534	-120	0
2.843643818273534	-120	0
2.843643818273534	-120	0
2.843643818273534	-120	0
2.843643818273534	-120	0
2.843643818273534	-120	0
0.00029188930975093945	-19.95917914300128	1
2.843643818273534	-120	0
2.843643818273534	-120	0
2.843643818273534	-120	0
2.843643818273534	-120	0
2.843643818273534	-120	0
2.843643818273534	-120	0
2.843643818273534	-120	0
2.843643818273534	-120	0
2.843643818273534	-120	0
2.843643818273534	-120	0
2.843643818273534	-120	0
2.843643818273534	-120	0
2.843643818273534	-120	0
2.843643818273534	-120	0
0.00043510136084721134	-20.675181794732875	1
2.843643818273534	-120	0
2.843643818273534	-120	0
2.843643818273534	-120	0
2.843643818273534	-120	0
2.843643818273534	-120	0
2.843643818273534	-120	0
2.843643818273534	-120	0
2.843643818273534	-120	0
2.843643818273534	-120	0
2.843643818273534	-120	0
2.843643818273534	-120	0
0.0001462828790159452	-19.231205556160145	1
7.14205259493929e-05	-18.856923902485025	1
2.843643818273534	-120	0
2.843643818273534	-120	0
0.0004004158055874097	-20.501767969899756	1
2.843643818273534	-120	0
2.843643818273534	-120	0
2.843643818273534	-120	0
0.0005091117496846482	-21.045203969945412	1
2.843643818273534	-120	0
2.843643818273534	-120	0
2.843643818273534	-120	0
2.843643818273534	-120	0
2.843643818273534	-120	0
2.843643818273534	-120	0
2.843643818273534	-120	0
2.843643818273534	-120	0
7.169476441846152e-05	-18.85829498452426	1
2.843643818273534	-120	0
2.843643818273534	-120	0
0.0005813194682672984	-21.406213518966613	1
2.843643818273534	-120	0
2.843643818273534	-120	0
2.843643818273534	-120	0
2.843643818273534	-120	0
2.843643818273534	-120	0
0.0004451197765015762	-20.725269843327702	1
2.843643818273534	-120	0
4.86137248004026e-06	-18.524154907025064	1
2.843643818273534	-120	0
2.843643818273534	-120	0
2.843643818273534	-120	0
2.843643818273534	-120	0
2.843643818273534	-120	0
2.843643818273534	-120	0
2.843643818273534	-120	0
2.843643818273534	-120	0
2.843643818273534	-120	0
2.843643818273534	-120	0
2.843643818273534	-120	0
2.843643818273534	-120	0
2.843643818273534	-120	0
2.843643818273534	-120	0
2.843643818273534	-120	0
2.843643818273534	-120	0
2.843643818273534	-120	0
2.843643818273534	-120	0
0.000424570371745522	-20.413156407467493	2
2.843643818273534	-120	0
2.843643818273534	-120	0
2.843643818273534	-120	0
2.843643818273534	-120	0
2.843643818273534	-120	0
4.125824970386126e-05	-18.70612465333843	1
2.843643818273534	-120	0
2.843643818273534	-120	0
2.843643818273534	-120	0
2.843643818273534	-120	0
2.843643818273534	-120	0
2.843643818273534	-120	0
2.843643818273534	-120	0
2.843643818273534	-120	0
2.843643818273534	-120	0
2.843643818273534	-120	0
2.843643818273534	-120	0
2.843643818273534	-120	0
2.843643818273534	-120	0
2.843643818273534	-120	0
2.843643818273534	-120	0
2.843643818273534	-120	0
2.843643818273534	-120	0
2.843643818273534	-120	0
2.843643818273534	-120	0
2.843643818273534	-120	0
0.0002703505163390352	-19.851493839425427	1
2.843643818273534	-120	0
0.00024461891662615117	-19.722846190804464	1
2.843643818273534	-120	0
0.0005136235408039555	-21.067761110777866	1
0.00041977828890038126	-20.598572598351566	1
2.843643818273534	-120	0
2.843643818273534	-120	0
2.843643818273534	-120	0
2.843643818273534	-120	0
2.843643818273534	-120	0
2.843643818273534	-120	0
2.843643818273534	-120	0
0.00048570126173470265	-20.92816094652538	1
2.843643818273534	-120	0
2.843643818273534	-120	0
2.843643818273534	-120	0
2.843643818273534	-120	0
2.843643818273534	-120	0
2.843643818273534	-120	0
2.843643818273534	-120	0
2.843643818273534	-120	0
2.843643818273534	-120	0
0.00010504188658141756	-19.025017182227046	1
2.843643818273534	-120	0
2.843643818273534	-120	0
2.843643818273534	-120	0
2.843643818273534	-120	0
2.843643818273534	-120	0
2.843643818273534	-120	0
0.0003484003000723713	-20.24171136436388	1
2.843643818273534	-120	0
2.843643818273534	-120	0
2.843643818273534	-120	0
0.00043453536202174304	-20.67235202826553	1
2.843643818273534	-120	0
2.843643818273534	-120	0
2.843643818273534	-120	0
2.843643818273534	-120	0
2.843643818273534	-120	0
2.843643818273534	-120	0
2.843643818273534	-120	0
2.843643818273534	-120	0
2.843643818273534	-120	0
2.843643818273534	-120	0
2.843643818273534	-120	0
2.843643818273534	-120	0
2.843643818273534	-120	0
2.843643818273534	-120	0
0.00023317405303031595	-19.665626476258122	1
2.843643818273534	-120	0
2.843643818273534	-120	0
2.843643818273534	-120	0
2.843643818273534	-120	0
2.843643818273534	-120	0
0.0002823709882507903	-19.911591364026176	1
2.843643818273534	-120	0
2.843643818273534	-120	0
2.843643818273534	-120	0
2.843643818273534	-120	0
2.843643818273534	-120	0
2.843643818273534	-120	0
2.843643818273534	-120	0
2.843643818273534	-120	0
2.843643818273534	-120	0
0.00021994353785585602	-19.599479222055887	1
2.843643818273534	-120	0
2.843643818273534	-120	0
2.843643818273534	-120	0
2.843643818273534	-120	0
2.843643818273534	-120	0
2.843643818273534	-120	0
2.843643818273534	-120	0
2.843643818273534	-120	0
2.843643818273534	-120	0
2.843643818273534	-120	0
2.843643818273534	-120	0
2.843643818273534	-120	0
0.00010192004993208791	-19.0094092546673	1
2.843643818273534	-120	0
2.843643818273534	-120	0
2.843643818273534	-120	0
2.843643818273534	-120	0
2.843643818273534	-120	0
2.843643818273534	-120	0
2.843643818273534	-120	0
2.843643818273534	-120	0
2.843643818273534	-120	0
2.843643818273534	-120	0
2.843643818273534	-120	0
2.843643818273534	-120	0
2.843643818273534	-120	0
2.843643818273534	-120	0
2.843643818273534	-120	0
2.843643818273534	-120	0
2.843643818273534	-120	0
2.843643818273534	-120	0
2.843643818273534	-120	0
2.843643818273534	-120	0
2.843643818273534	-120	0
2.843643818273534	-120	0
2.843643818273534	-120	0
2.843643818273534	-120	0
0.0003907711097819013	-20.453548370229008	1
2.843643818273534	-120	0
2.843643818273534	-120	0
2.843643818273534	-120	0
4.343251866541318e-05	-18.71699512359657	1
2.843643818273534	-120	0
2.843643818273534	-120	0
2.843643818273534	-120	0
2.843643818273534	-120	0
2.843643818273534	-120	0
2.843643818273534	-120	0
2.843643818273534	-120	0
2.843643818273534	-120	0
2.843643818273534	-120	0
2.843643818273534	-120	0
2.843643818273534	-120	0
2.843643818273534	-120	0
2.843643818273534	-120	0
2.843643818273534	-120	0
2.843643818273534	-120	0
2.843643818273534	-120	0
2.843643818273534	-120	0
2.843643818273534	-120	0
8.078858858663169e-05	-18.903760447583743	1
2.843643818273534	-120	0
2.843643818273534	-120	0
2.843643818273534	-120	0
2.843643818273534	-120	0
2.843643818273534	-120	0
2.843643818273534	-120	0
2.843643818273534	-120	0
2.843643818273534	-120	0
2.843643818273534	-120	0
0.0005683640581127926	-21.341441679209492	1
2.843643818273534	-120	0
0.00043974150929421347	-20.698380670575023	1
2.843643818273534	-120	0
2.843643818273534	-120	0
2.843643818273534	-120	0
