T	U	Steps
0.0005808585042013886	-21.403908884049244	1
0.00031269995514166866	-18.613428891358232	108
0.0005847606528502445	-21.387135644853153	2
0.00031209206173586277	-18.567331272139157	132
0.0003082908308319225	-18.643945115529554	423
0.0005945500573299132	-21.472361142579903	1
0.00033821014560077463	-18.895297126172856	31
0.0003144270307508993	-18.68808777702629	79
0.00031832368188275926	-18.691162186735372	75
0.0003100971665729286	-18.618316372927183	301
0.0003611659910581457	-18.847099256612655	138
0.0003146507363407032	-18.52322494959782	86
0.0003144523783557889	-18.622953362818123	198
0.0005709066816705107	-21.212821407707477	27
0.0005967924641693903	-21.483572274820773	1
0.0005998752275260365	-21.49898485163343	1
0.0003183440799290395	-18.510647357895195	132
0.0005855544118838047	-21.376224874080343	35
0.0005954510880459174	-21.476865933741067	1
0.0005952914428717701	-21.476067772083926	1
0.0005998838091594124	-21.499027756348546	1
0.00036281806966896406	-18.943549243401954	28
0.0005962711185366886	-21.48096575635654	1
0.000593776737548239	-21.468494854721605	1
0.00035629149074592275	-19.030124680838455	233
0.0005916564329927925	-21.44377314437715	102
0.0003036158209365403	-18.596431518659926	244
0.00033581228134658866	-18.660688683378343	159
0.00029727126667841594	-18.505783870085	153
0.0003740319162593696	-18.53096652116703	87
0.00030583100169484224	-18.55195066140695	245
0.0005973068958024309	-21.486144226067697	1
0.0005820813797448655	-21.32677461012077	11
0.00030181079251270906	-18.51244793443895	69
0.00033730247135505226	-18.815157516812317	42
0.0005854304841958915	-21.426766945048087	1
0.0005711426455435614	-21.212350961097222	23
0.0003715457240078634	-19.085324379803783	82
0.0003374083926781988	-18.689067809462166	110
0.00059627667513389	-21.480993537107533	1
0.00037451969017882915	-19.179092906287096	145
0.0003388631316871315	-18.70770118268951	145
0.00033530392591579966	-18.588701089311005	42
0.0006000105461232624	-21.499661390190774	1
0.0005742412160555929	-21.267773110565134	237
0.0005876444161834793	-21.40586385860682	20
0.00031979789747168505	-18.773509069040596	111
0.00055595815554886	-21.072024293763643	5
0.00030381081773793445	-18.52029580382395	72
0.00031132833320083995	-18.518892341150224	10
0.00038051782801390324	-18.792765710392292	70
0.00030482239586050253	-18.51195638986942	69
0.0005884648705730938	-21.441937656422052	1
0.0003860636199885652	-18.729471688303885	71
0.0003020626934919688	-18.503974332548616	102
0.000304804279973896	-18.552941139799618	43
0.0004190370200266743	-19.31165454607663	184
0.00030465808464712137	-18.50845540966923	265
0.0005891708644509524	-21.39257067683316	4
0.00030562999797588257	-18.563743831892783	61
0.0005998498406156672	-21.49885792729289	1
0.0004469002789606506	-19.99760431445962	23
0.00031883416839171446	-18.684278745384685	217
0.0005110664010307453	-20.653593574488212	131
0.00031391018589744645	-18.520027004888718	197
0.0003091309646553114	-18.561004239865873	226
0.00031293101068737494	-18.53341884868883	102
0.0005917809373535183	-21.458516656512675	1
0.0003164706330036925	-18.559856888626275	69
0.00033107045076571456	-18.666251228170367	193
0.00033659178915590687	-18.532358634412503	314
0.0005930416041581744	-21.46481948346176	1
0.0005998270861448602	-21.498744164091313	1
0.0005997647621939892	-21.49843256940533	1
0.00032048022250430485	-18.55291118960215	147
0.0003416365401189517	-18.555148607037918	157
0.0003208012014787251	-18.6326777371836	22
0.0005797565944198017	-21.398399778359146	1
0.00032607055193265195	-18.778213692477504	140
0.00033589877520486954	-18.65157426250824	277
0.0003275885477936101	-18.739101837068482	119
0.0003333314700184433	-18.795467733050472	234
0.0003156732851976073	-18.537515250994833	29
0.0005998161189831923	-21.498689332694262	1
0.0005902988653959366	-21.409703235040343	3
0.00030918082207691635	-18.56463116391136	57
0.00034390557463120344	-18.775670399040216	66
0.00028622199564516275	-18.578491357483557	55
0.0003028814880164858	-18.512097180802883	99
0.000553143707484173	-21.043870050033004	29
0.00031936752333528096	-18.637821510279302	133
0.00059483873514202	-21.473804415526438	1
0.0005972817443982706	-21.486018479163473	1
0.0005638837605770779	-21.151146419341632	13
0.0003125892873363387	-18.54760934003026	312
0.0003546041810031423	-18.811554973975788	20
0.00032504095672501997	-18.740674932816784	73
0.0005861120657118601	-21.43017457847746	1
0.00031460989787049587	-18.541353255066248	125
0.0005781559070001886	-21.390396985100736	1
0.0003157459747944035	-18.65671963735004	62
0.0003810949241603683	-18.8312145842678	324
0.0003089101029799965	-18.551230260508923	87
0.00030354253123731197	-18.510227926942342	256
0.00030641343850628874	-18.544296895764507	35
0.00035017184866064293	-19.00997871967388	302
0.0005697114081487538	-21.237419460510925	199
0.00043864328176675604	-19.750513145484746	57
0.0005662786625250265	-21.09765272485375	17
0.00045158819966276	-19.15496834606899	43
0.0003184712197931827	-18.5832628896759	44
0.00031612308588579497	-18.559443851701634	117
0.0003356894350370644	-18.574823395624637	165
0.00030003400734445287	-18.50415398698033	195
0.0005998218270814426	-21.49871787088956	1
0.0003312769833042345	-18.56691883808037	32
0.0003598003104956144	-18.638175647799628	98
0.00030558415560733124	-18.560497604601828	58
0.0005860653833266078	-21.416067720082882	3
0.0003264520086788612	-18.572775625359498	48
0.0005772449250134805	-21.27654343132796	34
0.00032275014899407946	-18.74650518770979	26
0.00031416216666002285	-18.630550410756722	52
0.000592495550391921	-21.462089434268048	1
0.00037418167578532127	-18.889682728952717	93
0.0005985467903244236	-21.492343199958643	1
0.0003160029239565837	-18.62237716520314	53
0.00038055790651231347	-18.83209489185821	119
0.00033389417230502257	-18.685644050634323	62
0.0003408353756430581	-18.536924263671644	152
0.00032262967208554765	-18.54283873237791	123
0.00034906802963474015	-18.76069800198287	92
0.0003439327751726419	-18.809298876679136	42
0.0003321924759078784	-18.84574922338157	283
0.00031470224115939604	-18.654038405605178	69
0.00034785181230461267	-18.93990807674344	232
0.0005966088945044008	-21.482654500332497	1
0.000595783893543356	-21.461948425758884	7
0.0003083986231879092	-18.58054563108299	134
0.0005989001499129759	-21.494109855770645	1
0.0005998648491314278	-21.49893296383486	1
0.0005002136229442626	-20.519658991408335	127
0.0003171036413661296	-18.587373127728227	50
0.0003052249896252229	-18.563836058861718	345
0.0003809336674149624	-18.84672443833368	240
0.0003256151396798818	-18.524841366144884	78
0.0005992446022063632	-21.49583197868958	1
0.0006000136869607068	-21.499677093114666	1
0.0003157977067007795	-18.69987899358803	92
0.00030201100249917397	-18.53761260241712	89
0.0005936374363718148	-21.467798404870177	1
0.0003184239631231615	-18.69395211210508	130
0.0005964557962397322	-21.481889070589407	1
0.0005720486216469637	-21.26831140584153	33
0.00031512093214191287	-18.58232418623321	86
0.0005802475283280803	-21.366539927806357	7
0.0005901512920207515	-21.450369085336146	1
0.0003256125134775932	-18.513165279335794	123
0.0003216447392814389	-18.635906214039483	94
0.0005971284869989526	-21.48525225381114	1
0.0003256762255914115	-18.691015805034745	168
0.00031425022924413314	-18.639748237890675	281
0.00033164238724978676	-18.783587702804926	143
0.00030474760142421426	-18.530613850362382	13
0.000599662897056909	-21.49792328469284	1
0.0003177828962710245	-18.604054946206173	105
0.00031665919241985756	-18.67746987278925	107
0.0005954469976522708	-21.4768454834181	1
0.00032902576694710266	-18.81315106008913	218
0.00035544705993699385	-19.015018729923206	85
0.0002994639751820497	-18.530258832379857	18
0.00030459135268440506	-18.542505864662232	73
0.000578381448916949	-21.29752891347504	7
0.000313422015506862	-18.51968087398316	55
0.0003267056401780114	-18.598508257160695	195
0.0005929590980882167	-21.437658901472954	13
0.00032428317691963825	-18.557273468409125	233
0.0003018413737364352	-18.53370318829953	139
0.0003218700583315219	-18.736248276645508	76
0.0003056367020758959	-18.618675365912328	568
0.0005959620269015173	-21.479420422505676	1
0.0003289256390419069	-18.677518931934635	185
0.0006000721418549029	-21.49996934407351	1
0.0005647132351277218	-21.18245840051422	25
0.0005195675651426517	-20.7801131899406	232
0.0005879355688732938	-21.439291360822473	1
0.0005348087420621026	-20.85327384161356	12
0.0005661650791329605	-21.1968399926011	183
0.0003059997165869714	-18.529625798829052	43
0.0004050834448362165	-18.985315861920622	53
0.0003176412986877996	-18.500329764524032	96
0.0005424777670612837	-20.96179344558575	230
0.0005949868982441119	-21.474545171441697	1
0.00034571801743666107	-18.93855812592323	57
0.0003420482268889424	-18.909887980003337	21
0.00031873793366721595	-18.638644810678798	43
0.0005987389232179718	-21.49330378714535	1
0.0003193104761765616	-18.59488546320168	118
0.00031101593243013407	-18.53370453166503	61
0.00031255120097104525	-18.712808337655584	153
0.00035814348013959735	-18.58829555206293	82
0.00035123451994204105	-18.801779073328948	83
0.0005847539727933569	-21.42338466014655	1
0.0005994948391432387	-21.49708306272191	1
0.000591340167932076	-21.45631298669481	1
0.00030189525628481184	-18.515455447825467	136
0.00035467516605304446	-18.84462057071483	338
0.0005882546502504429	-21.418928436174987	257
0.000363193286056927	-19.24981938412915	153
0.0003293079910474912	-18.671622945070272	46
0.0005930450443040025	-21.46483668280718	1
0.00034487399911299827	-18.691897806573586	66
0.00032442990681780156	-18.594309095954028	97
0.0003120144240556284	-18.5770890304222	444
0.0003172725031736902	-18.551805794618556	40
0.0005676581580098853	-21.17988632506425	117
0.00033446531598272674	-18.765287429157077	41
0.00030900199197889165	-18.521765149427235	81
0.0005998092673561675	-21.498655077315046	1
0.0005923439448948115	-21.46133146776232	1
0.00032654739988914746	-18.62897142091388	126
0.00056479558883529	-21.323600768156574	1
0.00033384366993498044	-18.704603116468913	81
0.0005630872320127067	-21.181366380743754	28
0.0005983564688337094	-21.491391669057506	1
0.00032358144861089906	-18.697347757555676	71
0.0003434777090428335	-18.894770496295596	123
0.0005983233161694358	-21.491225919071034	1
0.00037431779464555583	-19.205618070456694	169
0.0003200372490877804	-18.59304386278457	126
0.0005687133429345566	-21.197373436359754	6
0.0005954656462920434	-21.476938719115978	1
0.0005932250135134922	-21.46573645646616	1
0.0003473500947973816	-18.65964753160782	42
0.0003089851259468502	-18.502406834471387	44
0.0003402402434531687	-18.83097089879067	135
0.000341094436174844	-18.892892852521967	228
0.0003787466700026087	-18.774833499097923	122
0.000599763059636487	-21.498424057302636	1
0.0003445222221925688	-18.59062505833734	193
0.0005832543659008071	-21.248275002578623	45
0.0003155881531006959	-18.56647396314882	51
0.00031441176755482066	-18.63960974573823	30
0.00031502466796410304	-18.683814006748683	227
0.0005832070796888866	-21.250724725285153	22
0.00032184071768643973	-18.763206635331738	86
0.00033043342364414335	-18.712889484700906	63
0.0005994970235665369	-21.49709398395977	1
0.0003086627165621613	-18.57691922369292	304
0.0003691109235381317	-18.556643959300636	56
0.0005902355034951569	-21.4231036454559	30
0.00034336300614251934	-18.53039722132751	123
0.00031535025901487616	-18.644692071283412	50
0.0003091217170258878	-18.590894548126144	40
0.00034097800484832994	-18.670790144028384	58
0.0005906038728392996	-21.249761419607836	153
0.00030769991573564127	-18.574619647448067	46
0.00030889803456281566	-18.51388028939052	12
0.000325221368797993	-18.544887501353283	40
0.0005336720086239066	-20.871855729483823	19
0.0005922808558103284	-21.461016047716036	1
0.00032477013190886474	-18.72401817892627	208
0.00030763505693893545	-18.574440826779423	82
0.0003184746154555969	-18.65132178330971	84
0.0005969362532401267	-21.484291162338614	1
0.00033038876491944986	-18.756645456939623	289
0.0003053624377895704	-18.532295848123375	158
0.000314424206763252	-18.552634792517384	277
0.0005882291705091915	-21.405075159261546	6
0.0003074750207206289	-18.6377517021916	22
0.0005945981074799214	-21.472601374002878	1
0.0003481616638356112	-18.590770647015933	239
0.0003192672316955664	-18.682549101859415	195
0.00032532936753728263	-18.60007811055482	237
0.0005869091375062669	-21.385942444461897	12
0.00035853047605635327	-18.51168052424916	197
0.00030486860701222724	-18.53858370470904	143
0.0003116327443575146	-18.602128523272427	86
0.00039163480342412115	-18.714456557128912	54
0.00033888013658639596	-18.62323785299804	57
0.00031602289000677927	-18.57001166078508	86
0.0005936289951946591	-21.467756202379668	1
0.0003521829158741073	-19.05759513264768	59
0.0005991458829708155	-21.49533842221938	1
0.0005983582865724585	-21.49140075702011	1
0.0005917444877072546	-21.4353686058528	102
0.0003158250307707632	-18.663064473119057	114
0.0003009862673718635	-18.529025767508067	59
0.0005939423860927505	-21.469323030815854	1
0.0003280886481443019	-18.5874685242234	158
0.0005604118823071387	-21.1565150680509	6
0.0003824971995878351	-19.29811670155096	34
0.00033038194416521214	-18.591902195680888	89
0.000599853557314202	-21.498876509290604	1
0.00029801850871010566	-18.50435339346509	56
0.000567041909352202	-21.222554478327282	5
0.00035251672964278346	-18.780011195741007	130
0.0003201810588765052	-18.663033006644095	46
0.000315494324584879	-18.569387398675367	104
0.0003018300961103561	-18.51583749894975	77
0.000526101077784548	-20.766965961151616	162
0.0003099469210171548	-18.547404809545732	97
0.0003607777241830726	-18.971926445626607	79
0.00034033035874753105	-18.792762081081577	95
0.0005490885882324079	-21.004444185559635	83
0.00039336463194388307	-19.26068849069513	68
0.00030232918397326544	-18.538436754839246	124
0.00030520540276832945	-18.529031836229475	226
0.0003328143399693235	-18.752591582188696	104
0.0004016878554959194	-19.355741392204038	60
0.00029998289302737786	-18.519962146694166	107
0.0003596888178607316	-18.814033683950875	293
0.00029867921813057875	-18.573487122391388	41
0.0005868009493103964	-21.38107710275578	2
0.00032033290016034833	-18.64850495631438	145
0.0005951284493856013	-21.46513624493157	2
0.0005919141706675453	-21.459182769492777	1
0.0005905732389673537	-21.452478650350717	1
0.00034654804118534855	-18.825904256312512	70
0.0005974774102837391	-21.486996729888716	1
0.0005946994541424944	-21.473108066551383	1
0.000318414164734904	-18.708919290434117	106
0.0005797926210535416	-21.300996628287052	5
0.00032074624842740366	-18.60319070998065	321
0.00036075407953794103	-18.594127267049533	36
0.0005993077424033001	-21.49614765427757	1
0.000595505797011654	-21.477139456564327	1
0.00031964978243000347	-18.54256360895025	37
0.0003027462403269207	-18.530755716774195	247
0.0003731601301570336	-19.26701377425951	24
0.00030734498051310103	-18.539674731434424	191
0.0003172985622064292	-18.60796525273566	159
0.0005892457914215476	-21.445841946556893	1
0.0005965687299235771	-21.482453693583658	1
0.000597827440314265	-21.488746739249827	1
0.0005880793574188511	-21.440010245714628	1
0.0003430116084313412	-18.664130615862746	263
0.0005986465727723632	-21.492842072063148	1
0.0005922096691858644	-21.460660143226896	1
0.00031826013392557257	-18.64332332614307	144
0.0005832566969997866	-21.41589888342341	1
0.0005978846559432099	-21.48903279438088	1
0.000581313542468142	-20.352453365298263	104
0.0003188929573346251	-18.67628343152306	52
0.00032717120427293273	-18.715128413603185	62
0.0003443386242865948	-18.798187605456384	136
0.0003702308557383226	-19.083540837424305	81
0.00031673105370061297	-18.652603638673536	72
0.0003077936111970461	-18.572632006810355	69
0.00032851457709397874	-18.50201931058954	69
0.0003326744694059231	-18.75559343708401	155
0.0005995025143274878	-21.49712143555599	1
0.0004210645896272959	-18.710325966609417	83
0.0002902391392986315	-18.510812739877615	239
0.0005513732766882708	-21.045033983125737	73
0.0005929637116841855	-21.46443005242227	1
0.0005695526743127174	-21.239616427433305	73
0.0005450151412407701	-20.952785781456672	54
0.00030743518378805666	-18.572211584740984	100
0.0003034042697091504	-18.534244460052246	178
0.0003034769924728558	-18.529275084688464	16
0.0003106196174074556	-18.50075739177464	107
0.0005902601250320371	-21.411053024227947	31
0.0005979101420454996	-21.48916021464113	1
0.00033184412366883876	-18.82434167414325	228
0.0005905313700524306	-21.45226932261691	1
0.0005956835272348415	-21.478028036192374	1
0.0003107843037499824	-18.596778961271635	44
0.0005779477151050327	-21.301630657902766	12
0.0003080572121060854	-18.641164773385153	88
0.00030082493824982266	-18.522289911095996	311
0.0003157386524497564	-18.52296345741719	134
0.000596875190560997	-21.48398587350402	1
0.0005948611524288236	-21.473916492943616	1
0.0005937750692526963	-21.468486513914925	1
0.0005926112287608383	-21.460725953659242	2
0.000593914409872337	-21.469183160966576	1
0.0005797040582627378	-21.30974280280769	18
0.000346244456596914	-18.933827622681605	73
0.00030554816050008143	-18.538626270188054	90
0.0003216468588121451	-18.611759062775	35
0.0005465241954137756	-20.971326336457935	116
0.00031859509624913125	-18.65942096323802	180
0.00031632378152397664	-18.653998274505657	81
0.00033753608611798816	-18.732196685598083	58
0.0003178039237131262	-18.58807758923914	72
0.0005896601271686362	-21.398187395625637	3
0.0005900503730400331	-21.449864531024893	1
0.0005945223998441593	-21.472222866275718	1
0.0003062870296095796	-18.545397151427878	166
0.0005987314433122511	-21.49326639062537	1
0.00033421420509329694	-18.692591885333123	100
0.0005914778351103487	-21.41507618256217	3
0.0005738077035074021	-21.262247751982265	8
0.0005945211276804551	-21.4722165059689	1
0.0005996180771908623	-21.497699203390365	1
0.0005929390427787022	-21.464306717817355	1
0.0005812937547949078	-21.350407171781402	28
0.0005729170045442179	-21.242669524433886	206
0.00033261951047231896	-18.763169461535362	46
0.00032786286637518096	-18.770170631219628	109
0.0005988155995410114	-21.493687137919263	1
0.0005964458219856712	-21.481839203331013	1
0.0003076918710462636	-18.607685570767906	64
0.0005996734037539056	-21.497975813951744	1
0.0003410433730788598	-18.51091512719168	80
0.00031977741405501124	-18.599655821826733	360
0.0005797813300562985	-21.39852344659229	1
0.000320209892094107	-18.681850573970657	66
0.0003053873330625504	-18.502305387669928	93
0.0006000383757740924	-21.499800527251086	1
0.0005960957816823995	-21.480089142610307	1
0.00032760073969739973	-18.506401860520103	33
0.000593814324068384	-21.454494526006506	2
0.0003223735532752386	-18.76718811909504	135
0.0005947575271447858	-21.47339840820431	1
0.0005995182224112572	-21.49719996965662	1
0.0005202008818401793	-20.740946686643028	256
0.0003949180261990588	-18.77754198325349	48
0.00033588793975203394	-18.854330480525206	134
0.0005958800221887879	-21.479010431926536	1
0.0003348945097940973	-18.869598042181867	34
0.0005557655792998804	-21.13229214147884	38
0.0005903986464016105	-21.45160575774784	1
0.0005969228888067186	-21.48422434554711	1
0.00035598146589349707	-18.98018124985834	54
0.0005961145760606496	-21.48018310694195	1
0.000314445942695226	-18.50753442175201	93
0.00032169335509984727	-18.712767819366086	362
0.00032554306523007446	-18.730404047965077	75
0.0005949627988640214	-21.45610459519824	2
0.0005693379179849092	-21.25700439265997	144
0.0005999934417452578	-21.49957587518059	1
0.0003484930215820756	-18.77750710399188	88
0.0003729305198864475	-18.516195065177534	65
0.00035089043725292595	-18.67198252415421	58
0.00031351117056089433	-18.563275641237798	101
0.0005817124064883966	-21.408178052021754	1
0.0005955847075268325	-21.47753397740028	1
0.0005796869981914498	-21.34699034276577	5
0.00034184779596564463	-18.747858392113987	111
0.0003342496305955723	-18.87089965207639	344
0.00034468866442803934	-18.56135187781527	26
0.0005974701208470181	-21.486960285637117	1
0.00036070834407343126	-18.593873133383088	47
0.0003146589901539616	-18.574737791918363	106
0.0003766555710730642	-18.719951722405458	53
0.00030829576702158924	-18.584073464490107	99
0.0005905211236288571	-21.452218094620427	1
0.000386308794091663	-19.208686081306922	143
0.0005861350297623466	-21.422526858305005	2
0.00033967227519384423	-18.757157472560326	179
0.00036557696990915223	-18.88938100376556	71
0.0005999575828113554	-21.49939659493451	1
0.00030214875496328624	-18.54957311507178	125
0.0005952010199094403	-21.46496574440922	2
0.00034522433216475847	-18.802490931153567	98
0.00043306430261432746	-19.70835400483321	134
0.00031087808957894035	-18.594531177675933	65
0.000569585100623453	-21.245851360969002	7
0.0003148185005234022	-18.546134939456056	310
0.0003245115452180155	-18.580115658450744	40
0.0003203777646891748	-18.6350490169015	29
0.00034621823737348504	-18.66387608871375	25
0.0003185054647734767	-18.576928548960037	191
0.0003770462493419953	-19.21378570416282	134
0.00029887427931159097	-18.500537656193977	106
0.0003063006872693002	-18.543343566562005	249
0.00033616733667727385	-18.52730611590441	152
0.0005985806090977412	-21.492512280222407	1
0.0005943880735012565	-21.471551288590884	1
0.00030202606729060175	-18.546349994213887	10
0.0004720923342184211	-20.276500186514404	151
0.00033302089716837817	-18.525239943138658	11
0.00029034250830019357	-18.50246762807776	19
0.0003050733260329157	-18.567745502055807	189
0.0005947817034282146	-21.4735192798971	1
0.0005484719008795862	-20.637121214620368	30
0.000331881865219748	-18.69617323820344	125
0.00037479339065380943	-19.14802367274813	102
0.0005946981858323009	-21.47310172551056	1
0.0005919935736174426	-21.459579752304254	1
0.0003380682579676305	-18.805384244577397	144
0.0005661854838311952	-21.170439207121827	293
0.0003153993499418885	-18.583278255410253	139
0.00032574611683954837	-18.775958668549922	149
0.0005990509309742437	-21.494863700428773	1
0.000330455961826493	-18.829463705338537	159
0.0005981041794446395	-21.490130323589757	1
0.0005602720976345352	-21.146954190724355	12
0.00032258781047414113	-18.568338551829527	63
0.0003083596623817613	-18.504038468811274	61
0.0003153924196820743	-18.553506397563186	18
0.00041978819401723976	-19.05522377523232	87
0.0005805182421334534	-21.398863071900944	2
0.0005960584239183121	-21.47990236881617	1
0.0003082774099768578	-18.608424527399617	23
0.00035740377143847084	-18.958863962186225	197
0.0003338615979663315	-18.63013064158303	248
0.0003222168413388202	-18.609564810258327	35
0.00032370177950437134	-18.718939656477357	61
0.00029117035312766653	-18.50875297716412	86
0.000591994905929112	-21.459586413326708	1
0.000310787517929521	-18.548286753923406	62
0.000328422591250802	-18.738944004866074	24
0.0005935561090602921	-21.4673918010246	1
0.0005991220379730283	-21.495219206821545	1
0.00034016600298919573	-18.72974449891238	99
0.000350198266029538	-18.783366696747922	196
0.00033182359878298866	-18.664609919996035	70
0.0005995758365153338	-21.497488017003057	1
0.00037164429752235416	-18.722927112536507	141
0.00033441325831384166	-18.500714503164627	83
0.0005974090081279205	-21.486654746622815	1
0.0005967832897198356	-21.483526406263213	1
0.0003002484169386774	-18.50909528945651	119
0.0003084675260731114	-18.563564232494688	84
0.00038963099731117437	-19.136129652855917	65
0.00037616833026341435	-19.20787739334129	121
0.0003107673770281572	-18.587213095406035	48
0.0005964770052576414	-21.481995107148112	1
0.0005597068401567985	-20.888158319359697	34
0.00032022543303203194	-18.614811626459833	24
0.00040160758382333804	-19.029717301680527	16
0.0005960104450708215	-21.479662493877104	1
0.00034352668388263843	-18.825666042379634	158
0.0003297916905576064	-18.808409461943665	35
0.00033730207630682744	-18.684679338220587	146
0.0003677054303962168	-18.847282099491608	35
0.0005973132708912001	-21.486176098947315	1
0.00039880045449715924	-18.91825455318078	155
0.00030818557862850675	-18.60328299590089	16
0.0003861045770217607	-19.369009016578996	66
0.00029943577146663387	-18.50062570322782	74
0.00037726969614204197	-18.954750302245493	42
0.0005844186642145799	-21.421708252122816	1
0.00030556598997503976	-18.548342757907992	97
0.0003137062195652614	-18.62544694225885	135
0.0005207705148314905	-20.718586942708903	34
0.00033254622605519016	-18.630115779483855	20
0.0003247102727620324	-18.719745948238074	156
0.00029518660873580565	-18.538092282495285	184
0.0005940346282850209	-21.4404470138657	14
0.0002991332698493796	-18.502317007997675	102
0.0003488148151956177	-18.555483032740035	24
0.0003187827580804343	-18.536410380450356	200
0.0003144818584676344	-18.64497465094359	223
0.0003307191836609332	-18.759288784505426	98
0.0003866352357643209	-18.52282832315825	90
0.0005911251837635091	-21.454338627727612	2
0.000592349874628493	-21.46136111404563	1
0.0003165495462558544	-18.536201908919143	27
0.0005992787563158881	-21.4960027354995	1
0.0005972290637544158	-21.485755097133772	1
0.000598842921454344	-21.493823736496314	1
0.0005681136926833564	-21.184846630368668	113
0.0005649030028225627	-21.269513282018288	4
0.0005683617640815748	-21.194855349691174	76
0.0003297907993153111	-18.6558678682803	84
0.0005999063312430347	-21.49914035770767	1
0.0003068525956898414	-18.524565236157972	140
0.0003149628820608704	-18.59366181486495	125
0.0003861253092655435	-19.163619687185065	96
0.00031903517173737796	-18.626807774819962	112
0.00030928832912415974	-18.531526229457988	42
0.0005956507818482353	-21.47786432243042	1
0.0004231745087327172	-19.368916353786886	66
0.0003293729492505954	-18.771923955694085	13
0.0005928329928177228	-21.463776510668612	1
0.0005752697218306783	-21.35483566794406	4
0.0003591759778313141	-19.00315381703174	68
0.00032156513126157827	-18.568234561743125	35
0.0003866449518569202	-19.36783873359601	60
0.0002931958247750246	-18.506671360008717	190
0.0003135089088585838	-18.61007760029445	51
0.0003506156441465357	-18.597413356456435	455
0.0005815215103715567	-21.383917721202195	29
0.00030655791683453554	-18.57392971203777	192
0.00030548372555223494	-18.57989922462625	92
0.0003271055952260676	-18.659301616924406	102
0.00030090424746420327	-18.52477501993683	63
0.00034204237469955115	-18.684379984882042	155
0.00032891854765353264	-18.737752627596038	85
0.0005890891406640533	-21.418491485755563	5
0.00035861456104003614	-18.690470808539345	27
0.00032524410426130237	-18.688618861491232	243
0.00041005864882304334	-19.164806657444633	8
0.0005760322407926006	-21.278187608110574	7
0.0005815983171029881	-21.348581820944396	70
0.00033391510548798624	-18.875489070627133	111
0.00030531346466984116	-18.55969600500443	54
0.0005938949634497417	-21.457175412792367	3
0.0005984311681159156	-21.491765135422472	1
0.0006000524471563633	-21.49987087850255	1
0.0005958625799937858	-21.478923227967247	1
0.00030411984264931187	-18.540666994376032	67
0.0003170464168112712	-18.563286341468856	120
0.0005825159607718174	-21.41219550022765	1
0.0003130852440519195	-18.60073615038647	142
0.00038069235617982654	-19.085278891199337	24
0.0003210211585934891	-18.654023223259472	31
0.00039818680769988514	-18.911453496917176	74
0.0005998640685152324	-21.498929061067866	1
0.0005958945604755224	-21.479083117512516	1
0.0003272911174711396	-18.794075336085527	35
0.0005998034860195912	-21.498626172957575	1
0.00031129556217312837	-18.596569163984935	105
0.0005978220890813652	-21.488719985237736	1
0.0003148784005201866	-18.657057287139363	293
0.000598408825935134	-21.491653433505192	1
0.0003370587616433486	-18.800549271232715	80
0.00031887254760860445	-18.544808303607795	242
0.0003016123258807223	-18.523225421802376	148
0.0005981259835541636	-21.490239335367175	1
0.0005423587598867079	-21.042914461650312	3
0.0002956489107976003	-18.52219763252177	175
0.000592595537109358	-21.46258932763788	1
0.0003097287474577525	-18.598819170326358	162
0.0005249526360400477	-20.754490919799743	171
0.00046660396763488666	-19.631807211720265	60
0.0003258807605061088	-18.651180159103554	67
0.0005754847835320478	-21.37704244215794	1
0.00033450305301856956	-18.62888541053237	326
0.0005610017334988507	-20.780559315368436	117
0.00032057559572044213	-18.61718028569179	95
0.00031738497021977766	-18.579447046549937	175
0.0003076931739764431	-18.59056718670614	45
0.00032542592220559125	-18.64223034632809	12
0.0005840313959260502	-21.36300179236629	396
0.00035619387621397484	-18.976877463547677	128
0.0003313156207377532	-18.815229926124417	180
0.000589939294131158	-21.44930918115945	1
0.0003377721687584047	-18.732983640007802	89
0.000308039505615261	-18.52288155704277	130
0.0005985486007781156	-21.492352251498886	1
0.0005987919794903919	-21.493569047166787	1
0.0005753321920344905	-21.286259535807027	48
0.00030395033534899606	-18.552108176857804	102
0.00032192989045199484	-18.60895882895581	98
0.000363607115012332	-18.969823806065722	163
0.0003139311342131326	-18.547277320305337	189
0.0005983842197699664	-21.49153041257662	1
0.0005984855691440284	-21.492037118681477	1
0.0005965028410783229	-21.482124275859658	1
0.0005762584777712897	-21.290071026407666	246
0.00030073831020796835	-18.539437748783513	233
0.0005989724811885963	-21.494471483055158	1
0.0005868990218022647	-21.388275295506816	86
0.0005550572034738954	-21.09427847909824	77
0.0005988778862077128	-21.493998546199393	1
0.0003225698644798584	-18.662164963225887	256
0.000303192822091506	-18.510174036214288	401
0.0003518787852838937	-18.676363172671866	43
0.00031537108418279843	-18.532364305781723	183
0.0003665518487703507	-18.58304967350632	172
0.00034573375024318987	-18.935036857440267	184
0.000362876713596359	-19.057732687340543	148
0.000599189589927674	-21.495556939423555	1
0.0004074694993140832	-19.442704320101043	49
0.00029551015437355124	-18.512401891643197	52
0.0003143865936885321	-18.596083475160565	81
0.0003563675889646918	-18.51389037986806	82
0.0003076025794837586	-18.55710771658251	255
0.0005983986548684406	-21.491602582262804	1
0.0005918750237027041	-21.437431721385014	3
0.00031090530036070673	-18.53725094591672	29
0.00030313824029057677	-18.54109798920442	84
0.00034798628282154884	-18.545564695316024	41
0.0003190650180481103	-18.54847168978162	87
0.00030759301266349655	-18.590843138990287	243
0.0005881309356519562	-21.440268116133996	1
0.00034810196728149445	-18.611329485855027	63
0.00030654975880534146	-18.5824668042341	145
0.0005938780309894582	-21.46900128118475	1
0.0005996558490882584	-21.497888047684466	1
0.0005948394800502258	-21.47380813976784	1
0.00032660347982424134	-18.506950473487958	44
0.0003120819816818498	-18.625471183138472	93
0.0003013644584942636	-18.52910570018623	116
0.00034062637384390095	-18.914211381061772	74
0.0005961536022570086	-21.480378222226356	1
0.00036744410403466313	-19.07499043038597	169
0.000571337596522222	-21.234421694261833	43
0.00036928637320974216	-18.87205845026329	65
0.0003203312488212583	-18.678420478608693	220
0.00036979191840406386	-18.979348477254465	187
0.0005987693541279998	-21.493455929455358	1
0.00034330059738400456	-18.80036042572248	164
0.0005736921159622067	-21.293290229801993	2
0.0003323039319803414	-18.80740856659634	182
0.0005978304043120483	-21.48876155804654	1
0.0003270599673527673	-18.785984352689482	44
0.0005983607261464569	-21.49141295390884	1
0.00038337945018445936	-19.25960974997437	114
0.00033704608795911473	-18.7195438511632	42
0.0003146968579581167	-18.53493586121644	223
0.00032545220467877794	-18.534022547192407	504
0.0003194333940121451	-18.693531573361057	264
0.00030269770205616184	-18.520461313312637	74
0.0003321786484246371	-18.734988792587078	68
0.0005900343665596836	-21.42904508472364	4
0.0003079813871728911	-18.597776359747552	300
0.0005861379965662537	-21.384350962836873	25
0.0005819793534956057	-21.409512679684514	1
0.0003242457949820188	-18.762751570074524	134
0.0005916510026149615	-21.457867035083147	1
0.0005969955654330195	-21.484587699446113	1
0.00031151727693476416	-18.5938537879808	475
0.0003353341097390611	-18.806627369794807	93
0.0005954822313953847	-21.31628094134357	6
0.00036500001994251485	-18.966411437128507	150
0.00032272775067295525	-18.540889119539678	108
0.0005983008089797871	-21.49111339217579	1
0.0005893777310398495	-21.436471017775542	2
0.000315481595494083	-18.53992796133383	180
0.0005878718036407113	-21.438972560307658	1
0.0003700635254145996	-18.91857632529008	59
0.0003073538163493837	-18.526135046117858	30
0.0005983525661063822	-21.491372156990654	1
0.00031392644748115653	-18.51511444242214	179
0.0003242119353625584	-18.736279631547944	36
0.0003584022855051796	-18.80640575736575	60
0.0005633926389416063	-21.17177810405682	13
0.0003620269166682808	-19.134989550396647	49
0.0005652791862894017	-21.180067699834172	163
0.00032290705851002136	-18.662873822828338	27
0.0003325752837992105	-18.63267497547304	79
0.0003356618977179397	-18.867790771290302	485
0.0005962376990909414	-21.480798672570007	1
0.0003247770644673452	-18.6688471990726	39
0.0005984954307961208	-21.492086422975316	1
0.0003115237660427966	-18.575102384073872	266
0.0005472608812738671	-21.02830943480367	8
0.00037484222086021777	-18.98228368816424	58
0.0003476693817727321	-18.65053452850319	127
0.0003132116186769961	-18.590388062354293	151
0.0005933745357480114	-21.46648400749688	1
0.0003398340782159412	-18.856184023802456	202
0.0005808245050990791	-21.33748230662879	239
0.00035571638137294365	-18.867057527963304	41
0.0003384984699727128	-18.728477790542733	219
0.0003200963513030415	-18.54280174711212	24
0.0005917444031650503	-21.45833400026537	1
0.0005969486487411047	-21.4843531348577	1
0.00031734371141549166	-18.576494478289508	254
0.0005975570801175847	-21.487395047012587	1
0.0005520325816380815	-21.023346164810384	57
0.0005966986988930002	-21.4750575978385	2
0.0005971350399465442	-21.485285015913323	1
0.00033117285185045	-18.541870390380133	161
0.0005998802553495925	-21.499009988728886	1
0.000598780204725168	-21.493510178076797	1
0.0003091347755113647	-18.504535570633024	128
0.0005759546184998224	-21.379391428016515	1
0.00031154104631096107	-18.62218361242131	49
0.0006000624171809632	-21.499920724615336	1
0.0003349702658668363	-18.776696635956256	192
0.0003236240595992245	-18.706091552482064	393
0.0003095395576181979	-18.549038328370987	59
0.0005875221780999937	-21.050092160332976	26
0.0005788164051586487	-21.299929495885284	42
0.00030486320901066413	-18.534094038165822	248
0.0003224694678662008	-18.735392982988756	228
0.0003036970046150881	-18.537401792621452	70
0.0005933007732387732	-21.440643388439586	5
0.0003746898372861099	-18.947033826190648	41
0.0003723524988890733	-19.176660284791918	77
0.0003265115653288131	-18.752907291561044	85
0.0005989508377681458	-21.494363274658472	1
0.00032715416706939973	-18.747748846531646	130
0.00032091805203303435	-18.641630805200602	218
0.00031300923739461785	-18.544396418750644	101
0.00030947837383319624	-18.60085046316061	84
0.000595161503792816	-21.475418128954157	1
0.00037573845416903997	-19.218282174331975	99
0.0003076826369882891	-18.57768374719837	48
0.00031282110577772595	-18.632276518517003	41
0.00030635085578143415	-18.525374593996222	39
0.0005348620698751858	-20.85664140013915	88
0.0003155546080248268	-18.579626121101352	93
0.00031787053891839173	-18.641087916440018	104
0.0003403304202973772	-18.857385907950878	109
0.0003050921968380916	-18.524904857023888	114
0.0005955837128043854	-21.477529004188153	1
0.00031160764794070417	-18.566582103801128	160
0.0005997435511453191	-21.498326522693638	1
0.00033386103223593416	-18.632918668542718	155
0.0005999643680172928	-21.499430518235005	1
0.00035986187862298063	-18.97172127167591	139
0.00033159909207827623	-18.81582496590362	112
0.0005999447139293235	-21.499332255700562	1
0.0003178994638023846	-18.51602331355479	299
0.0005938848966509046	-21.444577055750866	2
0.00031448323299567804	-18.59289775851039	100
0.0005972315617122464	-21.48576758591818	1
0.0003139452155663751	-18.63329842410226	176
0.0003201977481299886	-18.721430717238096	43
0.0005990520117949267	-21.494869104097454	1
0.00032180294153342153	-18.609291960952515	407
0.00030512178364405947	-18.526171705620737	61
0.000357011797229866	-18.516170359579654	230
0.0005791622212080102	-21.314056207248264	147
0.0003081158283169229	-18.508289668461316	238
0.00030609820978294	-18.616188719483702	250
0.0003516237846717216	-18.79319904088515	72
0.00030923440591450207	-18.573290613155876	114
0.0005915454543652032	-21.422238962910566	9
0.0005917408686404801	-21.4583163290642	1
0.00030937841351070085	-18.662033428740923	42
0.0005957844119891438	-21.478532419385317	1
0.0005990367543891231	-21.494792823205376	1
0.0005846157957370424	-21.422693830443514	1
0.0003189002650499751	-18.57146203591339	50
0.0003283841608331469	-18.60822530784759	268
0.0003347122049564911	-18.525882031355437	109
0.0005934764230168051	-21.466993402859043	1
0.0003248986381632989	-18.712366586223098	95
0.00031265430493231274	-18.524519494496552	201
0.0003113559216693403	-18.56008230189902	206
0.0005976652346363589	-21.487935776103793	1
0.000598663541441447	-21.49292690858331	1
0.0005698160541586579	-21.226304844682968	36
0.0003417363426126471	-18.82202260353509	147
0.000307559757830687	-18.555859618062986	310
0.0003462452079149478	-18.99809942624624	29
0.00033692911001156884	-18.593986256911098	37
0.0005977812698284593	-21.48851590539181	1
0.0005456203111045712	-20.98171439964695	85
0.0005858307565937109	-20.693495591952086	8
0.0005996399977138603	-21.497808797188327	1
0.00033261414426247063	-18.765230556545706	304
0.0005893771341392569	-21.386249888209818	36
0.0005468997862771775	-20.99886888216903	49
0.0003096899551311721	-18.518950208320785	55
0.00038073211968910173	-18.58709980643097	122
0.000586094816629727	-21.373610171786115	4
0.0005993548922385174	-21.496383384488723	1
0.000580372896036804	-21.3445344520851	228
0.00030357090522146806	-18.512208066785938	76
0.00048818265055237074	-20.388631107602993	105
0.0005971908903946272	-21.485564245689183	1
0.00030115542944690523	-18.55201608868135	20
0.0005859326937084317	-21.429277790608577	1
0.0003672498809774537	-18.847503116634094	310
0.0005945017987878715	-21.47211986928058	1
0.0003414208188459799	-18.577991839612793	119
0.000345578190274827	-18.870019615141153	230
0.0005709184078951055	-21.2475094973204	46
0.00030719734642868467	-18.552480641694277	479
0.0003423684959006411	-18.732596626617397	32
0.00031798712696276353	-18.737160692904574	60
0.0003426482215276055	-18.678501565753947	164
0.00031977938118566253	-18.676676309881966	158
0.00031588211014762027	-18.677278165488314	53
0.00034530185012160913	-18.780450289833603	208
0.000334531372670537	-18.706295200051812	207
0.0003393358036653265	-18.8766111136784	177
0.000544630923792638	-20.07874742223756	25
0.0005830653198825567	-21.34776455988008	93
0.00032920791294855213	-18.70616831465187	225
0.0003619966350156288	-19.038080925222708	162
0.00033746474125179046	-18.796552456235602	22
0.0005875091229298575	-21.43715930263335	1
0.00034984947678419996	-18.66470173126805	25
0.00030818240924373796	-18.530431684356962	163
0.00032479242867873695	-18.63530089462503	114
0.0005984400252901247	-21.491809417730924	1
0.00032028406405307675	-18.627633375919448	71
0.0003429267236827784	-18.741682652060494	284
0.0002990338594269646	-18.505936374095135	85
0.0005981437729681442	-21.490328275281694	1
0.0005886095560301841	-21.44266102551111	1
0.00031901287332224853	-18.577375729194422	44
0.0005833990544874093	-21.341670196711096	6
0.0003027477640312602	-18.525539247864224	72
0.0005961494717442744	-21.48035757132409	1
0.0005925192601670674	-21.462207973607068	1
0.0003259683250691408	-18.502245739769275	45
0.0004230256555040623	-19.69512892792979	38
0.0003202631770125365	-18.630374544577624	203
0.000310304375349699	-18.525109012750967	83
0.00034651737916283694	-18.936016810335822	29
0.00031867069237045617	-18.61379921097112	338
0.0005819201484122222	-21.409216678081478	1
0.00031541076253625226	-18.635244313111052	58
0.0005762712864482628	-21.31370095928584	53
0.00034548921538427225	-18.969761566820686	374
0.0005806387143817515	-21.315405038047576	2
0.00034103648720596884	-18.68684879766862	110
0.00032542419751650954	-18.638103759159247	114
0.00035295969257508357	-18.53254811303836	98
0.0003147296795761517	-18.611554660645687	125
0.0005629534058880041	-21.170751708801752	44
0.0005901859858013161	-21.150435402916017	42
0.00032396038876190833	-18.761350980004664	122
0.0005597897206132137	-21.110811624894154	101
0.0005984023498699657	-21.4916210557842	1
0.0003143856884343769	-18.536413210900474	193
0.0005950376649878802	-21.474798984740787	1
0.0005963365033132266	-21.48129265393971	1
0.00030486770393070356	-18.564359169720078	91
0.0005898456429011441	-21.44884096267843	1
0.00033647164683474204	-18.517835112668312	114
0.00036286764996681535	-18.99007816695456	112
0.00034164327130267665	-18.867533823487157	71
0.0005888194754262238	-21.390484112022307	39
0.0003046661346931312	-18.513900064455193	102
0.0005968033917772389	-21.48362690846464	1
0.000329660244363439	-18.50066925507998	40
0.00029940337052559844	-18.52224543578942	230
0.0003102015217927285	-18.61122072498445	158
0.0003626377144173693	-18.792888951873294	86
0.00031358419904596173	-18.608485620482774	219
0.00030153704771844855	-18.549515085991953	134
0.0005912308156712773	-21.455766269375246	1
0.0005975495469739572	-21.487357384324483	1
0.0003395962106809335	-18.7406396508267	190
0.0005912691662608584	-21.45595800689751	1
0.0003194607115562424	-18.687152432383765	54
0.0003091658601011604	-18.51436327641697	302
0.00032482044422892765	-18.686044691641392	71
0.0005858328883177501	-21.42877880379959	1
0.0005966087203415648	-21.48265362958837	1
0.0005622325079296617	-21.17172462886237	27
0.00036801699949221147	-18.73040792101515	65
0.000586062738918264	-21.389146953043443	2
0.0003072554435060823	-18.56258166134647	64
0.0003267280591389018	-18.69643543344839	38
0.0003214916103776688	-18.5013964004227	214
0.0003207534234078197	-18.70204028288444	72
0.0005963114256299216	-21.401337983477294	9
0.0003678015352598791	-19.136827974072744	462
0.0005836393490320785	-21.367206596655276	128
0.0005975875381763559	-21.48754732505539	1
0.00030024795013642355	-18.523508621076864	71
0.0005970146251328979	-21.48468299027918	1
0.0005920126810401986	-21.459675281732515	1
0.00030165303590783013	-18.50488739077294	130
0.000304071831564782	-18.55115778597532	292
0.0003004760726236713	-18.56771548032392	167
0.0005993464920237549	-21.496341386793706	1
0.0003955815133231794	-18.635514210130957	189
0.0005789785431975002	-21.322084198417457	3
0.000590372566926039	-21.45147537085985	1
0.0005951845908068201	-21.475533554737957	1
0.0005734092924016723	-21.32060698538988	9
0.0005989755615939912	-21.49448688384311	1
0.0003367162721000979	-18.558632258416964	79
0.0003039912896419944	-18.5278827897535	79
0.0005655263159140003	-21.16631949728646	117
0.00032732166938904446	-18.713326588096173	98
0.0003408094469003172	-18.536635260045383	89
0.00044454519370057725	-19.981728901348895	493
0.0003137067981218784	-18.639308963743034	165
0.0003189617599899646	-18.570820467209046	79
0.0005887060336378103	-21.443143374743347	1
0.000588859337523029	-21.44390983250648	1
0.0005890642225395768	-21.44493417517894	1
0.00030307862135663924	-18.535078788779902	94
0.0003449061471873988	-18.900458143182945	96
0.0003086068551196001	-18.503873614010015	412
0.0005960741293615885	-21.4799808897154	1
0.00035947335346654316	-18.73015714001524	59
0.0005913657899769731	-21.45644108661342	1
0.00037037784864039507	-18.784650432794155	98
0.0003321738129260343	-18.644901466360032	64
0.00033074427932359215	-18.681489100094492	249
0.00032340070766714147	-18.670839983496556	73
0.0003016881412136771	-18.509737755538318	69
0.0003180339405029437	-18.67888068425312	289
0.00031258602821114095	-18.52068414035878	227
0.0005999293452785268	-21.499255418628263	1
0.0005983811261042728	-21.491514945492504	1
0.0003443058510356528	-18.519151294331547	257
0.00030203119567988177	-18.53627424436865	76
0.00030330461808659905	-18.515607999009447	146
0.0005967523052694692	-21.48337149647416	1
0.0003424388305678631	-18.730826163942943	57
0.00030622659883693023	-18.57255314525714	85
0.00031964812551207514	-18.663233338215402	80
0.0005265887282338893	-20.798429383071433	84
0.00031436241439981063	-18.555951505627966	73
0.00032023880036328236	-18.671975653417256	116
0.0003080159184276018	-18.55150582342506	29
0.00034435185856924853	-18.990671369089142	50
0.0005945123683910094	-21.47217271304489	1
0.0003665419253048347	-18.954363196424637	84
0.0005993238392305043	-21.496228131939016	1
0.0005972784445112634	-21.486001981055736	1
0.0005985483411251218	-21.49235095333836	1
0.0003307500929986333	-18.510437075375684	130
0.0005954842003280881	-21.477031481833265	1
0.00029878343852186655	-18.50432652229694	65
0.0005990076327798717	-21.494647226872615	1
0.0003123367888558946	-18.603350001195384	90
0.00036342069278606505	-18.8870750711872	31
0.0005998316812490836	-21.498767137764155	1
0.0005857205108046958	-21.428216961435584	1
