T	U	Steps
0.0009774498780497356	-22.38660623354329	1
0.0008565257810795869	-21.212955189664445	6
0.0007577099154926437	-18.86817385205862	4
0.0005520880142883734	-17.909630309086843	11
0.0007129849300372285	-18.85590428740493	5
0.0009940162073606086	-22.469431216673165	1
0.000809585311236226	-19.961021777850704	10
0.0009719196299896037	-22.35895721765757	1
0.000966139263288244	-21.002057408700203	8
0.0009988175468140122	-22.493435982711954	1
0.0008898099937106329	-21.503458437343085	6
0.0008517303379442523	-21.464080597813652	7
0.000995933429283279	-22.47901655512815	1
0.000611005098849621	-18.001392695277218	4
0.0005269752682458088	-17.985276037621496	2
0.0006635320268812698	-18.829256826666988	23
0.0009832933859044365	-22.41582142240032	1
0.0009988684898999001	-22.493690677650708	1
0.0006456595685368281	-19.2230350601057	2
0.000619803072632609	-17.601825004536504	3
0.0009694013445611129	-22.33716792341211	2
0.0006022657551661441	-18.387494582412714	25
0.0009975903581627577	-22.487300533064058	1
0.0009708011586428394	-22.353365310803085	1
0.000506842221893773	-17.705265366408128	9
0.0006414755132756935	-17.88094644763668	6
0.0007771664548372273	-20.623281630407895	3
0.0006503272555955803	-17.772229736415923	10
0.000894085711868427	-21.864944342299584	1
0.0005791350829745939	-17.543296780937354	5
0.0009309958819260836	-22.154354937975256	1
0.0008878203932158482	-21.431488339614887	10
0.0008008175711800205	-21.503515745472782	1
0.0006929579169045257	-18.58376855861848	22
0.0009821312369755046	-22.410011145203306	1
0.0007752165401399779	-20.398768633143845	5
0.0005730532754848679	-18.05160365775165	15
0.000911798739962259	-22.05837694976443	1
0.0010000945793063615	-22.499820631516783	1
0.0009994648674677446	-22.49667232561079	1
0.0007483370911489516	-17.86146453488648	17
0.0009429099703787151	-22.213920588070682	1
0.0009825908682927975	-22.412309116913654	1
0.0009253663970580892	-22.12620977796594	1
0.0009873061383876517	-22.435883570779108	1
0.0009693504700861681	-22.346112451525798	1
0.0005307457098451373	-17.801938887300444	33
0.0009536434368421239	-22.040313936865907	3
0.0005935402322453478	-18.723304536498915	10
0.0006743144517651742	-19.00005441861035	5
0.0008442538257283533	-20.272759431039205	5
0.0008170485530435003	-20.823661263219726	2
0.0009383338155960023	-22.191041654810004	1
0.0008761841905848509	-21.347627431782737	6
0.0006560657659064145	-19.095964035284215	11
0.0006925260886976567	-19.48176118620878	7
0.0009431004706950852	-22.21487301302817	1
0.0005418515991786587	-17.676262990620934	4
0.0009188516389548113	-21.9626259155073	2
0.0006977651672379356	-18.98472988158188	7
0.0006042484695986012	-18.138173764670753	6
0.0009956806430288163	-22.477752725533286	1
0.0007769207088582512	-20.336790893508812	4
0.000962564242761577	-22.312184044506512	1
0.0006986470351409191	-17.510877826290102	7
0.0005963235916620738	-17.860694782274017	2
0.0005365784791990076	-17.987316677136256	10
0.0009996482146662586	-22.49758898785617	1
0.0009543442874551096	-22.271087574261916	1
0.0008977249194922813	-21.509714026303733	34
0.0005509477684138804	-17.982429875808705	4
0.0008371233976084856	-21.066548002639767	2
0.0005874720382610076	-18.022935363817354	16
0.0007923493518987925	-19.91411629002964	12
0.000868429764589544	-21.66651083662709	2
0.000782032862098478	-20.332584936982002	2
0.000542864619981005	-17.9010695491342	10
0.0009514555389483716	-22.256644993660792	1
0.0006564667798645666	-18.611027524234277	16
0.0006664190949516191	-17.79993365667438	4
0.000936198241066936	-22.18036464115035	1
0.0007910918215769607	-20.568457404085027	10
0.0008605774889444043	-19.161694421015223	7
0.0009706096597512203	-22.220614427720605	2
0.0007640211879006131	-20.245431360782426	29
0.0007073963608997001	-18.840704349754038	14
0.0009578862479284857	-22.288795951956757	1
0.0006365783335588996	-18.780258349009973	9
0.0009125939767129687	-22.06235281365231	1
0.0008278543001414975	-21.03818411822855	13
0.0009574971773632362	-22.092504332960313	2
0.0008204990308677331	-21.6019151274974	1
0.0006098030045791948	-17.989112295525818	5
0.0009116203198405903	-22.041545992875466	2
0.0009476840267074349	-22.233135586149366	2
0.0005571169878693139	-17.941849050648656	8
0.0009779679183291397	-22.389196226570537	1
0.0006946859503842272	-19.332489167264782	27
0.0006064719369590435	-18.80173570522305	16
0.0009322941467879706	-21.88443835050808	3
0.0005691563177221458	-17.623668781034635	13
0.0005718616451118879	-17.580438812799265	7
0.000977714372668711	-22.3879286002513	1
0.0009451743334499615	-22.164025148230618	5
0.0007752938210932083	-18.68359532025219	11
0.0009686127518666852	-22.188669906814354	2
0.0009520550515413575	-22.259642315485586	1
0.0006546852880601607	-17.862154261785463	15
0.000997843228094121	-22.488564781009764	1
0.000992930703496805	-22.46400413397308	1
0.0009974978817945369	-22.48683818841944	1
0.0008889704917601582	-18.612094716141016	18
0.0009349223180596918	-18.45134565814441	2
0.0009958172838728152	-22.478435874792645	1
0.0005314590066389486	-17.612140785767576	9
0.000997321246400081	-22.48595508249468	1
0.0009997692822088613	-22.49819427687255	1
0.0008340137593710875	-20.844561595749937	3
0.0005717591487969586	-17.576228350360175	16
0.0009518487636407016	-22.207520521381802	3
0.0007311764766691186	-19.92729530092587	10
0.0005034502272741614	-17.52956028649083	36
0.0007563826805142945	-20.59934253678768	2
0.0008921336200333011	-21.460346830309984	8
0.0009497664531647348	-19.95076114287119	16
0.0009363684991375529	-22.18121586302105	1
0.0007788232310700777	-19.104128572394867	5
0.00048819015553474676	-17.515524098477254	17
0.0008070211698109464	-20.755642806314412	6
0.0005363379092075187	-17.719368858508357	6
0.0009467028184268261	-22.04743915023988	6
0.0007092715593151844	-18.1762547584565	3
0.0009751987946988361	-22.375351722235234	1
0.0009315910248852715	-21.909968884772	3
0.0009577736730881562	-22.288233123035745	1
0.0005825300112361048	-17.569476410265032	7
0.0009818800113626193	-22.377705386122148	2
0.00038577214783092436	-17.524449266592637	3
0.0005690380841065685	-18.05176218909677	8
0.0007608880548761897	-20.080594037675198	22
0.0008275852408041656	-20.874641509937245	24
0.0005099015434148423	-17.605199926683284	10
0.0009759060259007345	-22.37888759377726	1
0.0005537249913022265	-17.99657065371248	9
0.0009403270513472168	-21.94965733741881	9
0.0007503190727054283	-20.036661623438963	5
0.0006744397572716498	-18.015149130531785	3
0.0009163528547559169	-17.687136065618436	12
0.0009739278668624122	-22.368997594254573	1
0.0007897704666163365	-17.552761979192848	11
0.0008988244558249737	-21.704408634209607	3
0.0007669328446413724	-19.105268650922255	7
0.0006541117727892753	-18.727169221325635	13
0.0005696514434798687	-18.28274966328896	10
0.0006655832256043716	-17.83074340748557	9
0.0009383080272676484	-21.969226879129966	4
0.0005697260167829808	-18.020166774693024	8
0.0008599166034983328	-21.334224224530466	6
0.0010000112542049252	-22.499404039525203	1
0.0007417055633907842	-20.024937302291207	7
0.0005290959193101823	-17.79827378974349	8
0.000817227401188082	-20.859814249226538	5
0.0008151355249805518	-20.05623283054906	4
0.0005829821423538586	-17.79142215010137	2
0.0006920488619137176	-19.187525331263696	29
0.0005547408029759282	-17.597265600576428	14
0.0009777092292778877	-22.38790288536599	1
0.0009284784937013538	-21.886213869711238	8
0.0007086904353460696	-18.879904227474697	6
0.0009839618359529366	-22.41916340377418	1
0.0007868925276944326	-20.615446523537592	42
0.0009814305663787325	-22.406508074048055	1
0.0005780280052502133	-18.269856363062736	18
0.0006907330160859284	-18.25063319495542	7
0.0005256013251736942	-17.67229707980398	6
0.0008853677785213173	-21.392720571973783	18
0.0006973922917701036	-18.29421926615189	11
0.0005961710198736865	-18.235956773342835	11
0.0009840824553455881	-22.419766452221065	1
0.0009594772169465913	-22.296750157116634	1
0.000645805410977223	-18.892767571329884	9
0.0007294404356565709	-19.930445782717115	30
0.0005699122490928652	-18.023033969914454	18
0.0009777825627380091	-21.763619176998038	9
0.0006237287031032839	-18.312040993290015	16
0.000805278615383708	-20.2522654966089	10
0.0005307371662665878	-17.595395786653658	9
0.000613285254275483	-17.572579017847936	16
0.0008201230527386207	-20.713217423931987	5
0.0009960413001323105	-22.479555865984743	1
0.0005521853511174527	-18.004110496300825	8
0.0006195194403490485	-18.390302411223413	10
0.0010001075707695595	-22.499885583607256	1
0.0006451798274358782	-17.841143033893424	2
0.0006343984244501453	-18.886387684476716	13
0.0009906207822811574	-22.45245545700746	1
0.0007509516243727341	-17.785144545634974	11
0.0008478799036527377	-20.99682380562583	6
0.0005859079214168555	-17.958880655013346	6
0.0006127891143730376	-18.240987265941506	11
0.0009113706939174459	-21.62801886351413	17
0.0006028782895689788	-17.914709750465256	16
0.0009344625805921376	-20.374458953044225	12
0.0008053975951726652	-18.72159519565694	12
0.0009813405950780247	-22.406058253733402	1
0.0008966863464603779	-21.982821060867316	1
0.000931571129122887	-19.915073380679473	14
0.0009546213889609184	-22.272472970333258	1
0.0009739612767791067	-22.36916463039967	1
0.0007154028619020798	-19.35720579143012	4
0.0007085154776902612	-19.44320595302488	9
0.0005525590875436067	-18.33863318936357	7
0.0007451659667207325	-19.071677436104487	7
0.000991260338205301	-22.45565297938154	1
0.0004772611262268065	-17.58605387111818	23
0.0005761402666342321	-17.969114880914617	3
0.0009821172427764604	-22.40994117983693	1
0.0009579121465098581	-22.10303670526906	2
0.0009356107505412493	-21.92091308357793	30
0.0009908535889022196	-22.45361939647167	1
0.0009829406924801855	-18.638428743967978	5
0.0009165588281584431	-22.082175476109487	1
0.0009045139733239084	-21.577120288005425	3
0.0008358808282533877	-21.13180631788616	12
0.0007845469008125118	-20.146520269188738	3
0.0007182872184860509	-19.872121407567302	26
0.0008750353618421458	-18.373685726920932	10
0.000727097174405294	-20.23249446075694	3
0.0005946599370192122	-18.611663565482438	8
0.0006091742142456681	-17.90824589002178	6
0.0005780233824330374	-18.492184460281624	5
0.000857838822544952	-21.27280619345214	6
0.0009713273991091923	-22.355996301466742	1
0.0009892372607197206	-22.398825377566148	2
0.0009992281644608289	-22.49548890578454	1
0.0009869412067747124	-22.434059059499752	1
0.0005483555032957612	-18.35485366712676	7
0.0005401401338063354	-17.791608831132475	10
0.0009904757210182778	-22.45173020904062	1
0.0006969612832315107	-19.796835675208946	2
0.0009578188587598382	-22.28845903321926	1
0.0007955273805461254	-20.835838511195988	3
0.000982278475976139	-22.410747280982978	1
0.0006276767375182135	-18.375937437158594	4
0.0008067363540442651	-18.20498486365943	11
0.0009378670989219117	-22.188708259165587	1
0.0008149594188818042	-20.304273316443595	6
0.0006027718248379372	-18.07609033435301	8
0.0009660659841264853	-22.329691342836227	1
0.000997988763657412	-22.48929240028789	1
0.0009884127027620423	-22.441415947561023	1
0.0005105546171543456	-17.51566269881862	10
0.0009919522550563306	-22.459112285329063	1
0.0007001600020905873	-19.086057422610914	10
0.000834561198627274	-20.623968419224163	10
0.0006933472297410285	-18.755164610118328	11
0.000890866649599523	-21.95372491740209	1
0.0009070882980747859	-21.637234251525868	3
0.0008671583587021054	-21.785037888254966	3
0.0006558018803929467	-19.166386293474755	12
0.0009701483860667882	-19.87473237325995	2
0.0005580147933532539	-17.65039556316912	13
0.00096657027999928	-22.3322126193588	1
0.000848689717685359	-21.355034059031283	23
0.0009403100064064632	-22.011760403337394	16
0.0006764494093070854	-19.033441408957867	23
0.0009536590827680466	-22.26766182643441	1
0.0007752071807788169	-19.882491737559512	8
0.0005164414036729412	-17.666195409435623	9
0.0008198187393483097	-20.745067509225077	3
0.0008858977582763413	-21.634241999253383	26
0.0005868095484671507	-18.356391050788623	9
0.0009400129577179899	-19.503790531464393	2
0.0007478752136312122	-19.758334414483794	25
0.0009373162906682937	-21.266478552059926	15
0.0006200088649671005	-18.42842537936918	4
0.0006629911767042253	-19.402833276738427	11
0.0009591920636555511	-22.12385739188834	2
0.0004598024082714654	-17.819599985556117	22
0.0009834381620122208	-22.416545244706384	1
0.0007546517139737596	-19.98436626233903	21
0.0005341837966320132	-17.85115894548858	7
0.0008245029880037746	-20.27340238861671	3
0.0006941496177070205	-18.891109244202337	6
0.0006064188911001268	-17.87261455263822	3
0.0005868313017179929	-18.070131475970985	12
0.000622368398049035	-18.052317319631296	11
0.0009979589276941216	-22.48914323247227	1
0.0005671972569671946	-18.119689136423105	30
0.0005823172876271692	-18.37624214287915	20
0.0006999632801955756	-19.97016553335775	6
0.0005475944353144572	-18.199987161612654	26
0.00097668375417291	-22.38277592231485	1
0.000735842773239131	-18.73262232764966	4
0.0005765712857961988	-18.352748880930086	18
0.000599955631549163	-17.518396516510276	2
0.0009707467315090547	-22.353093197026226	1
0.00081289606136762	-18.74602581596101	11
0.0007559620661778145	-19.150796303601815	2
0.0009827868491594169	-22.41328894241796	1
0.0009919735151948793	-22.459218577470406	1
0.0008914169386097805	-21.522433518157985	24
0.0005157577971661786	-17.709482483841676	5
0.0005540978415925016	-17.523167245242185	18
0.0009233407489655074	-22.116082352273335	1
0.0005838860003030221	-17.913731538699192	7
0.0006282044592683768	-17.77178025954174	7
0.0007849506545571991	-18.57409489870454	8
0.0005620786113445326	-17.510629125258724	22
0.0008723031601224401	-21.10477013311613	4
0.0009856628526163464	-20.783355690919482	21
0.0005250944182199015	-17.981892094051354	15
0.0009552122141908173	-22.275426858836912	1
0.000979486096582299	-22.30005995640079	2
0.0006375627278045584	-19.141385475809745	17
0.0009061914973893232	-21.60486591563248	12
0.000668028984926794	-18.4292804625408	28
0.0006568393062482634	-18.958901259985346	8
0.0009705707450932972	-22.35221333573392	1
0.0009552438544447801	-22.066146832796054	2
0.0008822641374958208	-21.761579900071776	3
0.0007073022248739037	-19.535112612737407	10
0.0009605490826839033	-22.209451194966206	2
0.0009406201265251555	-22.202472289839847	1
0.0005699793306070474	-18.249740698056748	10
0.000841185468592009	-18.572874761500827	8
0.0008121679298501638	-20.309030131906535	9
0.0009587390004502203	-22.293059371565366	1
0.0006802217083657385	-19.23920823504605	7
0.0005724688383798094	-18.166621132594873	17
0.0009982483913854457	-22.490590434498785	1
0.0006762450617699373	-19.246951478116166	27
0.0008767330916324849	-21.312080226402916	10
0.0009421912975324596	-22.210327512909007	1
0.00073658306121267	-18.3591610645813	11
0.0005294467205060426	-17.766844142464777	9
0.0009604248405254892	-22.301487893851363	1
0.0005708375738136201	-18.025388992903668	6
0.000572752071616513	-18.317027163077274	4
0.0005755941904669854	-18.30554979210964	6
0.0009135398363576187	-19.045461908629257	3
0.0005335986733157416	-17.51773143535551	3
0.000984944160169024	-22.424074629737323	1
0.0008745012995933461	-21.471819519076472	3
0.0009850754854742068	-22.424731203440654	1
0.0008398293341893642	-20.902840570345603	14
0.0006440587610117024	-19.241178451196074	10
0.0009804603844995128	-22.36270874883142	2
0.0006868675717552142	-19.680229394637465	12
0.0005609577187309214	-17.762363331098218	8
0.0006536632255252	-18.634994242798367	22
0.0008674769080566902	-21.533739686504386	4
0.0007531709902831781	-20.358256952348405	4
0.0009902532227742528	-22.450617807315282	1
0.0006111624501256093	-18.52191732383781	12
0.0007217572231733631	-18.423634049592057	4
0.0004916193628116499	-17.703625620066173	11
0.0008023506673888898	-20.56909123666332	7
0.0009907387958206974	-22.45304547723693	1
0.000982526570983315	-22.411987656228355	1
0.0008756070904812098	-21.493128018366114	14
0.0007390311805136271	-20.08952862588131	4
0.0009984095211391629	-22.491396018456637	1
0.000954422907739399	-22.236392075999806	2
0.0005901762792258436	-18.258592306283035	7
0.0007092796758756891	-18.948644900967867	7
0.000538956784679799	-17.96006136389088	8
0.0009908194503066028	-22.45344871722505	1
0.0007035176990017006	-18.286827252437448	3
0.0007805905613731469	-17.63756287438929	13
0.0009817465295902236	-22.408087763016585	1
0.0009681168789494676	-22.339944992025924	1
0.0005347986640405133	-17.616849581417036	7
0.0008856292585810195	-21.398293657440718	7
0.0005920196795252983	-17.712066219909705	10
0.0009233922141030055	-21.849569452453004	3
0.0006477586578814137	-18.740183011799093	9
0.00097115069369617	-22.355112845477315	1
0.0009679840707203756	-22.339281004299515	1
0.0008469612575156994	-21.13914842451278	4
0.0005326672728468853	-18.154357540366252	15
0.000561249717959165	-17.936209295774482	41
0.0009964033522504843	-22.481365980948482	1
0.0009368866724263103	-22.18380652104156	1
0.0005921482444130852	-18.195582672131174	3
0.0005997794291877837	-18.32566078574069	22
0.0006293396508416523	-17.78063793858798	7
0.0009548786668415223	-22.273759256252173	1
0.0006085149750386699	-17.807234802288377	7
0.0005903047690745177	-17.885096483555188	4
0.0009807723232926166	-22.403217123380603	1
0.0009449634638707068	-22.017312797437135	2
0.0009892063539539509	-22.445383884292653	1
0.0008682628099049909	-21.805978310382912	2
0.0009657391613081609	-22.32805736020156	1
0.0007424706750110531	-20.065175861189182	6
0.0009975923759492685	-22.487310621185003	1
0.0009665412221504763	-22.33206734180263	1
0.0008448438292057154	-21.08956635154357	4
0.0009242642037298817	-21.058677664807927	15
0.0005404024316738724	-17.97443755835192	12
0.0009842865769624641	-22.420786978202226	1
0.0008796087167006912	-21.60950568014336	4
0.0009039443825041439	-19.734428561147535	16
0.000779799452655253	-18.106064122726586	14
0.0007839533810435016	-18.949501245310756	4
0.0008992963100049854	-21.209440273504704	3
0.0009906636281815772	-22.45266966927578	1
0.0009708226467456705	-22.276698285474218	2
0.0008374575082049468	-20.937314379008082	28
0.0009817004160020974	-22.403595574328538	1
0.00047944803592462183	-17.566128710776184	10
0.0009483269869823678	-22.09564977755085	2
0.0005977501265963862	-17.98033365549077	19
0.0007418490424774962	-20.017810709481328	3
0.0009764492459072344	-22.380719832517688	1
0.0007892506080104554	-20.4881577960708	25
0.000843073001051845	-21.49681982396653	4
0.000963699639400776	-22.31786057101536	1
0.0009847572631960237	-22.423140220047326	1
0.0006417178818498684	-18.539437148576557	8
0.000934278589801134	-22.08709142069685	2
0.0008444822542073214	-20.458603344676746	11
0.0009634065547529714	-20.400018991365712	7
0.0008984371978468075	-21.99157461355981	1
0.0005136923282809152	-17.67447133765874	4
0.000596513229923926	-18.57712226439859	3
0.0005577527968288788	-17.5969650582745	4
0.0008951318073527867	-21.459814549087778	5
0.0008934101296940211	-19.812140290555263	15
0.0009695096397756751	-22.34690823595099	1
0.0009821057848970146	-22.325120317849503	3
0.0009704666169041071	-22.35169273667114	1
0.000636765051272227	-17.73713208082261	20
0.0009201654583288856	-21.73912728818675	6
0.0007424160005967887	-18.65177233267604	10
0.0007159183833301483	-18.738829357263647	19
0.000670876450424205	-18.995035259126787	3
0.0004999319386428465	-17.56895353912596	13
0.0007570242800894767	-19.68318307249041	3
0.000985845246961609	-22.428579701258833	1
0.0005268598894385514	-17.87644929482459	13
0.0008390699114056579	-21.694762060477963	1
0.000924667432311439	-20.01477847833163	4
0.0006928390898406201	-19.04481620584815	10
0.0007060440476327425	-18.696301971081134	10
0.000676739414696665	-19.54188967599127	6
0.0009451898033840646	-22.225318836087105	1
0.0005662280121805453	-17.75647481733938	10
0.0005666001453159494	-17.744473410457772	14
0.0005594678842269605	-17.82754508415382	22
0.0005972396666612614	-17.576773621985044	14
0.0007500331871058572	-19.53253170902679	18
0.0009990598419523438	-22.49464736094597	1
0.0009890772499688972	-22.44473841629649	1
0.0005442407199020292	-17.80759880100088	9
0.0008381664453101362	-19.19352025241561	37
0.0009774038687465967	-22.38637620553378	1
0.0005100481650466914	-17.65055504658803	16
0.0005173259136797281	-17.65857564475699	2
0.0006475401994422049	-18.39356701169611	5
0.00048542402708656225	-17.52956751118089	5
0.0009479641055900005	-22.23918923121761	1
0.0006412671236254939	-18.42588080469988	6
0.0009098949625347191	-22.048858828377366	1
0.0007879420884123195	-20.50914827663909	13
0.0009515838409349884	-22.25728645198736	1
0.0008622287484906457	-21.249827485458816	3
0.0006555503294396104	-18.33431864039686	9
0.0009653708730091105	-22.326216066841795	1
0.0007947340615626947	-18.568729445124468	43
0.0007690825845139824	-19.803721863200877	6
0.0005827469126318337	-17.70916337030971	13
0.0007982346436716057	-20.781835114833147	5
0.0009993889410387256	-22.496292724005347	1
0.0009712946755819992	-22.355832696993062	1
0.0006765181142167854	-18.346774818965976	16
0.0006708474430498615	-17.88700091667878	22
0.0009748746592948287	-22.373731175591196	1
0.0006899599374731443	-18.999938498460345	7
0.0008047753251456749	-20.595326511747338	7
0.0006617424326317045	-19.162507624203226	3
0.000866450198580203	-17.518664951611626	7
0.0006439682323418165	-18.75844395851668	7
0.000988965251693769	-22.444178469969575	1
0.0007854422571148183	-19.66151507636424	5
0.000989128086450603	-19.6864450677227	2
0.0005346690573045101	-17.904568075630756	30
0.0007896061023994611	-19.93761387296936	6
0.0005999016836151995	-18.231811682189694	7
0.000951042093276073	-22.254577931598302	1
0.0009736523834217075	-22.367620287857918	1
0.0005366109217585119	-17.5936605256037	12
0.0006527500677168557	-18.282016717091608	10
0.0009540141512242573	-22.04498727389122	4
0.0005179815270248648	-17.66413637643948	5
0.0007905998545427067	-17.93272813324231	4
0.0006180726676729488	-17.788186140649668	13
0.000977609610641372	-22.387404832252717	1
0.0008100316931471709	-20.68877592806132	4
0.0007907063286197133	-19.791681919000204	6
0.0005644920393884338	-17.83391333096638	12
0.0006017384063224356	-17.71627543325954	6
0.0009805775103223784	-22.402243136888444	1
0.000985679402241308	-22.42775054436455	1
0.0005636390270910037	-18.40321601415537	5
0.000449549577092209	-17.572253946999663	9
0.0005717552088044391	-18.283220475061746	7
0.0005717375935272094	-17.791769313037666	6
0.000999362969206823	-22.49616287529241	1
0.0009610137862224911	-21.324226394176875	8
0.0008412421745754358	-18.991306972958647	14
0.0006231227823702354	-17.88554914783123	9
0.0006922192734959118	-19.536219685363545	7
0.0009845977960874991	-22.422342948646673	1
0.0008461262266716177	-21.322025090390103	13
0.0009896327983207383	-22.447515934599164	1
0.0006027111614204483	-17.838807670666917	7
0.0009866577955085164	-22.432642117164427	1
0.0005490420674978449	-17.794640750542676	7
0.0006209074662683042	-18.1118111062345	23
0.0007586613788870486	-20.43195856258127	4
0.000801203124884642	-21.042805314450302	6
0.000982894742267867	-22.413828364562693	1
0.0008237547172669356	-20.9100987917495	9
0.0007793252717312109	-17.704096374011698	17
0.0009977825986965335	-22.488261658408607	1
0.0006278841550802793	-18.58947831894576	5
0.0009020444672199039	-21.757255350318175	13
0.0006903992767480256	-18.59620102832832	17
0.0009513140479534696	-22.255937595597775	1
0.0006984607441111987	-19.4716629789925	3
0.0009896867534451902	-22.447785688519218	1
0.0005883099555487104	-18.681831190922143	6
0.0005867391984136548	-18.383389660523353	4
0.0009387282150492151	-21.890542549071217	2
0.0006503778797643861	-19.040751476355005	2
0.0009252290829310637	-22.12552326256226	1
0.0007335537643472479	-18.09545195467013	3
0.0005692716871990732	-17.718124170450224	9
0.0005601246718055005	-17.539494354367537	15
0.0009966519687584934	-22.482608963488264	1
0.0009484979525536065	-22.163547630393445	2
0.0009344104731229995	-21.57159231090043	6
0.0009442389291338628	-22.22056484730337	1
0.0006867191164274137	-18.111895735378756	11
0.0007009945858960553	-19.220655273557476	16
0.0009724494989269273	-22.361606349216604	1
0.0009952549603412493	-22.475624483316512	1
0.0005214545985774866	-17.587583382982316	4
0.0007851627027627044	-20.64903590692531	3
0.000748173917245922	-18.270638094064005	4
0.0006778314756799811	-19.287452991419883	9
0.0009986967447995672	-22.492832021229557	1
0.0005115057613372338	-18.228445086532332	24
0.0005883189767938985	-18.062050503153355	16
0.0006667631552089719	-19.32505665987852	14
0.0007506213797370999	-19.6791857880106	19
0.0009622177704986074	-22.310451822552157	1
0.0004750062278905888	-17.513559675212417	6
0.0005818270268660133	-17.996447992179	15
0.0009430440320296316	-22.214590842402057	1
0.0008987550383592237	-21.922840371479573	4
0.000953538280216286	-22.267057862265652	1
0.0007071598661960444	-17.98912207449106	5
0.0008932608514724093	-19.873842287770486	4
0.0007574102803907484	-20.318464427806287	5
0.0009781032360573723	-22.389872760783263	1
0.0009447232056142474	-21.04945452524193	2
0.000995276660418872	-22.475732974976264	1
0.000641723016074637	-19.073477762412676	11
0.000527686796362696	-17.836906575273563	10
0.0006708589878408466	-18.30411853517236	4
0.000836433203303913	-21.183293522513313	3
0.0009870517384766666	-22.43461167355069	1
0.0009981905712753716	-22.49030135720522	1
0.0008007668974891664	-19.569121065329323	18
0.000911554466001126	-22.057155678212343	1
0.0008386807047761667	-18.39620368525548	8
0.0005051979829039464	-17.512026109166655	8
0.0007950630710165831	-20.607356646901877	8
0.0005884007193380612	-17.71321384051232	12
0.0006419015038677886	-18.71071014221507	10
0.0007091149177185602	-18.309439343460394	12
0.0008369123369573505	-18.781669013185095	2
0.0008402148872863797	-21.70048647934139	1
0.0009941651638085624	-22.470175938998633	1
0.0008198079503787954	-19.485664184694837	4
0.0005740034244126605	-18.894019134583353	5
0.0007522381504938791	-20.219763609563994	16
0.000997929253536646	-22.488994873620634	1
0.0007237260095517254	-17.522792586599202	7
0.0009609003780264374	-22.30386539008209	1
0.0007172162999672318	-19.802437875638603	3
0.0007326058316184528	-20.38033072842066	17
0.0009386076492307233	-21.988052474993754	3
0.0008006594526637528	-18.488226880444202	8
0.00089401483109627	-21.439687860717704	4
0.0007637805945152051	-19.27220461201343	7
0.0008056263915565655	-19.649344661243845	12
0.0009827037544121765	-22.41287350210471	1
0.0007095238533767682	-18.931589246572315	14
0.0005390648941527879	-17.954321690652677	2
0.000984208266318943	-22.420395456483273	1
0.0005825386967283885	-17.683143217226586	2
0.0006694587280054768	-17.85662825388986	8
0.0009368172131661116	-22.183459252678958	1
0.0007695202654228226	-20.427589612050756	4
0.0007950361099923312	-21.216065291971415	7
0.0006733626713273373	-19.248708796093933	4
0.0008770300417941846	-21.27296631246829	10
0.0008325966193251494	-18.812472710825688	4
0.0009890635865907422	-22.444670104901494	1
0.0009906254637469972	-22.45247886245365	1
0.0005630361392061717	-17.773315247132384	13
0.0005854980073310255	-17.53417052982425	7
0.0009557003019042849	-22.221146146065877	6
0.0009948244551755351	-22.473472130648727	1
0.0006728815613019681	-17.759818537737385	10
0.0009016072706260353	-22.00742370236717	1
0.0009067341564814027	-22.03305606947223	1
0.0007474753187276359	-19.58060677674868	6
0.0009836327596020693	-22.367504986753275	2
0.0005654839083327583	-18.260467624523187	22
0.0009827307403138443	-22.41300842075859	1
0.000990431349063095	-22.4515083671123	1
0.0009567929540284398	-22.11939203918595	2
0.0005359891488491533	-17.727765767331555	30
0.0009882553594589127	-22.4406292943331	1
0.0009897675502551135	-22.448189640070176	1
0.000844622417638652	-18.476822601323484	6
0.0009664919204447883	-22.33182085310467	1
0.0008747267188558428	-21.341455233242833	3
0.0009269821240738168	-22.134287763155594	1
0.0007453430942570402	-19.549428779909583	4
0.0008539848069306126	-21.39426605836365	31
0.0007138336874695529	-19.846338011523617	10
0.000571339783395012	-18.284237493000216	6
0.0009522572702361354	-21.112643492311093	3
0.0009694846263207772	-22.346783178737585	1
0.000990251829857142	-22.45061084329	1
0.0007946673226165023	-20.439743207396987	6
0.0009854633887217818	-22.42667056365338	1
0.0009723547920897242	-22.316608343362738	2
0.0009395673905525526	-22.131543194856192	2
0.0009856583312934685	-22.427645198100652	1
0.000745309782536107	-18.886521832350393	21
0.0007628732268473825	-18.26908665320564	6
0.000613127059155524	-18.112880025075924	5
0.0005329855568480534	-17.848894850472636	17
0.0009168034136318091	-22.083398305097443	1
0.0009999092216970052	-22.498893918025832	1
0.0008283904885124714	-19.48850761853372	28
0.000553122028153599	-18.148555398115562	5
0.0006209321086455694	-18.15261759370799	10
0.0008132067291094685	-21.049722741547885	3
0.0006135170265919788	-18.973730073571552	6
0.000993500737568878	-22.466854075050367	1
0.0009086193227029379	-21.64063010624779	10
0.0009749685710819995	-22.32951332288954	2
0.0008001375368814692	-20.194148649447772	11
0.0007861903726651257	-18.63011320567626	9
0.000569003330060187	-18.372874142025605	44
0.0007180365286150618	-17.512732949061515	4
0.0009299370784077405	-22.149061346262876	1
0.0009886765890487388	-18.241759038843263	11
0.0006740047743084091	-18.776363273065417	5
0.0005188133910425272	-17.86235324230852	3
0.0009899217058552835	-22.448960356065484	1
0.0005758614993993876	-18.029109244072824	2
0.0009720922378916684	-22.359820187740336	1
0.0008624368152152104	-21.692316634295246	2
0.0009894008242883313	-22.44635615774334	1
0.0009531332960485457	-22.265033104322505	1
0.0007739826555306425	-19.622208026526405	3
0.0009016301587932194	-21.573411887168827	5
0.0009572141857179838	-22.285435911225797	1
0.0009924266181507342	-22.46148390999945	1
0.000973395016561015	-20.385539300706867	25
0.0009007533338628636	-22.00315436202771	1
0.0009383489640310232	-22.191117390892003	1
0.0007709779564279274	-20.18484866634874	12
0.0009972182023015273	-22.48543990344903	1
0.0009352309279044959	-22.175528464417596	1
0.0004980880213013875	-17.563824128807955	7
0.0008194819963568939	-20.781986484474075	27
0.0009729223842051156	-21.670682390008615	7
0.0005506363050884724	-18.028421077664625	3
0.0006600396604936324	-18.89446440139822	8
0.0007020356977183961	-18.95175836135339	4
0.0005733240753091692	-18.013918305687927	23
0.0008901268090845669	-21.64321184920518	5
0.0006453334825129903	-17.722694431036892	7
0.0009464145324181163	-22.231441988638313	1
0.0009875639713485959	-22.437172631876464	1
0.0009150850446276259	-21.9883424784913	3
0.000641962011988419	-18.383538513968254	8
0.0007353430960330296	-20.340028084322768	5
0.0009762681837329801	-22.38069823726884	1
0.0009893071375348945	-22.445887761659495	1
0.0005491101325376379	-17.702703506367023	20
0.0009458838905681813	-22.228788992827102	1
0.0008598371851428452	-21.798590076006253	1
0.0006968612389841257	-18.690490188027788	8
0.0009805992879910424	-22.402352016472197	1
0.0009916716245549802	-22.45770924569947	1
0.0009988825228195654	-21.597078366326457	10
0.0009642894708081566	-22.320809490806155	1
0.0005787877514903779	-17.66012030295157	19
0.0006625688757015555	-17.615134189781212	11
0.0005431029930487067	-18.06500890635571	8
0.0005845935799214676	-18.192961300417956	18
0.00078897886236667	-20.146705225723608	8
0.0007662575661241838	-17.709461097840617	25
0.0009876400535180287	-22.437553012121324	1
0.0009367145884248601	-22.18294617025114	1
0.0009916289950181918	-22.45749611516228	1
0.0006476316194610487	-18.905217570915283	6
0.0009663182245488385	-22.33095244349009	1
0.0009823693822452225	-22.411201775763445	1
0.0009480863822338796	-21.99343459152378	2
0.0009751214283036609	-21.402666009959447	3
0.0009986362757584584	-22.49252970034629	1
0.0008137410630039605	-20.78772608991649	3
0.0005707362741002945	-18.164831179955748	8
0.0006084279672387259	-17.790181874085313	5
0.0009914643902152569	-22.456673157356093	1
0.000875814629996339	-18.26301076733097	2
0.0009550386273289252	-22.27455899434877	1
0.0008230043951637867	-18.217312623166766	33
0.0009686377489106759	-18.60955790584868	12
0.0009404311764495896	-22.007272449635714	4
0.0009862297205940015	-22.43050191477513	1
0.0009874491776848216	-22.436598709730696	1
0.0009901163743018361	-22.44993361999735	1
0.0004970757573287568	-17.93908687381851	12
0.0009008305960553122	-22.00354064191302	1
0.000581769601215159	-17.74673789510271	10
0.0007970668081187757	-20.01393427994309	7
0.0005947022474485682	-17.857931977537866	7
0.0005835060382774819	-18.34767500425523	21
0.0005829501200809131	-17.80555458777307	7
0.0009344425139919512	-22.171586711976214	1
0.0007870409864402298	-20.70687913275204	9
0.0009008095520949374	-21.524542116485275	2
0.0009794648359864751	-22.396680212756557	1
0.0005745612274197341	-17.71814768931317	6
0.0009292999838037091	-22.145876129499353	1
0.0009370453727368038	-22.184599958760483	1
0.0009832344505332664	-22.415526769249865	1
0.0005796679388534003	-18.00346140674865	6
0.0008907923832697915	-21.422943372456682	10
0.0005754399256760423	-17.91767392509773	19
0.00098207618963577	-22.409735930646157	1
0.0007365900356605274	-18.25888690492933	16
0.000997270568680462	-21.070103160320244	44
0.0009718782316104932	-22.358750242413556	1
0.0005369614049365565	-17.692624294383968	20
0.0005435197369721101	-17.92433935143034	13
0.0006766754659997274	-19.35830804429896	14
0.0005235243654626965	-17.82998006696369	8
0.0009024539861923255	-21.660345717490475	19
0.0008133768667634406	-20.411174295872726	2
0.0007821127320955545	-19.753482201204502	11
0.0007787312002628111	-19.912423477214247	16
0.0005004198597982204	-17.557524625963193	30
0.0009301206362555573	-21.85791180368744	9
0.000906445930779292	-21.62288978280581	3
0.0005146590115655288	-17.56021775985467	8
0.0008744519284481004	-21.453888097956668	3
0.0006808932389344486	-18.01802952410768	5
0.0009833579240089323	-22.416144086963833	1
0.0005196661006578832	-17.662893156934462	19
0.000991551894989328	-22.457110646029665	1
0.0005582373443191883	-17.814796024602664	2
0.0009952204365521237	-20.18675922555959	26
0.0008013069704009623	-19.475076857751034	2
0.0007269926100823105	-19.33696387008952	5
0.0008609848337030526	-17.684161672139783	4
0.0007116020454874602	-18.913111889301025	3
0.0006655136165158698	-18.202559095946505	3
0.0006702360728121436	-19.293227384739165	11
0.0006951985618644815	-19.242474801831257	8
0.0009159054859621924	-22.078909027920087	1
0.0009815018390086834	-22.40686440853004	1
0.000997856794612723	-22.488632608145952	1
0.0007925025645910993	-18.301903141079812	18
0.0005250564735110211	-17.538468969878608	4
0.0006657547908374088	-19.478394665286164	10
0.0009933318981434319	-19.9325263487859	3
0.0009309818940057296	-21.91787755501309	4
0.0008678738335600865	-19.33870268504641	51
0.0008815481325853204	-21.337166143752228	12
0.0007640173503300642	-20.154013080228292	5
0.0009997403167710253	-22.498049461334052	1
0.0009986988077177997	-22.492842334990954	1
0.0009780719334086692	-22.389716260130513	1
0.0009657884566990372	-22.154624648663397	3
0.0006720206571451806	-18.407969585554234	4
0.0007775847418620396	-19.152613661019185	10
0.000702340592129348	-18.982316641911552	4
0.0009363546974377158	-20.805908543759408	3
0.0006483198188007473	-17.935197909861156	2
0.0006477676113497465	-17.77961325064357	11
0.0007653172575201456	-18.01508621153998	34
0.0005608010950891608	-17.587951580596073	6
0.000798994365277088	-17.962360353543776	9
0.0008918028968136176	-21.5841496134823	37
0.0007052747240384266	-17.62070050419761	6
0.0007258683238669796	-20.076710273519556	4
0.000831227646269099	-20.92916938470548	15
0.0006252660985904514	-18.862611705680443	9
0.0006017699918403909	-19.069959706667724	5
0.000812752839265648	-19.929116567876772	3
0.0008851454707033757	-21.4412391064157	6
0.0008742123971592534	-21.870460353990286	1
0.0009915425637490077	-22.415673922288676	2
0.0006024559874813657	-18.577613569630735	3
0.0007308667361268473	-19.934149971338687	5
0.0006792038872213642	-17.874176099217095	20
0.0005749875138844486	-17.822121888806148	8
0.0007780179865816602	-20.479123265888152	4
0.000498309311527067	-17.9637348471991	5
0.0007252472020181565	-19.307399676097717	8
0.0006150871479513155	-18.176968648445587	15
0.0006969548707225857	-17.506877358512185	5
0.0009743151937839829	-22.370934073069087	1
0.0007247021088458531	-18.29064829840791	10
0.0006280760997994977	-19.224535835326883	7
0.0005736586359079504	-18.226766812560257	11
0.000859620937110346	-19.44522629625643	10
0.0009896949325064895	-22.44782658053587	1
0.0009287573752617972	-22.143163305041586	1
0.0009452680116024268	-20.21947206683061	2
0.0009308249095382145	-22.15350014480562	1
0.0009059761838641447	-21.578111566273986	8
0.0006658499686663318	-19.461064151198126	7
0.0009993364497235646	-22.496030288542965	1
0.0007216084077918153	-18.95899646659043	6
0.000643173527043997	-18.516634809200582	9
0.0008039958004553994	-20.76198871904859	4
0.0006632405355262304	-17.851556117130542	12
0.000520641628562765	-17.872020652608605	6
0.0005960008905605444	-18.165934047863086	5
0.000999441487968269	-22.496555437517273	1
0.0008649536283856124	-21.824170234248612	1
0.0009750477555582584	-22.37459658728436	1
0.0006572828981836732	-18.184079097060582	4
0.0006935035979812955	-18.561985219328612	15
0.0008658439916825558	-21.828621692605196	1
0.0008770229107217174	-18.673696570838576	5
0.0008989611539646623	-21.547602143792172	3
0.0009289236340243712	-22.143994531980695	1
0.0006475601209481742	-18.41604138102281	2
0.0009473790456450805	-22.194638170075194	2
0.0006226392360143603	-18.488579578561225	4
0.0006942640806015957	-18.79544276740997	13
0.0005571315671967145	-17.547082683962717	5
0.0008486155523874448	-19.51682824926639	3
0.0009309074556508647	-22.153912842166594	1
0.0007404660536310081	-20.592887360533414	8
0.0005288561057518446	-17.6598612196391	3
0.0009747083239036293	-22.37289956553978	1
0.0006376615389146797	-18.800702041712224	8
0.0009792861551850543	-22.39578688061969	1
0.0009763955372015139	-22.38133495338651	1
0.0005893891683943031	-17.65804603728014	4
0.0006377498785327147	-17.71056927408474	46
0.00097470381809751	-22.372877038321544	1
0.0009399235379499303	-22.198989627150436	1
0.0009285579615124331	-22.142166316504355	1
0.0008486911397068312	-21.719836895616293	2
0.0005073090472170071	-17.563255102824208	8
0.0008222441568739766	-19.20971151446745	29
0.0006216579787606407	-18.59151046946476	11
0.0008273004960879326	-20.848601301862406	2
0.0009292694496330436	-21.89620956836496	12
0.0009883330265632905	-22.441017598615183	1
0.0005182680531866308	-17.534102407349536	20
0.0007560775448801327	-19.454903852831098	6
0.0006917527712474973	-19.538496222690725	11
0.00078325819365797	-18.06427143292476	14
0.0009994959600102126	-22.496827775816865	1
0.0009472787598381318	-21.985539736051333	16
0.0007587529568961564	-20.660949490050744	1
0.0008843473405362864	-21.354271912787826	16
0.0009844279551789689	-22.421493812418618	1
0.0009524690847561944	-21.490520372205033	6
0.0008350972273508343	-20.289062358186676	9
0.0009739987301010184	-22.369351881944496	1
0.0009974108546498444	-22.486403087700644	1
0.0009294860432168033	-21.887438599542072	16
0.0009311815048881044	-21.396326617987704	12
0.0005905537422983232	-18.475668155903353	5
0.000621562126593869	-18.060558136474857	33
0.0009914531201109177	-22.439738356473743	2
0.0007555518387441234	-20.157809515218137	20
0.0007003313861356079	-19.363287795053132	6
0.0006020789329683008	-18.47619911786214	11
0.0009537284899844079	-22.268008834598756	1
0.0005229706404827432	-17.68694214953576	9
0.0009679949206826881	-22.33933524974693	1
0.0006827634999286383	-18.76859959549791	5
0.000663871039835362	-19.145187810596052	15
0.0005187173633526706	-17.820636923100935	8
0.0007830054808662066	-19.82854546964961	9
0.0009161009708388309	-21.72968397757172	3
0.0009813550200452798	-22.335707528623427	2
0.0006825446328862632	-17.72230853679921	25
0.000978568047602205	-22.39219663154768	1
0.0006689269697397814	-19.48036456907222	11
0.0007186868617080176	-19.385987758259528	2
0.0006795052346770492	-18.17788065493322	15
0.000926082098915319	-22.129787999377502	1
0.0006945474232588965	-20.005725524435878	3
0.000526966481263757	-17.614835224158085	2
0.0009978394780268103	-22.48854603218159	1
0.0006606829906221752	-18.952689639059976	35
0.0006048236011821799	-18.214912590626422	6
0.0009071294857500888	-19.275582003293536	16
0.0007523689051074958	-20.03021626439815	7
0.0006391143100988757	-18.6881217299714	7
0.0005728376209685943	-17.946355768137767	6
0.0005564596419654597	-17.57198297691975	2
0.000993910570310573	-22.46890307391306	1
0.0009735042135862847	-22.366879498278706	1
0.0008073297600678567	-20.69380177598674	4
0.0008825625477896802	-21.91220774848661	1
0.0009844927338814725	-22.421817679875392	1
0.0007391924366637848	-18.122105841675754	8
0.0009837381171675904	-22.418044899833177	1
0.0006184548508967734	-17.57181944237282	10
0.0009492989345049298	-22.24586283888806	1
0.0009840010820792921	-22.419359618620106	1
0.000976978983625135	-22.29841861829273	3
0.0007568226631840293	-20.170226062292294	10
0.000650143470564949	-18.70996406147712	21
0.0007186880715494338	-17.56502281034611	11
0.0005808022946495432	-17.773231204510665	12
0.0006156171627739676	-18.005681851925598	11
0.0009809295890837147	-22.40400338907955	1
0.0009474701893152088	-22.116846443487134	22
0.0005508242116684005	-17.768178864144954	36
0.0004893716109613368	-17.590588948950455	9
0.00066811909968612	-19.22354090655635	7
0.0006151764670646351	-18.343860640649414	17
0.000805746880858694	-20.65380529046075	11
0.000629093972129255	-18.460435374526817	18
0.000862286923632399	-18.846498350913453	6
0.0009410965772693189	-22.001804425928597	1
0.000980433860025865	-22.4015249431859	1
0.0009304426264905967	-21.813252661416414	8
0.0006238669251863946	-18.66841944294785	3
0.0006653183538141303	-18.236134634130476	7
0.0009176768466341337	-22.087765118790756	1
0.0005243544809184954	-17.89081259078509	8
0.0005853066849803167	-18.309243025057533	2
0.0009891675700358972	-22.44518998030232	1
0.000999089516477984	-22.494795721638276	1
0.000920518316647462	-22.101971325941516	1
0.0007572025746302661	-19.818346261398126	4
0.0009540495623652753	-22.269614067359125	1
0.00089719078092535	-21.985343030295027	1
0.0007181455378053419	-18.78560188477337	5
0.0008167345263963207	-20.746029006854688	8
0.0005212521220946641	-17.52143531184529	22
0.0006131430926967381	-18.61881475363602	4
0.0006785469132120672	-17.644379960463286	9
0.0005184742071922558	-17.5084907026063	14
0.0008344067650728601	-21.671448204457207	1
0.0009750083046623511	-22.37439934867304	1
0.0006720135959283941	-17.954300282569697	9
0.0009015516319739697	-22.007145531486213	1
0.0009659697146188787	-22.226069626394665	2
0.0008183070142436322	-19.937693060788444	4
0.0009622261045619844	-22.213344694725922	2
0.0008068421418889823	-20.65687724311038	14
0.0008322367879696201	-19.77138778453025	6
0.0008089308447534201	-21.54407884996231	1
0.0005125609027244864	-17.600285653881087	7
0.0005907023798664633	-18.490417588414758	3
0.0008118199498825294	-18.34625718484258	7
0.0006840215403833538	-18.08419379774022	6
0.0009929261690593823	-22.463981463609844	1
0.0006857707473664683	-18.777505311771925	11
0.0008312828741031512	-21.278651256881506	3
0.0009721320296611401	-22.36001913058237	1
0.0005659968804348407	-18.08100053169356	10
0.0008340014490454066	-17.716330527267605	9
0.00053095804267969	-17.64617563559386	7
0.0006302219781856069	-19.020235217450235	10
0.0009708123107784505	-22.353421066995455	1
0.0008666214947928882	-18.63100624569995	24
0.0008268697274915015	-21.009534050650874	22
0.0007915408840526772	-20.25249126470695	5
0.0009024586214982692	-21.654948271725807	3
0.0007608493037098046	-19.929781178839306	6
0.0005860715549105307	-17.649655702252232	5
0.0005059887567707172	-18.155243587837273	18
0.0008775221705222089	-21.88700788952494	1
