T	U	Steps
0.001585008258716357	-23.924003760508214	1
0.00153837231529765	-23.69084280164902	1
0.0015732339816734412	-23.86513711122545	1
0.0014791564993439916	-20.907351270191196	13
0.0015347538613199505	-22.667491335419164	2
0.0008414420355006202	-16.115651157202887	10
0.0014585727865580663	-20.234256479788037	32
0.0013766824064195505	-16.76584868132386	6
0.0014002057558965477	-21.891181594796358	8
0.0011026043674237872	-18.623986362051262	15
0.001119687015583666	-19.571791025505977	6
0.0010664055023411403	-16.475192899455823	26
0.0015516577153108797	-23.757264457968944	1
0.0015762366758561956	-23.880149374374632	1
0.0011230748671714273	-17.719657228933166	4
0.0008317821460180665	-16.03967342990668	18
0.0015317665286869438	-23.65781652562104	1
0.0015987214657274477	-23.99256427974193	1
0.0010844254755361673	-17.147480675780983	15
0.001582291970333561	-23.91042341115869	1
0.0015147944518007458	-23.572962967817155	1
0.0015935132046569513	-23.96652506929253	1
0.0012160276551760212	-19.458170847841142	16
0.0011062749737293389	-19.338410947137373	9
0.001411089369879294	-20.277262615690724	5
0.0015811130831137896	-23.90452944924007	1
0.0011471360579505046	-16.556213842892603	3
0.0014755479287632428	-23.045246628888417	4
0.0014290788186190559	-17.58181212182999	48
0.0015409330033350642	-23.70364521185829	1
0.0014751980504060472	-23.374996887584327	1
0.0012460091380296077	-20.922437163475443	19
0.0010140409729854601	-17.79378852743667	10
0.00141289182889199	-22.539968562296487	2
0.0015250877471000082	-23.62442530407246	1
0.0015137982978576103	-23.567982598781462	1
0.0011790461926044584	-18.921112753162316	15
0.0010790925524943643	-17.914484710816385	3
0.0013926054337580177	-22.166798421733823	7
0.001107876734082366	-19.54049754567864	42
0.001564069124779031	-23.819316513106042	1
0.00137143405108515	-21.82734520185677	9
0.001482823235847759	-23.413119747737632	1
0.0013994072046510009	-20.170894794806568	10
0.0008613640372465965	-16.463890078814252	12
0.001519485682773439	-23.54572498210603	2
0.0012471384707213303	-19.942657846781074	6
0.0010942370888172566	-18.081160106703674	6
0.001489085681749214	-23.253881768470507	6
0.000981356817951557	-17.782450625414594	5
0.0013059659084398425	-18.78861763212388	30
0.0009115623546775464	-16.961252581666127	25
0.0012637163910173964	-20.421989863942407	14
0.0009277368742741849	-17.171646402111058	4
0.0015912348566584082	-23.955134245712834	1
0.0011584774839855912	-17.527509148858602	7
0.0015913331397108654	-23.955625621443023	1
0.0015595764597076734	-23.796854994820325	1
0.0014766737677839661	-17.67309236693314	17
0.001593394783027802	-23.965933008779157	1
0.0015647512116782772	-23.822726673248525	1
0.0015763511165102627	-23.880721531613844	1
0.0015647442954881449	-23.822692095079738	1
0.0015975140747744889	-23.986527810622345	1
0.0015782299659765247	-23.890115023221224	1
0.0010303625609968375	-17.42105788934088	15
0.0015965641338041624	-23.98177848786259	1
0.0011458736299729388	-20.513110181212575	9
0.0010100477525042853	-16.864151776262887	9
0.0015645503087535501	-23.821722239433463	1
0.0015672634255612782	-23.835286732183345	1
0.0014827518230652132	-23.412762712549046	1
0.0013720763323244844	-21.128230547843213	3
0.0015953363986630845	-23.97564030598539	1
0.0015439676369331718	-23.71881715923735	1
0.0012053924493161806	-19.278940280322942	5
0.001526849006162327	-23.633230890958156	1
0.0009069745600392957	-16.69976194855975	3
0.0015606690578863446	-23.802317546241223	1
0.0011284949167727396	-20.390260378127408	2
0.0008490876581105915	-16.456619650685997	3
0.0015654005925753137	-23.825973316535194	1
0.0010653199921564073	-16.627530440198953	11
0.0010720460519750721	-16.174225718366756	9
0.0015650963399115167	-16.783397559540784	8
0.0014711791699575814	-23.354904101844117	1
0.001388561063855279	-22.127152249202673	12
0.0015729508353365337	-23.863721493430003	1
0.0008828314239476375	-16.420834667935015	8
0.0015653532179112218	-23.8257364622701	1
0.0010884323350127656	-18.246811771148707	10
0.0015871747284204728	-23.934835237616245	1
0.0012362815485090417	-19.286484898173033	3
0.0012814249890464044	-20.18530477242127	27
0.0013850168932871857	-17.42105298780171	13
0.001444096733324638	-22.453392077158856	8
0.0009112737530765745	-16.537698099315424	9
0.0009341683568804984	-16.687428235676084	17
0.0008360129098290797	-16.07400321564876	4
0.0015690783645369904	-23.844360697044493	1
0.0014847816263955469	-23.42291091275906	1
0.001575102992938825	-23.87448141578562	1
0.001079284929341366	-17.458762400045224	16
0.0008926968508540008	-16.724801481493923	41
0.0014965063229806293	-23.26377297110436	6
0.0011171502347024477	-18.54081670458586	7
0.0015252103094331609	-23.62503806644035	1
0.0014685345407850622	-23.341682019722704	1
0.001001608432931991	-17.977102872090963	9
0.0014253178738444757	-22.332968036181917	3
0.001474703119815841	-23.37252243370773	1
0.0013371523435730351	-19.074829781072907	2
0.0015500457429540775	-23.749205244563694	1
0.0015245560334314484	-23.322931213928136	2
0.0010062116456100913	-16.295963682963798	5
0.0015120097914722481	-23.343214498651356	2
0.0010516931618299063	-17.62604171901096	3
0.0012710394866198374	-16.909793478582113	13
0.0010068591753455113	-17.723828077951254	15
0.0015873536315426655	-23.93572968126755	1
0.0008798511032409008	-16.542799915361396	7
0.0014520148326086118	-23.21725448700999	2
0.0014337043940599748	-23.16754529572174	1
0.0015749727112012945	-23.84984374485882	2
0.0015359948304023772	-22.857969609491523	2
0.0015843004562062634	-23.92046503265501	1
0.001547865273502899	-23.738303774351426	1
0.0011569462548126131	-17.889120636058962	6
0.0007948901961504737	-16.116607981538884	16
0.0015702143969151061	-23.85004040199221	1
0.0013058118743774424	-19.386946583278792	13
0.0013656818798265095	-17.507047473553776	12
0.0014963394877369719	-23.229064757579238	7
0.0012417932912115542	-18.463562393061483	2
0.0008639301300658224	-16.672312018430993	9
0.0012857957501077335	-19.757462473397325	16
0.0014742753773180682	-23.10762241409475	23
0.0008863831337315661	-16.152793959890136	11
0.0013822764458445006	-21.831583471963796	10
0.0010112689032463656	-17.93429863532358	7
0.0012393423875256507	-21.32430363616239	4
0.001597035274071766	-23.984133999695285	1
0.0015339830058435655	-23.449491418439678	17
0.0014470224905670423	-22.88590533228239	2
0.001232080060327388	-17.799428112066945	24
0.0015402731383886976	-23.50964292809	2
0.0008950017660790148	-16.568784042759816	8
0.0015138289216101795	-23.568135705226613	1
0.0009000892570678725	-16.959050156160735	8
0.0009059044653572429	-16.49423642014907	9
0.0009676021344927251	-17.230371368460933	7
0.001139807774468453	-18.83924835302055	13
0.001016918362142192	-18.018188148882757	10
0.0014055617310202702	-22.08922588917262	2
0.0008514285269537378	-16.01858600441638	3
0.0015349765001040601	-23.67386509156954	1
0.001010355910025757	-16.41444106076893	13
0.001571036420708544	-23.807683181426036	2
0.0015969558323772402	-23.98373682317625	1
0.0015948637136955644	-23.973277071274435	1
0.0011868319232375766	-20.396908503643868	9
0.0015536379505574115	-23.626687215169667	2
0.0010369563356942676	-17.702229374170958	3
0.001559348830477959	-23.795716940230367	1
0.0015296333751544987	-23.647151615970703	1
0.0015855065460862895	-23.92649499693326	1
0.001434769497294141	-21.817576525107317	11
0.0012693563988995977	-20.77116772296261	10
0.0011319730977475378	-18.599974304065036	19
0.0010089387407550136	-16.83911291594921	6
0.001579402111714777	-21.773377989141117	10
0.0008619066185364672	-16.769721933164433	6
0.0015556754624700341	-23.77735157771844	1
0.0009470005794785871	-17.009486062044587	10
0.0013460294821127754	-21.553320255190815	2
0.0008872222582761245	-16.744294940477154	10
0.0012091901640792651	-20.464593200218246	3
0.0015417654612885309	-23.707807166788584	1
0.001594964186214447	-23.973779393456088	1
0.0015756222416631641	-23.75779136354996	2
0.0010877890611274465	-16.7669381320409	3
0.0015619331653000566	-23.80863757485168	1
0.0008780045241858145	-16.34742576645271	9
0.0010312137940299874	-16.568892145502737	3
0.001533136707914588	-23.664666870636225	1
0.0010323122688951738	-17.456631287457377	6
0.0015919106696572164	-23.958513038876657	1
0.0013497160399858017	-17.72670807529085	7
0.001170172745083682	-17.56780219309404	2
0.001109914798620012	-18.746679578322073	11
0.0015873638495814723	-23.93578076735161	1
0.0008874823781423578	-16.390890249740618	17
0.001146661637983797	-17.018682992972785	11
0.0012131256018759876	-17.548148624571006	8
0.001268832441967582	-16.82100643020894	8
0.0015624806239667945	-23.745572211002344	2
0.0015758877986660365	-23.878405128751652	1
0.0008544393707896994	-16.660014681628468	6
0.0011696870575070729	-20.041548496235627	31
0.0011217536368598087	-17.370011526981283	10
0.0011376803236417725	-19.75397815417458	30
0.000839627709113091	-16.340937480625477	24
0.0015858883151428104	-23.92840368865805	1
0.0008446145292028531	-16.342377530305477	8
0.0015968043335188795	-23.98297938982137	1
0.0014960258884584236	-23.479127700327957	1
0.000843006288467797	-16.30307506584876	8
0.001103936543707913	-19.04411922281009	5
0.0009478414238281616	-17.120849630557064	8
0.0008214266694897798	-16.32115326741903	15
0.0012905610733342818	-21.34753884160462	12
0.0008514501918681604	-16.60349718057671	27
0.001575195876631951	-23.874945796890923	1
0.0014898464517176908	-23.448233002160432	1
0.0015343478868340876	-23.67072227806489	1
0.0008730273073348893	-16.966497161132448	15
0.0008590084065046985	-16.805987783678113	9
0.0015613353089476956	-23.62146579463533	2
0.001427355171068122	-16.384904043204138	9
0.0011224688887292438	-17.2063506093813	11
0.0012923012655194598	-19.64335246461227	5
0.001254847059596011	-18.632811897536925	6
0.0009267021823523868	-17.347003624337166	9
0.0012194787732095625	-16.248884995058575	3
0.0010277630865734957	-17.040013701372285	5
0.0014836546764055514	-23.41727661609877	1
0.0009912979164793	-17.853491355702175	4
0.0014367360762225251	-23.182702487110156	1
0.0015373824806446952	-23.685894026522444	1
0.0011092920658440347	-18.863215242884777	6
0.0013257582701850777	-21.51469587199444	2
0.0013747152385897054	-22.434515902174077	3
0.0015656133721974517	-23.82703712906018	1
0.001504962110057003	-23.523805213931496	1
0.0014545193735547328	-22.553664533890327	8
0.001559528457645707	-23.796615003818214	1
0.0009168844826825312	-16.203427035194878	6
0.0009969061628097855	-18.007592362216556	6
0.0010297998903166668	-16.34628522542703	9
0.001160147321545229	-18.861607245594243	5
0.0008868147734579728	-17.048492332095158	10
0.0011952003852083453	-19.107676544765827	22
0.0015703497932399793	-23.807471572341253	2
0.0009178931582731828	-17.314589259371033	9
0.0015747950131010308	-23.87294164047445	1
0.001507030736908567	-23.5341475161318	1
0.0015901280883396447	-23.949600849291084	1
0.0008921287512365572	-17.068344312867445	28
0.0015755058223467099	-22.549360442397024	5
0.0012539182761630745	-19.549798817055482	9
0.0011309378468104534	-20.352656072286862	11
0.0014569689489958588	-23.283858712769657	1
0.0009150074250519369	-16.94204854537104	7
0.0011016412651481686	-17.310856350752445	26
0.0015923571093540345	-23.960745057790657	1
0.0015722104380230491	-23.763136981319146	2
0.0008642634027982143	-16.832999566855374	6
0.001371105654821244	-19.038438477239552	10
0.0015067193761913683	-23.532590837783484	1
0.0015007381044834487	-23.5026868850727	1
0.0015159051862115884	-23.578516193104033	1
0.001482469921854603	-23.411353319884267	1
0.0013364487410679475	-21.71598858669213	13
0.0015514387353876928	-23.529460871363508	3
0.001394135140600177	-21.831362571465682	16
0.0009121256992979581	-16.13132233473293	19
0.001003900617215068	-16.379721922584494	6
0.0011662313063615947	-17.321373758938428	21
0.0012871796861661415	-21.297438119583358	9
0.0008265891598717793	-16.834644160693898	12
0.001295503552060671	-18.486762874175014	10
0.001158317833866544	-16.239247141127617	3
0.0009925335088487172	-16.554545947249864	15
0.0015785809301358167	-23.891869702850432	1
0.001540205715262077	-23.537233787824885	2
0.0009487864489781611	-16.96513777006147	8
0.0010938000827338302	-16.72940798768852	9
0.0013367415553765106	-21.475461640322465	7
0.0008689534600442077	-16.236414817673143	4
0.0015289855298238984	-23.28735594674465	7
0.0009455839663231096	-17.410342963420785	2
0.0010626582490127507	-18.05035828637846	7
0.001557213176448984	-23.78503952910315	1
0.001575530663605381	-23.87661959709773	1
0.0009246495033233	-16.612662850692313	23
0.001058345745994246	-17.81254492751917	4
0.0008152016977018227	-16.165524196940932	9
0.0015176551697417243	-23.58726540686413	1
0.0010324188194623337	-18.520654717516802	3
0.0008358174466345208	-16.087067118403912	6
0.0013757034964847511	-17.499845744056557	13
0.0008434064817345102	-16.748443284851746	6
0.0015190814511183619	-23.51720974870435	2
0.0015444197680315691	-23.721077632870013	1
0.0014873505608755183	-23.435754551864186	1
0.0009487769676389241	-16.39030580733678	6
0.0015548468727880401	-23.637180988668497	3
0.0013634557606994465	-18.457925289600787	14
0.0015786431542515352	-23.89218079840081	1
0.0015385366421319347	-20.117701178454723	8
0.0015708337100979973	-23.853136718802197	1
0.001462766557037714	-23.312844421024604	1
0.0014562614382133785	-22.666766531325074	13
0.001457139107829675	-21.34171279832156	18
0.0015679412989041375	-23.838675826238696	1
0.0014623236421768772	-23.31063002487273	1
0.00158780212690614	-23.937971977687987	1
0.0012091549771131086	-16.687024145384648	5
0.0011335389579863262	-17.926271453330664	3
0.0015858954170317058	-23.928439195245957	1
0.0010426303776398223	-16.1449447776234	18
0.0008820524913266482	-16.264078356035746	18
0.0008486116220782612	-17.09218912884002	5
0.0013416229647527928	-20.957890499470626	15
0.001336554061663285	-19.977799799534736	3
0.0015179169413948469	-23.58857415983812	1
0.001092893928763593	-18.294623810895366	2
0.0012867658776871955	-18.390183401922066	8
0.0009771397602707623	-17.31084765194108	2
0.0013032087888093632	-17.47650337234668	3
0.000906933114478851	-17.07008489757582	4
0.0014896859829736096	-23.447430722984883	1
0.001010723776579917	-16.48398911164733	11
0.0009047473082175635	-16.352773341035544	4
0.0014536814203759373	-19.933223826771922	2
0.0015245220799106598	-23.62159719565232	1
0.0008779717588683389	-16.04485381269916	8
0.0012271547360803213	-18.697602368883018	9
0.0015936415791863237	-23.967166890303695	1
0.0009816364858818262	-17.177785300563578	9
0.0013943965639484253	-22.054370060896655	18
0.001290129561194561	-21.18361314123756	5
0.0008406448455188935	-16.608014287966864	13
0.0009182632414374165	-16.48227809261014	6
0.0015565108169324064	-18.205740227798614	6
0.0008459734386873397	-16.425931137027792	11
0.0015894076764345186	-23.945999079534555	1
0.0015988634625046928	-23.99327420651322	1
0.0015748420286947227	-23.87317669953197	1
0.0010646062960146883	-19.005714152025917	4
0.001275896249032425	-18.447299556219104	20
0.0007581570924742779	-16.070084933944884	2
0.0015803100358820345	-23.900514536088554	1
0.0012122810758557808	-17.332943575327477	17
0.001018602895136237	-17.149773630571012	11
0.001530433863112916	-23.65115373378494	1
0.0015019246535470242	-23.50861915312854	1
0.0015388854585586566	-23.69340831155399	1
0.0008681689667179799	-16.640766735337404	11
0.0010543384620809056	-19.076705824579037	33
0.0014355487372510114	-22.732423411381887	3
0.0015190874178185336	-23.594426071159372	1
0.001447804271670045	-23.23803901242101	1
0.0012815301586543452	-16.197399670360678	6
0.0015988074586583665	-23.992994209807847	1
0.0015293996964524466	-23.64598331645232	1
0.0010902778043449415	-16.43357822653254	8
0.0008713780546519624	-16.630876072853873	8
0.0012035496827816502	-20.254750711683098	13
0.0010854206230461098	-17.708872342625263	17
0.0015262513179920007	-23.63024269051283	1
0.0008370197404123285	-16.46629234096156	21
0.0011747229136977659	-20.648189224712524	14
0.000986888588284515	-17.345586042020162	11
0.0015938574449822674	-23.96824613245637	1
0.0014740817018160047	-20.159688457197863	6
0.0012770251604018626	-18.3229934528861	6
0.0015755763680478493	-23.876848100926512	1
0.0008455574289316292	-16.05812951187642	9
0.0015994962378420665	-23.99643782868078	1
0.000987750222667339	-16.33623667115512	6
0.0014478225327002406	-23.238130310226907	1
0.0008237859835382903	-16.14437942867107	5
0.0014987748424595555	-23.492871364630172	1
0.0015686173528887911	-23.84205582423482	1
0.001533374533304583	-23.665855901926406	1
0.0015728703595641873	-21.352464609964105	5
0.0015596555716177684	-23.797250522549856	1
0.0015476810543385143	-23.73738275262742	1
0.0011307503981504894	-18.739110698040857	11
0.0015884694035616129	-23.894004331722233	2
0.0015277380452080492	-23.63767572859128	1
0.0012424142601467898	-19.2175186340866	12
0.0009671580885928222	-16.97526753318854	13
0.0013129559355431275	-18.362379765492435	9
0.0015740928526485458	-23.8694311206399	1
0.0012882825827435689	-17.872441160467428	4
0.0015650461889597943	-23.82420144100829	1
0.0009038579447589152	-16.499318877428852	11
0.0011155875762013418	-17.388337536400662	8
0.001594633453256639	-23.972125861696764	1
0.001130917835286742	-18.325934652415075	6
0.0010063143912504157	-17.924475492837118	10
0.0009017560073921004	-18.189751016297226	19
0.0015832838960365622	-23.91538264069442	1
0.0014922203342882378	-22.90339746353943	3
0.0014921338902989811	-23.459669274997385	1
0.0011020129222637446	-18.838119000855777	5
0.0011867147326744846	-16.275453563163786	3
0.0010719491445332538	-18.794844150282493	29
0.000907703248062973	-17.23483452112748	10
0.0008689245507901908	-16.048944723082712	9
0.0015376137349300536	-23.687050204932525	1
0.0008851373963131752	-16.75675003838579	6
0.0015580718475875924	-23.7893325394155	1
0.00153771540428319	-23.68755851080405	1
0.0015955611066385132	-23.976763755478927	1
0.0012026237959049304	-21.966624326254028	2
0.0011724792980526795	-18.710787070018213	3
0.0012924313613985087	-21.984016239061148	5
0.0014749784441002545	-23.373898944386944	1
0.001574143128222833	-23.86968247828914	1
0.0013360265892370527	-21.74944502595292	4
0.0010042429196290765	-16.348813958516303	16
0.0015943475225818253	-23.970696323331726	1
0.0013564521120637252	-22.065634685913295	6
0.0011697461298583644	-19.701391920623774	3
0.0010969344094078272	-17.755740042137518	9
0.0008907267937996133	-16.300272237653203	12
0.0010022968557710224	-16.90879636193526	14
0.0015039181044023565	-23.5185856055855	1
0.001479238574239547	-22.882099583771485	2
0.0014708916823328718	-23.24120286186837	2
0.001545837762272869	-23.72816703372098	1
0.0008893426590624679	-16.375565304419	7
0.0010265579182136507	-16.72959080239926	22
0.0008016524182319895	-16.569208823289824	4
0.0012892264036036053	-19.71607356542748	12
0.0014029237754486907	-18.707416983877515	4
0.0015526531445612707	-23.7622412038324	1
0.0014206186846985624	-22.34262133917454	6
0.0013297877830496453	-17.61755619922709	11
0.0011374569935738374	-19.56525307532433	14
0.0013486760780838341	-21.56071854764972	27
0.0015468064549018742	-23.7330101072317	1
0.0009431326808464113	-16.71287933914683	5
0.0015149590101048013	-23.573785693147645	1
0.001221847552798235	-16.608604743812005	24
0.001228696755595739	-20.83616512058167	15
0.0009961033336249412	-17.66751432375471	10
0.001197055707287501	-19.78938012286519	28
0.001490960493229158	-22.929509818579554	2
0.0009765011965970036	-17.655699706739803	8
0.001112752020616061	-18.876050451504344	16
0.0015242727562673523	-19.62543114900498	7
0.0014052199877256472	-23.02513472124663	1
0.001362682970621588	-21.65087329976778	5
0.0013404824367823241	-19.07414458213274	3
0.0015245374413479632	-23.621673996660054	1
0.0008875348027346176	-16.507536633977796	9
0.000872416102825688	-16.155635648353496	20
0.001567965976626859	-23.838799204926257	1
0.0015758351753233108	-23.878142033204547	1
0.0014946803020564902	-22.96927904715949	20
0.0014007634577631605	-19.518908724690615	13
0.0009223630546439434	-16.160224593508506	15
0.0015902379943618704	-23.935679873789386	2
0.0014938314275558969	-23.026275356389124	10
0.0013496467273114846	-22.733090439898653	2
0.0013578368238182429	-17.221152474503985	11
0.0009337587492606031	-17.393095540186422	6
0.0008676754424057665	-16.20599279380528	15
0.001111369618796999	-19.775925718621565	4
0.0015639828123853949	-23.818884985855036	1
0.0011063934645098614	-18.977732610575032	3
0.001145611001182348	-18.232309079054815	12
0.0014803593554942927	-23.400801337009433	1
0.0015422162034405716	-23.71006069624814	1
0.0011484184801841073	-16.93693782872176	19
0.0010691513328961381	-18.895660700270465	14
0.0009965983776917603	-17.93872368808532	3
0.0015981213603364693	-23.989563994165614	1
0.001323009406778564	-21.672128726397386	5
0.0013731738342958443	-22.25035799837078	10
0.0009214380062839191	-16.0199379700315	10
0.0010739622945478825	-16.819568092264696	9
0.000924057988272985	-17.457853389123116	17
0.0009814967542746726	-16.99435093416298	11
0.001487222081022012	-23.357383637268697	2
0.001418887435184413	-22.347697062934603	5
0.0015595041830803544	-23.796493640755337	1
0.0013768418162630055	-21.850189609595898	11
0.0011195330028971819	-19.22259848842304	4
0.0015422341302281158	-23.71015032297522	1
0.0009149723431867908	-16.936983041988032	8
0.0015461095396513207	-23.094717437749164	4
0.0011117108703275688	-16.514554808804654	9
0.0015971347514221043	-23.9846313464345	1
0.001539099604888384	-23.6944789570672	1
0.000864222480575491	-17.18624338688497	8
0.0015843310342099702	-23.920617910374247	1
0.0015044519101517222	-23.282941550467488	3
0.0009075084138108501	-16.21194026001944	4
0.0012910446708951464	-21.22421710629107	19
0.001136711425183508	-17.242072412342104	17
0.0013927503001477852	-22.28968798822583	4
0.0013523614850191163	-20.946816059329212	11
0.0012540147423669623	-20.73703635034584	2
0.0015447255930035378	-23.722606634718804	1
0.0015932062171528283	-23.96499025525057	1
0.0014819403842205546	-23.408705844708344	1
0.0010432430297493596	-17.107685451494888	37
0.0014024601648233727	-22.263921117935194	20
0.001594437378885555	-23.97114556870775	1
0.0015578319226887147	-23.788133011425373	1
0.0014946757158874233	-23.472377380548785	1
0.001313662147918752	-20.0619880822954	25
0.0013125650313099745	-19.98514610384118	30
0.001560390905770461	-23.800926897542087	1
0.0015884844798912576	-23.9413834681528	1
0.0015621758436139375	-23.809850868809324	1
0.0013315303215979	-18.828094580382334	2
0.0015875047727180582	-23.936485326351452	1
0.0009440627340674905	-17.062524998756416	21
0.0014919696190498176	-21.679584825950993	4
0.001374770439206696	-21.852498021662655	3
0.001592310792778843	-23.960513493544475	1
0.0015050642657620755	-23.049519488531057	6
0.001420993790424501	-22.689432974753093	41
0.0015773702688405289	-23.88581688333462	1
0.001318489218217762	-22.59151575916206	1
0.0013934939401522002	-21.03152766180949	4
0.0014347146840413918	-22.60334966283996	35
0.0015985142877563935	-23.991528473219226	1
0.0009812087557501269	-17.494351795894822	8
0.001563205147171129	-23.81499697258163	1
0.0011117250554172915	-17.342933658697213	8
0.001237608549749994	-21.020800324880906	8
0.001595665150513249	-23.97728393300335	1
0.0015798218111683258	-23.898073608897157	1
0.0015867549613949718	-23.932736571330363	1
0.0014646356059095152	-19.569061889298744	6
0.0014846121738335417	-23.42206371810743	1
0.001403217768886871	-22.20105848231536	8
0.001302525448970158	-19.470074409731517	9
0.001188160260076072	-17.78346064203764	29
0.0010395790517574526	-16.990573854345083	9
0.0015630547490867559	-23.81424504265393	1
0.0011065585088159292	-18.90235777418301	7
0.0015276385666609506	-23.637178375868743	1
0.0010203562036923026	-16.63490353484652	13
0.0014640227237678503	-23.319124749411145	1
0.0008508126570645919	-16.167124935449408	12
0.0016001906011503184	-23.99990936593039	1
0.0013203824760688824	-21.209863282577018	8
0.001351853868741316	-21.62224846344801	4
0.0011876793882305084	-17.720332208822633	4
0.0010868899523295264	-16.185209597734875	9
0.0015842695728453815	-22.622252284556055	39
0.0010991062852726992	-18.496443486477325	12
0.001000875968410653	-18.400517114990446	10
0.0015460159951521258	-23.729058126427194	1
0.0013359548582182188	-21.44207019765855	2
0.0011108813853933852	-16.527202247160556	6
0.0013623539572939932	-21.738602117967936	5
0.0015264950551534123	-23.631461278282227	1
0.0009254658669444796	-17.135931332331914	13
0.001430459278006148	-22.546216874753174	4
0.0014564915539676882	-22.58820142732848	33
0.0014127053640575434	-20.116842241349744	3
0.0011229502836935573	-17.70284657464078	24
0.0013746745218783892	-20.606057722195548	2
0.0014740265237227445	-23.36913972538744	1
0.0015234596835015236	-23.61628564093113	1
0.0015586978329959096	-23.79246221466887	1
0.0015923701872890877	-23.960810442205627	1
0.0010073696496535047	-18.332382033756584	18
0.0008549424485931866	-16.7578106206457	34
0.001556240211967236	-23.78017509804697	1
0.0009801992841765497	-18.10860681390507	7
0.0008701256514675251	-16.489866159909056	9
0.0009452747168550413	-16.591435885155292	14
0.001357472224802388	-21.95212761840791	2
0.001520908258418159	-23.603529541766296	1
0.0013437609340617945	-16.897211803152572	18
0.0015861523572326076	-23.929723792902188	1
0.00134684447810162	-20.22789378767607	8
0.0015344059701162377	-23.671012671112972	1
0.0014941239000579338	-23.469618523356548	1
0.001131015890899323	-19.34794960020257	10
0.0013679045094864327	-21.90851824285849	3
0.0011467762569378893	-18.37679469837978	6
0.0012424693959575952	-20.66914544569404	8
0.0009241654232733378	-17.458642587773042	14
0.001234414229507876	-20.27561881225264	7
0.0012287417677837912	-16.52625683031704	9
0.00155565878228509	-23.777268183502937	1
0.001459676892224736	-22.920324921850547	2
0.0009281985128927196	-17.36440181916194	25
0.0009100284344462205	-16.8807453150082	10
0.001140773202888297	-18.76217449170575	5
0.001147992845321802	-17.613962285389427	16
0.0015105972980014415	-23.148245509745642	5
0.0013388402461516908	-21.463294103873388	11
0.0015744457869861582	-23.87119565036825	1
0.001591814831567191	-23.958033886975194	1
0.0009648942728176302	-17.367050839330982	19
0.0014039672686274463	-21.610854542397643	23
0.0008889197347281367	-16.173058020672784	15
0.0013255531002191415	-19.163098527171385	14
0.00153678848282173	-23.682924276329565	1
0.0008498153930532021	-16.64173774915808	13
0.0011380501981801538	-16.248721129444164	10
0.0010538260312969487	-17.12083960425324	8
0.0011300574245838757	-18.304728960341265	3
0.0013895866092993605	-21.982150474316494	5
0.0014604284488212078	-23.301154820392263	1
0.001053537086463856	-18.12934449001198	7
0.001468972843953013	-21.654439292469693	4
0.0009731745893061161	-16.143301177620636	4
0.0015474173881874329	-23.73606452792565	1
0.0007883968137636835	-16.059275788838463	8
0.0014976214318249003	-23.48710477538977	1
0.0015840627310858702	-23.9192765026725	1
0.0015441515552621263	-23.71973667690521	1
0.0008554900075299214	-16.47029451884492	2
0.0008533386077045261	-16.039096156591015	3
0.0009288909317755281	-16.58782046022659	13
0.001319189369289826	-21.33514372312903	3
0.0015319245514449815	-23.658606575850214	1
0.0015835789100878172	-23.91685759228809	1
0.0015509145944143923	-23.75354915238977	1
0.0009890532021983901	-17.026220303266058	5
0.001262162442701334	-20.73510842049297	4
0.0011481270603359997	-18.663051573686133	2
0.0015751093355277131	-23.874513126178904	1
0.0009300033291354713	-16.217200765019644	13
0.0015032758149291958	-18.998533090274293	3
0.0012446336950211138	-18.870965792858826	5
0.0010127769359503977	-16.398561337467846	11
0.0015861311828003857	-23.929617929258008	1
0.001008051082635726	-16.4479555499764	8
0.001534985796094242	-23.67391156778135	1
0.0014188422343596517	-19.459734487125793	3
0.001518763953026228	-23.592808877304112	1
0.001122652107001942	-17.914554949808657	16
0.0011984983644299705	-18.63067755442078	5
0.0008391833014468275	-16.19434033916344	4
0.0013037331611165087	-21.125984772385227	18
0.0012844672840989831	-19.75388054441852	5
0.0013312624584840259	-21.436668507864642	4
0.0015587659781530231	-23.792802913044618	1
0.0014450741347458002	-22.805366537536223	2
0.0015941017714921405	-23.96946766673102	1
0.0010673749101700251	-17.770474815617522	3
0.0015777288580892603	-23.88760968534401	1
0.0015452737724362428	-17.693179360303503	3
0.001297789400299644	-21.23599952544343	5
0.0009497832417653037	-16.49877308557693	7
0.0015527504295047166	-23.762727589419004	1
0.0010565855382923626	-18.276425777726065	11
0.0014883918758149474	-23.248616561668875	2
0.0014160930556577215	-22.309899198791435	11
0.0014942449063449724	-23.041642921861932	20
0.001338169740523725	-21.844646767583257	3
0.0012507168662192498	-19.892162024799877	9
0.0009276489169096855	-16.587618665611195	24
0.0014345564367759976	-23.171805166587294	1
0.0010416116466266132	-17.29242210691676	10
0.0014464335254794128	-17.49773347865294	10
0.0010190111099721518	-18.06059485977318	5
0.0015964417955814496	-23.981166845956764	1
0.0012579209271629452	-19.89410789460921	45
0.0015861641534374148	-23.92978276918147	1
0.0008064748677807563	-16.30994631779781	40
0.0009523112974416171	-16.885721561047724	4
0.0008228684501817214	-16.446886260724423	26
0.0012628764339140855	-20.884140312427554	2
0.0009822726788337223	-17.756800571628908	8
0.0009481380876681367	-16.921336098942067	6
0.0012944548895909322	-19.113405426204018	20
0.0015654640865356622	-23.826290760797953	1
0.001559828895018231	-23.798117069836824	1
0.0015882938192327359	-23.94043024154905	1
0.0015052687620636597	-23.525338350621073	1
0.0007994968506535554	-16.098867077686865	16
0.0013172945293454179	-18.238585360277987	27
0.0010063606789777572	-17.174526100284	6
0.0015341890369154924	-23.480701537094472	2
0.0008266876410406938	-16.408667594779807	28
0.0015809234653952672	-23.903581436916824	1
0.0010873091684469633	-18.634602259225748	4
0.0015973028862186905	-23.985471952789087	1
0.0011579469140372385	-17.222448373936817	2
0.0014113815349287532	-23.055939978921682	1
0.0013588805407943195	-22.79345612556545	1
0.0015743986300755825	-23.87095988478315	1
0.0011726726176206717	-19.842946435962425	5
0.0015886891443264886	-23.895025139570297	2
0.001223207972354228	-16.296441654220565	8
0.0015030740829843961	-23.514365837983878	1
0.0014501923203497703	-22.50299639308934	3
0.0014873095810756041	-23.022417336065814	13
0.0010245188647725076	-17.37999572308771	3
0.0011357959582158374	-18.139356270228674	22
0.0013783759976164715	-21.61120860084411	2
0.0015221537511519287	-23.60975650446437	1
0.0010494374212030573	-16.81148400573085	4
0.0008912500226190836	-16.19181318956332	10
0.000764048191045299	-16.00991100140521	6
0.001597092316396593	-23.98441918837546	1
0.001488916373895038	-22.919665192482984	4
0.0014043987349360138	-16.45382639656818	19
0.0015565965210232748	-23.781956500010047	1
0.001502246472132026	-23.445101644846016	3
0.0010650795658338676	-17.700037823991682	33
0.0015799173657597596	-23.898551343419697	1
0.0015851259372372149	-23.924592105779034	1
0.0015270832799847021	-23.63440216583878	1
0.0011733492492155546	-16.529347679843834	14
0.001104432264369833	-16.178160876778428	16
0.0008588961290433601	-16.16428650736164	11
0.0008528928879847743	-16.43529337769747	8
0.0015968294090594342	-23.98310475743809	1
0.0010891516896464504	-16.781677433213364	12
0.001000526907068999	-18.15695268953519	8
0.0008609068452334452	-16.733979264230072	4
0.0015453202123568493	-23.725579492313415	1
0.0015212528961655338	-23.60525259188057	1
0.0015884410326019035	-23.941166249181702	1
0.0015209509809356611	-23.483030218893706	7
0.0010275984268573858	-17.01928069211698	8
0.0010020711132092083	-17.73371204396945	6
0.0009692189714579768	-16.615669375679857	6
0.0009790047869496104	-16.43007678858657	8
0.0014896297824472226	-22.914147638373272	15
0.0010080588220077523	-16.413309003144356	3
0.0011381874586699036	-18.47307778375148	31
0.0015872946142435485	-23.93543461851031	1
0.0014910419095791072	-23.260136845813403	2
0.0010296454751743918	-16.20702631326116	20
0.0012101263918563449	-19.96660203101557	4
0.0009363370183285411	-17.494160201534232	19
0.0015683892992636884	-23.840915647838628	1
0.0011477588661205878	-16.089892498476495	8
0.001568109856361695	-23.839518545728133	1
0.0009837336487152687	-16.445344911526725	5
0.0015398993300335501	-23.540597132363327	2
0.0009681590146576311	-17.830149302257375	14
0.0011900660756633626	-20.40433742064731	9
0.00114582810491094	-17.978894649926637	16
0.0009755391427221879	-18.011198128695458	7
0.0013937589398159494	-20.323644500910383	8
0.0015743713062272974	-23.870823276532114	1
0.0009761284657167969	-16.959255906103117	9
0.0015597146986784049	-23.797546134070537	1
0.0015374938624840096	-23.686450890918234	1
0.0008407390194650683	-17.465048260738293	5
0.0014472513404471478	-22.515064872230802	12
0.0014831903388631668	-23.414955115155934	1
0.0015786375517883716	-23.892152788338453	1
0.0008900336857467705	-17.250306322121332	3
0.000933228984820774	-17.629272509351306	8
0.0012211832821196476	-21.404132532840908	2
0.00142548192601634	-22.455096493028393	5
0.0014337953546841075	-22.712088867460686	2
0.0014958108672488292	-23.478052680767316	1
0.0010533539062484642	-16.339051549916313	11
0.0007940835598192027	-16.454905566111634	15
0.0013694994642619068	-18.621363786748283	11
0.0015290805420500667	-23.64438767281293	1
0.0008353168082178454	-16.3960712558718	8
0.0015890139402409196	-23.94403055693788	1
0.0009052661414448253	-16.697452725994847	12
0.0013718356346876421	-22.236817050484078	11
0.0009408734408006421	-16.602908620596608	13
0.0014325121884646683	-17.221322406304573	7
0.0008497967677737014	-16.021542022204663	6
0.0015494410513371866	-23.746182029702517	1
0.0015406737910772861	-23.702349254831567	1
0.0011576556755918844	-17.145120812517145	9
0.0015572610220251047	-23.78527873773897	1
0.0015331981610953844	-23.664974111822072	1
0.0014640440643163336	-22.842076387662054	22
0.001454778440453691	-21.384590338979752	36
0.0014953476347967355	-23.475736704831437	1
0.0008153224930815414	-16.176939333131326	21
0.00159711569190014	-23.98453605649094	1
0.001557010519998485	-21.30703637585006	7
0.001531849613521599	-23.359568111716403	5
0.0015533059462684584	-23.765504949793886	1
0.0015431005845999099	-23.714482246322873	1
0.0013664002419347156	-16.89943031436709	5
0.0012502147668852046	-17.88719417118336	7
0.0012324375588494947	-21.26916148217241	5
0.000880261277537237	-16.984413622175865	12
0.0011252751879742022	-16.144351007096226	14
0.0008480587744111359	-16.02864300000965	4
0.001178477326619906	-20.285669600716858	4
0.001332479854896463	-18.65931059137229	7
0.0007975369218637225	-16.071042567833192	6
0.0015492244786708149	-23.50769649387179	6
0.0013855939416685455	-16.303338232791805	16
0.0014606911502357735	-22.985005366747885	2
0.001577141709723734	-23.88467417968329	1
0.0008678337108913089	-16.107377048155968	18
0.001344716069381664	-21.61883691791184	10
0.000950126439653797	-16.519038431456757	7
0.0008659064611826943	-16.551832214659704	19
0.0008896166347224545	-16.122142685035055	8
0.0010817951038060538	-17.22496327458724	6
0.0009750432834876112	-16.81645480037974	9
0.0014334251499488035	-22.384762086555444	7
0.0009410322119022467	-17.789662584882137	8
0.0011670216213421414	-19.687438782806087	5
0.0014761899142818173	-23.379955808008773	1
0.0013868964243434995	-19.952483045771235	6
0.0013887605746344428	-21.965702137205383	21
0.0013751696680464743	-21.804115609748667	8
0.0015693575494500449	-16.127755786610873	7
0.0009947991040225022	-16.88228466859626	2
0.0011892093952773262	-17.26520306411848	13
0.0015913242647446293	-23.955581250181595	1
0.0013258374579746353	-21.480901190298017	2
0.0015898467299151067	-23.948194170338347	1
0.001015755556721325	-18.338111241192813	32
0.0012563896707870523	-20.687250498950675	5
0.0015823501314303759	-23.910714193248804	1
0.0011552581577295063	-19.179502440368037	3
0.0008406097973361879	-16.41539310952058	9
0.0012980518251430781	-21.216235153202362	4
0.0011854380613519255	-19.026194804970316	9
0.0014916784380867507	-22.08040584548148	26
0.0008316695837255385	-16.306565393707572	24
0.0009916151991910631	-17.190390362946765	7
0.0014796158641826524	-23.237516085809904	3
0.0009959157065251767	-17.14799011837136	8
0.0015955061069829924	-23.976488779323663	1
0.0008139421724407275	-16.476327062511498	3
0.0009237011171800072	-16.5849575277743	3
0.0011408633334391114	-18.96131010018869	5
0.0015065036008024336	-21.65359706264049	14
0.0009581228444580442	-16.044838683683324	14
0.0015160283166799056	-23.344647839984756	3
0.00153130554612721	-23.65551179824199	1
0.0015814773618827015	-23.906350696561883	1
0.0010630282112063212	-19.04553527297948	4
0.0015451268333960954	-23.72461267529188	1
0.0009429721690431301	-17.150763997083253	2
0.0013842479230857367	-22.17097947692363	3
0.0012677342791538402	-19.645580733558724	8
0.0014942656130818065	-23.217625302941283	2
0.001597797474777605	-23.9879446966468	1
0.0011039109974639283	-19.463538249025476	7
0.000832002059012578	-16.451035297937544	4
0.0009055841837470999	-16.58443247381549	9
0.001504107034139857	-23.0778078228195	4
0.001002991085620447	-17.2904245756804	7
0.0010559737026361454	-18.633100733179965	24
0.0008525773114449076	-16.83462092462578	10
0.001299918955382216	-21.063903595686792	7
0.0015176964776661014	-20.825479189011816	7
0.0008070004819615637	-16.084356938632478	15
0.0015949678795937159	-23.973797858866856	1
0.0015494008486643077	-23.74598103250872	1
0.0010016313944493978	-16.259469374579634	12
0.0011280531582112607	-17.218096131521122	5
0.0009395441223832285	-17.465704190420112	6
0.0008079652275728379	-16.217165273166103	19
0.0009104754000767684	-17.171066932034424	13
0.0014766326686116095	-23.38216940157	1
0.0008907999203776844	-16.554608600118986	11
0.0013810964567759648	-22.24875441007417	2
0.0008053252150334729	-16.231728930381056	2
0.0010896646088843667	-18.76213859536471	10
0.0014091754425401984	-22.21208909250659	15
0.0009787660317115074	-18.481562772115044	9
0.0015573501150249304	-23.785724166902487	1
0.0009952073985168854	-17.402731596981912	6
0.0009047355084065601	-17.202228911576825	7
0.0010992461411262827	-16.113643209327343	2
0.0014745991842110078	-23.372002797489266	1
0.0008532277652796526	-16.657582397342974	7
0.0009411237911769417	-17.072954717231422	8
0.0009661997190885891	-17.897394077455203	8
0.0014987402871924427	-21.050074338379705	5
0.0013462263372570704	-17.009696411960718	5
0.0015475186999274857	-23.736571045875603	1
0.0014057421676074	-16.929707949212705	15
0.0009758898601522531	-16.82190168621541	3
0.0012689576282343255	-20.195112289849654	9
0.0010387120521774425	-17.791182014990888	4
0.0015633671424928508	-23.81580688403135	1
0.0011696078827217425	-18.997494544353465	13
0.0007777326898437385	-16.831355063357687	5
0.001359287609104856	-22.067291532605953	8
0.0015676529861376476	-23.83723437837342	1
0.0015933713025826873	-23.96581561599805	1
0.0015338269011209225	-23.385603631622427	21
0.0014884804988271074	-22.89072556548639	5
0.0011773604991454408	-17.54036805920893	3
0.0010036020302437178	-17.21586117295725	4
0.000982691460350929	-16.768138308470203	6
0.0012296383800661863	-20.715535293887807	46
0.0009651520977481585	-17.402081646572427	17
0.0010816053921206407	-16.32263724924035	7
0.001055985111697001	-19.143751295799603	6
0.0007889863713820522	-16.11986957541333	4
0.0015909363626330998	-23.953641895648637	1
0.0008428833225519683	-16.529135567435013	12
0.000960192964924279	-16.616015290332143	4
0.0008385551063977908	-16.03365893125634	15
0.0015743886787196956	-23.870910132006422	1
0.001439448771057203	-23.196264870164516	1
0.001596326227053361	-23.980589049801097	1
0.0013188784557188742	-22.075666584526132	9
0.0009181005734657812	-16.099048607983065	24
0.0015313593859980405	-20.036114565570706	20
0.0015021889489377628	-16.053495363688562	16
0.0009166400757694007	-17.102179955303868	11
0.0010815137216216594	-18.463703670637543	4
0.0007922492852240423	-16.08834617000839	6
0.0008723701454884234	-16.35802589529642	7
0.000836824278057851	-16.573506594231404	11
0.0008314560650385845	-16.288546923203633	19
0.0010571631278779234	-18.43051977656699	7
0.0015609427377621644	-23.80368583553889	1
0.0015179654484264984	-23.203815507858923	4
0.0012721372296711426	-21.709620748643644	11
0.0015730845249021614	-23.86438988748459	1
0.0015167905544596866	-18.326722080074624	9
0.0008694105078422217	-16.47051867363539	11
0.0014785227871871617	-23.304431110337504	2
0.0013299460243274257	-21.322939020698485	33
0.0015738058184113317	-23.86799606490674	1
0.001529973613376599	-23.648852670228216	1
0.001162702260453599	-16.635501464309044	31
0.0015275702101094223	-21.987895316780712	4
0.0010507211908540406	-17.656007940729243	12
0.0009373969074479362	-17.192945143302186	12
0.0015622553421547082	-23.670153317640555	2
0.0011626310823337348	-18.14513936401589	4
0.0015987068957706461	-23.992491435818355	1
0.001494550090552666	-22.955628733928325	5
0.0015783520492679442	-23.890725390573127	1
0.0015908148358827264	-23.953034310778108	1
0.001019614729937283	-18.258010759076242	17
0.001116318639048289	-19.141968220218263	17
0.0015390735329645548	-23.58719569463391	2
0.0014723587739782563	-21.66349240216538	10
0.0008467501760950643	-16.753399895767252	8
0.0015162503039700761	-23.5802416430808	1
0.001263567027101807	-20.311193280120012	20
0.0011511061095775155	-19.967306191204656	12
0.0015406278507645193	-23.702119571746167	1
0.0015460386348814378	-23.72917131596744	1
0.0015323233790079085	-23.660600553245644	1
0.0009652258745155338	-16.578105506418876	9
0.0015319293136842242	-23.65863038513093	1
0.0010203418862467968	-18.577230380283314	9
0.0010900822782693414	-17.9182148958754	15
0.000885534555299653	-16.401691125786506	20
0.0010793303310726644	-17.369762467502163	2
0.0008431501630731559	-16.464151613038897	13
0.0015920419550939436	-23.959169413253747	1
0.001312409694298886	-19.32976540587452	8
0.0009522571115642253	-17.758745722565692	4
0.0013827822158676787	-17.564146094525412	14
0.001525223282532762	-16.865540137151818	4
0.0014755114455373213	-23.376563737184725	1
0.0012448205794266894	-20.960773361448656	6
0.0010349343044876531	-17.751657419197077	28
0.0009071002674253559	-16.331864833637276	7
0.000877041001809132	-16.956130665683112	10
0.0012939790279509152	-16.07606314811261	22
0.001506164322355278	-23.529815791860656	1
0.0010945199554601727	-18.242252197978317	6
0.0015999129411819715	-23.998521177770982	1
0.0011897900003809238	-18.39183063393798	22
0.001589084718326175	-23.944384418895297	1
0.0011580360752504839	-17.450577927116562	4
0.0014549920025430998	-22.768512890429847	5
0.0015919647309100163	-23.958783323395764	1
0.0010188531861312661	-18.176119874574347	27
0.0009607523186007405	-16.230889406021838	18
0.0015998598999570146	-23.998255992980805	1
0.0008003003466269307	-16.160463142055363	8
0.0011229669327706363	-17.39382516997914	7
0.0015936742089269111	-23.96733002588207	1
0.0010005538561666113	-18.234679972797696	4
0.0011526347369539406	-17.33119940450929	5
0.0015859844099180029	-23.928884123882103	1
0.0015803562590071508	-23.900745633121947	1
0.0010731566649075461	-18.847282783047376	6
0.0015724575805376208	-23.861255417835828	1
0.001281395646183136	-20.291138457587557	8
0.0013361152855371524	-16.68081516899732	7
0.0014810993691413245	-22.897797371916663	3
0.00149387285152619	-23.075174211557652	4
0.0015588543613814145	-23.793244793636454	1
0.0015898126002382368	-23.94802353568187	1
0.0014735997602467014	-22.772969253220182	12
0.0009118261189688558	-16.594624431661565	46
0.0014523815169932743	-22.585833750445797	10
0.0013117256669943219	-16.060870552918814	12
0.0013544957325427487	-20.425174601509806	7
0.001436602181756633	-22.641139228001755	28
0.0009068035628579061	-16.429479140937808	5
0.0015737243861110696	-23.867588936159702	1
0.001515673485810411	-23.577357784294296	1
