T	U	Steps
2.843643818273534	-120	0
2.843643818273534	-120	0
2.843643818273534	-120	0
2.843643818273534	-120	0
2.843643818273534	-120	0
2.843643818273534	-120	0
2.843643818273534	-120	0
2.843643818273534	-120	0
2.843643818273534	-120	0
2.843643818273534	-120	0
2.843643818273534	-120	0
2.843643818273534	-120	0
2.843643818273534	-120	0
2.843643818273534	-120	0
2.843643818273534	-120	0
2.843643818273534	-120	0
2.843643818273534	-120	0
2.843643818273534	-120	0
2.843643818273534	-120	0
2.843643818273534	-120	0
2.843643818273534	-120	0
2.843643818273534	-120	0
2.843643818273534	-120	0
2.843643818273534	-120	0
2.843643818273534	-120	0
2.843643818273534	-120	0
2.843643818273534	-120	0
2.843643818273534	-120	0
2.843643818273534	-120	0
2.843643818273534	-120	0
2.843643818273534	-120	0
2.843643818273534	-120	0
0.0002557108912268826	-19.778301602316755	1
2.843643818273534	-120	0
2.843643818273534	-120	0
2.843643818273534	-120	0
2.843643818273534	-120	0
2.843643818273534	-120	0
2.843643818273534	-120	0
2.843643818273534	-120	0
2.843643818273534	-120	0
2.843643818273534	-120	0
2.843643818273534	-120	0
2.843643818273534	-120	0
2.843643818273534	-120	0
2.843643818273534	-120	0
2.843643818273534	-120	0
2.843643818273534	-120	0
2.843643818273534	-120	0
2.843643818273534	-120	0
2.843643818273534	-120	0
2.843643818273534	-120	0
2.843643818273534	-120	0
2.843643818273534	-120	0
2.843643818273534	-120	0
2.843643818273534	-120	0
2.843643818273534	-120	0
2.843643818273534	-120	0
2.843643818273534	-120	0
2.843643818273534	-120	0
2.843643818273534	-120	0
2.843643818273534	-120	0
2.843643818273534	-120	0
2.843643818273534	-120	0
2.843643818273534	-120	0
2.843643818273534	-120	0
2.843643818273534	-120	0
2.843643818273534	-120	0
2.843643818273534	-120	0
2.843643818273534	-120	0
2.843643818273534	-120	0
2.843643818273534	-120	0
2.843643818273534	-120	0
2.843643818273534	-120	0
2.843643818273534	-120	0
2.843643818273534	-120	0
2.843643818273534	-120	0
0.0005152127455936413	-21.075706495505262	1
2.843643818273534	-120	0
2.843643818273534	-120	0
2.843643818273534	-120	0
2.843643818273534	-120	0
2.843643818273534	-120	0
2.843643818273534	-120	0
2.843643818273534	-120	0
2.843643818273534	-120	0
2.843643818273534	-120	0
2.843643818273534	-120	0
2.843643818273534	-120	0
2.843643818273534	-120	0
2.843643818273534	-120	0
2.843643818273534	-120	0
2.843643818273534	-120	0
2.843643818273534	-120	0
2.843643818273534	-120	0
2.843643818273534	-120	0
2.843643818273534	-120	0
2.843643818273534	-120	0
2.843643818273534	-120	0
2.843643818273534	-120	0
2.843643818273534	-120	0
2.843643818273534	-120	0
2.843643818273534	-120	0
2.843643818273534	-120	0
2.843643818273534	-120	0
0.0004655786483155217	-20.827555973287353	1
2.843643818273534	-120	0
2.843643818273534	-120	0
2.843643818273534	-120	0
2.843643818273534	-120	0
2.843643818273534	-120	0
2.843643818273534	-120	0
0.0002412218727795731	-19.705862337954233	1
2.843643818273534	-120	0
2.843643818273534	-120	0
2.843643818273534	-120	0
2.843643818273534	-120	0
2.843643818273534	-120	0
2.843643818273534	-120	0
2.843643818273534	-120	0
2.843643818273534	-120	0
2.843643818273534	-120	0
2.843643818273534	-120	0
2.843643818273534	-120	0
2.843643818273534	-120	0
2.843643818273534	-120	0
2.843643818273534	-120	0
2.843643818273534	-120	0
2.843643818273534	-120	0
2.843643818273534	-120	0
2.843643818273534	-120	0
2.843643818273534	-120	0
2.843643818273534	-120	0
2.843643818273534	-120	0
2.843643818273534	-120	0
2.843643818273534	-120	0
2.843643818273534	-120	0
2.843643818273534	-120	0
2.843643818273534	-120	0
2.843643818273534	-120	0
2.843643818273534	-120	0
2.843643818273534	-120	0
2.843643818273534	-120	0
2.843643818273534	-120	0
2.843643818273534	-120	0
2.843643818273534	-120	0
2.843643818273534	-120	0
2.843643818273534	-120	0
2.843643818273534	-120	0
2.843643818273534	-120	0
2.843643818273534	-120	0
2.843643818273534	-120	0
2.843643818273534	-120	0
2.843643818273534	-120	0
2.843643818273534	-120	0
2.843643818273534	-120	0
2.843643818273534	-120	0
2.843643818273534	-120	0
2.843643818273534	-120	0
2.843643818273534	-120	0
2.843643818273534	-120	0
2.843643818273534	-120	0
2.843643818273534	-120	0
2.843643818273534	-120	0
2.843643818273534	-120	0
2.843643818273534	-120	0
2.843643818273534	-120	0
2.843643818273534	-120	0
2.843643818273534	-120	0
2.843643818273534	-120	0
2.843643818273534	-120	0
2.843643818273534	-120	0
2.843643818273534	-120	0
2.843643818273534	-120	0
2.843643818273534	-120	0
2.843643818273534	-120	0
2.843643818273534	-120	0
0.00047190968284835274	-20.859208599438656	1
2.843643818273534	-120	0
2.843643818273534	-120	0
2.843643818273534	-120	0
2.843643818273534	-120	0
2.843643818273534	-120	0
2.843643818273534	-120	0
2.843643818273534	-120	0
2.843643818273534	-120	0
2.843643818273534	-120	0
2.843643818273534	-120	0
2.843643818273534	-120	0
2.843643818273534	-120	0
2.843643818273534	-120	0
2.843643818273534	-120	0
2.843643818273534	-120	0
2.843643818273534	-120	0
2.843643818273534	-120	0
2.843643818273534	-120	0
2.843643818273534	-120	0
2.843643818273534	-120	0
0.00028388108693986393	-19.91914125006912	1
2.843643818273534	-120	0
2.843643818273534	-120	0
2.843643818273534	-120	0
2.843643818273534	-120	0
2.843643818273534	-120	0
2.843643818273534	-120	0
2.843643818273534	-120	0
2.843643818273534	-120	0
2.843643818273534	-120	0
2.843643818273534	-120	0
2.843643818273534	-120	0
2.843643818273534	-120	0
2.843643818273534	-120	0
2.843643818273534	-120	0
2.843643818273534	-120	0
2.843643818273534	-120	0
2.843643818273534	-120	0
2.843643818273534	-120	0
2.843643818273534	-120	0
2.843643818273534	-120	0
2.843643818273534	-120	0
2.843643818273534	-120	0
2.843643818273534	-120	0
2.843643818273534	-120	0
6.097470879757117e-05	-18.804699018315326	1
2.843643818273534	-120	0
2.843643818273534	-120	0
2.843643818273534	-120	0
2.843643818273534	-120	0
2.843643818273534	-120	0
2.843643818273534	-120	0
2.843643818273534	-120	0
2.843643818273534	-120	0
2.843643818273534	-120	0
2.843643818273534	-120	0
2.843643818273534	-120	0
2.843643818273534	-120	0
2.843643818273534	-120	0
2.843643818273534	-120	0
2.843643818273534	-120	0
2.843643818273534	-120	0
2.843643818273534	-120	0
2.843643818273534	-120	0
2.843643818273534	-120	0
2.843643818273534	-120	0
2.843643818273534	-120	0
2.843643818273534	-120	0
2.843643818273534	-120	0
2.843643818273534	-120	0
2.843643818273534	-120	0
2.843643818273534	-120	0
2.843643818273534	-120	0
2.843643818273534	-120	0
2.843643818273534	-120	0
2.843643818273534	-120	0
2.843643818273534	-120	0
2.843643818273534	-120	0
2.843643818273534	-120	0
2.843643818273534	-120	0
2.843643818273534	-120	0
2.843643818273534	-120	0
2.843643818273534	-120	0
2.843643818273534	-120	0
2.843643818273534	-120	0
2.843643818273534	-120	0
2.843643818273534	-120	0
2.843643818273534	-120	0
2.843643818273534	-120	0
2.843643818273534	-120	0
2.843643818273534	-120	0
2.843643818273534	-120	0
2.843643818273534	-120	0
2.843643818273534	-120	0
2.843643818273534	-120	0
2.843643818273534	-120	0
2.843643818273534	-120	0
2.843643818273534	-120	0
2.843643818273534	-120	0
2.843643818273534	-120	0
2.843643818273534	-120	0
2.843643818273534	-120	0
2.843643818273534	-120	0
2.843643818273534	-120	0
2.843643818273534	-120	0
2.843643818273534	-120	0
2.843643818273534	-120	0
2.843643818273534	-120	0
2.843643818273534	-120	0
2.843643818273534	-120	0
2.843643818273534	-120	0
2.843643818273534	-120	0
2.843643818273534	-120	0
2.843643818273534	-120	0
2.843643818273534	-120	0
2.843643818273534	-120	0
2.843643818273534	-120	0
0.00019437173965928305	-19.47163051674	1
2.843643818273534	-120	0
2.843643818273534	-120	0
2.843643818273534	-120	0
2.843643818273534	-120	0
2.843643818273534	-120	0
2.843643818273534	-120	0
2.843643818273534	-120	0
2.843643818273534	-120	0
2.843643818273534	-120	0
2.843643818273534	-120	0
2.843643818273534	-120	0
2.843643818273534	-120	0
2.843643818273534	-120	0
2.843643818273534	-120	0
2.843643818273534	-120	0
2.843643818273534	-120	0
2.843643818273534	-120	0
2.843643818273534	-120	0
0.00031176609459007904	-20.058555072217985	1
2.843643818273534	-120	0
2.843643818273534	-120	0
2.843643818273534	-120	0
2.843643818273534	-120	0
2.843643818273534	-120	0
2.843643818273534	-120	0
2.843643818273534	-120	0
2.843643818273534	-120	0
2.843643818273534	-120	0
2.843643818273534	-120	0
2.843643818273534	-120	0
2.843643818273534	-120	0
2.843643818273534	-120	0
2.843643818273534	-120	0
2.843643818273534	-120	0
2.843643818273534	-120	0
2.843643818273534	-120	0
2.843643818273534	-120	0
2.843643818273534	-120	0
2.843643818273534	-120	0
2.843643818273534	-120	0
2.843643818273534	-120	0
2.843643818273534	-120	0
2.843643818273534	-120	0
2.843643818273534	-120	0
2.843643818273534	-120	0
2.843643818273534	-120	0
2.843643818273534	-120	0
2.843643818273534	-120	0
2.843643818273534	-120	0
2.843643818273534	-120	0
2.843643818273534	-120	0
2.843643818273534	-120	0
0.0002111180264419899	-19.555355214845296	1
2.843643818273534	-120	0
2.843643818273534	-120	0
2.843643818273534	-120	0
2.843643818273534	-120	0
2.843643818273534	-120	0
0.0005491331221207604	-21.245294734450496	1
2.843643818273534	-120	0
4.705764044453498e-05	-18.73511927437042	1
2.843643818273534	-120	0
2.843643818273534	-120	0
2.843643818273534	-120	0
2.843643818273534	-120	0
2.843643818273534	-120	0
2.843643818273534	-120	0
2.843643818273534	-120	0
2.843643818273534	-120	0
2.843643818273534	-120	0
2.843643818273534	-120	0
2.843643818273534	-120	0
2.843643818273534	-120	0
2.843643818273534	-120	0
2.843643818273534	-120	0
2.843643818273534	-120	0
2.843643818273534	-120	0
2.843643818273534	-120	0
2.843643818273534	-120	0
2.843643818273534	-120	0
2.843643818273534	-120	0
2.843643818273534	-120	0
2.843643818273534	-120	0
2.843643818273534	-120	0
2.843643818273534	-120	0
2.843643818273534	-120	0
2.843643818273534	-120	0
2.843643818273534	-120	0
2.843643818273534	-120	0
2.843643818273534	-120	0
2.843643818273534	-120	0
2.843643818273534	-120	0
2.843643818273534	-120	0
2.843643818273534	-120	0
2.843643818273534	-120	0
2.843643818273534	-120	0
2.843643818273534	-120	0
2.843643818273534	-120	0
2.843643818273534	-120	0
2.843643818273534	-120	0
2.843643818273534	-120	0
2.843643818273534	-120	0
2.843643818273534	-120	0
2.843643818273534	-120	0
2.843643818273534	-120	0
2.843643818273534	-120	0
2.843643818273534	-120	0
2.843643818273534	-120	0
2.843643818273534	-120	0
2.843643818273534	-120	0
2.843643818273534	-120	0
2.843643818273534	-120	0
2.843643818273534	-120	0
2.843643818273534	-120	0
2.843643818273534	-120	0
2.843643818273534	-120	0
2.843643818273534	-120	0
2.843643818273534	-120	0
2.843643818273534	-120	0
2.843643818273534	-120	0
2.843643818273534	-120	0
2.843643818273534	-120	0
2.843643818273534	-120	0
2.843643818273534	-120	0
2.843643818273534	-120	0
2.843643818273534	-120	0
2.843643818273534	-120	0
2.843643818273534	-120	0
2.843643818273534	-120	0
2.843643818273534	-120	0
2.843643818273534	-120	0
2.843643818273534	-120	0
2.843643818273534	-120	0
2.843643818273534	-120	0
2.843643818273534	-120	0
2.843643818273534	-120	0
2.843643818273534	-120	0
2.843643818273534	-120	0
2.843643818273534	-120	0
2.843643818273534	-120	0
2.843643818273534	-120	0
2.843643818273534	-120	0
2.843643818273534	-120	0
2.843643818273534	-120	0
2.843643818273534	-120	0
2.843643818273534	-120	0
2.843643818273534	-120	0
2.843643818273534	-120	0
2.843643818273534	-120	0
2.843643818273534	-120	0
2.843643818273534	-120	0
2.843643818273534	-120	0
2.843643818273534	-120	0
2.843643818273534	-120	0
2.843643818273534	-120	0
2.843643818273534	-120	0
2.843643818273534	-120	0
2.843643818273534	-120	0
2.843643818273534	-120	0
2.843643818273534	-120	0
2.843643818273534	-120	0
2.843643818273534	-120	0
2.843643818273534	-120	0
2.843643818273534	-120	0
2.843643818273534	-120	0
2.843643818273534	-120	0
0.00026639462287337276	-19.83171596326417	1
2.843643818273534	-120	0
2.843643818273534	-120	0
2.843643818273534	-120	0
2.843643818273534	-120	0
2.843643818273534	-120	0
2.843643818273534	-120	0
2.843643818273534	-120	0
2.843643818273534	-120	0
2.843643818273534	-120	0
2.843643818273534	-120	0
2.843643818273534	-120	0
2.843643818273534	-120	0
2.843643818273534	-120	0
2.843643818273534	-120	0
2.843643818273534	-120	0
2.843643818273534	-120	0
2.843643818273534	-120	0
2.843643818273534	-120	0
2.843643818273534	-120	0
2.843643818273534	-120	0
2.843643818273534	-120	0
2.843643818273534	-120	0
2.843643818273534	-120	0
2.843643818273534	-120	0
2.843643818273534	-120	0
2.843643818273534	-120	0
2.843643818273534	-120	0
2.843643818273534	-120	0
2.843643818273534	-120	0
2.843643818273534	-120	0
2.843643818273534	-120	0
2.843643818273534	-120	0
2.843643818273534	-120	0
0.00038149110419715966	-20.407152074973855	1
2.843643818273534	-120	0
2.843643818273534	-120	0
2.843643818273534	-120	0
2.843643818273534	-120	0
2.843643818273534	-120	0
2.843643818273534	-120	0
2.843643818273534	-120	0
2.843643818273534	-120	0
2.843643818273534	-120	0
2.843643818273534	-120	0
2.843643818273534	-120	0
2.843643818273534	-120	0
2.843643818273534	-120	0
2.843643818273534	-120	0
2.843643818273534	-120	0
2.843643818273534	-120	0
2.843643818273534	-120	0
2.843643818273534	-120	0
2.843643818273534	-120	0
2.843643818273534	-120	0
2.843643818273534	-120	0
0.0004954875337082461	-20.97708837009055	1
2.843643818273534	-120	0
2.843643818273534	-120	0
2.843643818273534	-120	0
2.843643818273534	-120	0
2.843643818273534	-120	0
2.843643818273534	-120	0
2.843643818273534	-120	0
2.843643818273534	-120	0
2.843643818273534	-120	0
0.00024214430148134045	-19.710474110437367	1
2.843643818273534	-120	0
2.843643818273534	-120	0
2.843643818273534	-120	0
2.843643818273534	-120	0
2.843643818273534	-120	0
2.843643818273534	-120	0
2.843643818273534	-120	0
2.843643818273534	-120	0
2.843643818273534	-120	0
2.843643818273534	-120	0
2.843643818273534	-120	0
2.843643818273534	-120	0
2.843643818273534	-120	0
2.843643818273534	-120	0
2.843643818273534	-120	0
2.843643818273534	-120	0
2.843643818273534	-120	0
2.843643818273534	-120	0
2.843643818273534	-120	0
2.843643818273534	-120	0
2.843643818273534	-120	0
2.843643818273534	-120	0
2.843643818273534	-120	0
2.843643818273534	-120	0
2.843643818273534	-120	0
2.843643818273534	-120	0
2.843643818273534	-120	0
2.843643818273534	-120	0
2.843643818273534	-120	0
2.843643818273534	-120	0
2.843643818273534	-120	0
2.843643818273534	-120	0
2.843643818273534	-120	0
2.843643818273534	-120	0
2.843643818273534	-120	0
2.843643818273534	-120	0
2.843643818273534	-120	0
2.843643818273534	-120	0
2.843643818273534	-120	0
2.843643818273534	-120	0
2.843643818273534	-120	0
2.843643818273534	-120	0
2.843643818273534	-120	0
2.843643818273534	-120	0
2.843643818273534	-120	0
2.843643818273534	-120	0
2.843643818273534	-120	0
2.843643818273534	-120	0
2.843643818273534	-120	0
2.843643818273534	-120	0
2.843643818273534	-120	0
2.843643818273534	-120	0
2.843643818273534	-120	0
2.843643818273534	-120	0
2.843643818273534	-120	0
2.843643818273534	-120	0
2.843643818273534	-120	0
2.843643818273534	-120	0
2.843643818273534	-120	0
2.843643818273534	-120	0
0.00023015020502638187	-19.65050845251168	1
2.843643818273534	-120	0
2.843643818273534	-120	0
0.00022273681713927374	-19.61344449494071	1
2.843643818273534	-120	0
2.843643818273534	-120	0
2.843643818273534	-120	0
2.843643818273534	-120	0
2.843643818273534	-120	0
2.843643818273534	-120	0
2.843643818273534	-120	0
2.843643818273534	-120	0
2.843643818273534	-120	0
2.843643818273534	-120	0
2.843643818273534	-120	0
2.843643818273534	-120	0
2.843643818273534	-120	0
2.843643818273534	-120	0
2.843643818273534	-120	0
2.843643818273534	-120	0
2.843643818273534	-120	0
2.843643818273534	-120	0
2.843643818273534	-120	0
2.843643818273534	-120	0
2.843643818273534	-120	0
2.843643818273534	-120	0
2.843643818273534	-120	0
2.843643818273534	-120	0
2.843643818273534	-120	0
2.843643818273534	-120	0
2.843643818273534	-120	0
2.843643818273534	-120	0
2.843643818273534	-120	0
2.843643818273534	-120	0
2.843643818273534	-120	0
2.843643818273534	-120	0
2.843643818273534	-120	0
2.843643818273534	-120	0
2.843643818273534	-120	0
2.843643818273534	-120	0
2.843643818273534	-120	0
2.843643818273534	-120	0
2.843643818273534	-120	0
2.843643818273534	-120	0
2.843643818273534	-120	0
2.843643818273534	-120	0
2.843643818273534	-120	0
2.843643818273534	-120	0
2.843643818273534	-120	0
2.843643818273534	-120	0
2.843643818273534	-120	0
2.843643818273534	-120	0
2.843643818273534	-120	0
2.843643818273534	-120	0
0.0001476554742751566	-19.238067980361365	1
2.843643818273534	-120	0
9.141397502546087e-05	-18.95688310596087	1
2.843643818273534	-120	0
2.843643818273534	-120	0
2.843643818273534	-120	0
2.843643818273534	-120	0
2.843643818273534	-120	0
2.843643818273534	-120	0
2.843643818273534	-120	0
2.843643818273534	-120	0
2.843643818273534	-120	0
2.843643818273534	-120	0
2.843643818273534	-120	0
2.843643818273534	-120	0
2.843643818273534	-120	0
2.843643818273534	-120	0
2.843643818273534	-120	0
2.843643818273534	-120	0
2.843643818273534	-120	0
2.843643818273534	-120	0
2.843643818273534	-120	0
2.843643818273534	-120	0
2.843643818273534	-120	0
2.843643818273534	-120	0
2.843643818273534	-120	0
2.843643818273534	-120	0
2.843643818273534	-120	0
2.843643818273534	-120	0
2.843643818273534	-120	0
2.843643818273534	-120	0
2.843643818273534	-120	0
2.843643818273534	-120	0
2.843643818273534	-120	0
2.843643818273534	-120	0
2.843643818273534	-120	0
2.843643818273534	-120	0
2.843643818273534	-120	0
2.843643818273534	-120	0
2.843643818273534	-120	0
2.843643818273534	-120	0
2.843643818273534	-120	0
2.843643818273534	-120	0
2.843643818273534	-120	0
0.0002489735035591639	-19.744617373937206	1
2.843643818273534	-120	0
2.843643818273534	-120	0
2.843643818273534	-120	0
2.843643818273534	-120	0
2.843643818273534	-120	0
2.843643818273534	-120	0
2.843643818273534	-120	0
2.843643818273534	-120	0
2.843643818273534	-120	0
2.843643818273534	-120	0
2.843643818273534	-120	0
2.843643818273534	-120	0
2.843643818273534	-120	0
2.843643818273534	-120	0
2.843643818273534	-120	0
2.843643818273534	-120	0
2.843643818273534	-120	0
2.843643818273534	-120	0
2.843643818273534	-120	0
2.843643818273534	-120	0
2.843643818273534	-120	0
2.843643818273534	-120	0
2.843643818273534	-120	0
2.843643818273534	-120	0
2.843643818273534	-120	0
2.843643818273534	-120	0
2.843643818273534	-120	0
2.843643818273534	-120	0
0.00020158272679778185	-19.507682551978967	1
2.843643818273534	-120	0
2.843643818273534	-120	0
2.843643818273534	-120	0
2.843643818273534	-120	0
2.843643818273534	-120	0
2.843643818273534	-120	0
2.843643818273534	-120	0
2.843643818273534	-120	0
2.843643818273534	-120	0
2.843643818273534	-120	0
2.843643818273534	-120	0
2.843643818273534	-120	0
2.843643818273534	-120	0
2.843643818273534	-120	0
2.843643818273534	-120	0
2.843643818273534	-120	0
2.843643818273534	-120	0
2.843643818273534	-120	0
2.843643818273534	-120	0
2.843643818273534	-120	0
2.843643818273534	-120	0
2.843643818273534	-120	0
2.843643818273534	-120	0
0.00028525340880985317	-19.926002307434196	1
2.843643818273534	-120	0
2.843643818273534	-120	0
2.843643818273534	-120	0
2.843643818273534	-120	0
2.843643818273534	-120	0
2.843643818273534	-120	0
2.843643818273534	-120	0
2.843643818273534	-120	0
2.843643818273534	-120	0
2.843643818273534	-120	0
2.843643818273534	-120	0
2.843643818273534	-120	0
2.843643818273534	-120	0
2.843643818273534	-120	0
2.843643818273534	-120	0
2.843643818273534	-120	0
2.843643818273534	-120	0
2.843643818273534	-120	0
2.843643818273534	-120	0
2.843643818273534	-120	0
2.843643818273534	-120	0
2.843643818273534	-120	0
2.843643818273534	-120	0
2.843643818273534	-120	0
2.843643818273534	-120	0
2.843643818273534	-120	0
2.843643818273534	-120	0
2.843643818273534	-120	0
2.843643818273534	-120	0
2.843643818273534	-120	0
2.843643818273534	-120	0
2.843643818273534	-120	0
2.843643818273534	-120	0
2.843643818273534	-120	0
0.0005124271047850279	-21.061779411922064	1
2.843643818273534	-120	0
2.843643818273534	-120	0
2.843643818273534	-120	0
2.843643818273534	-120	0
2.843643818273534	-120	0
2.843643818273534	-120	0
2.843643818273534	-120	0
2.843643818273534	-120	0
2.843643818273534	-120	0
2.843643818273534	-120	0
2.843643818273534	-120	0
2.843643818273534	-120	0
2.843643818273534	-120	0
2.843643818273534	-120	0
2.843643818273534	-120	0
2.843643818273534	-120	0
2.843643818273534	-120	0
2.843643818273534	-120	0
2.843643818273534	-120	0
2.843643818273534	-120	0
2.843643818273534	-120	0
2.843643818273534	-120	0
2.843643818273534	-120	0
2.843643818273534	-120	0
2.843643818273534	-120	0
2.843643818273534	-120	0
2.843643818273534	-120	0
2.843643818273534	-120	0
2.843643818273534	-120	0
2.843643818273534	-120	0
2.843643818273534	-120	0
2.843643818273534	-120	0
2.843643818273534	-120	0
2.843643818273534	-120	0
2.843643818273534	-120	0
2.843643818273534	-120	0
2.843643818273534	-120	0
2.843643818273534	-120	0
2.843643818273534	-120	0
2.843643818273534	-120	0
2.843643818273534	-120	0
2.843643818273534	-120	0
2.843643818273534	-120	0
2.843643818273534	-120	0
2.843643818273534	-120	0
2.843643818273534	-120	0
2.843643818273534	-120	0
2.843643818273534	-120	0
2.843643818273534	-120	0
2.843643818273534	-120	0
2.843643818273534	-120	0
2.843643818273534	-120	0
2.843643818273534	-120	0
2.843643818273534	-120	0
2.843643818273534	-120	0
2.843643818273534	-120	0
2.843643818273534	-120	0
2.843643818273534	-120	0
2.843643818273534	-120	0
2.843643818273534	-120	0
2.843643818273534	-120	0
2.843643818273534	-120	0
2.843643818273534	-120	0
2.843643818273534	-120	0
2.843643818273534	-120	0
2.843643818273534	-120	0
2.843643818273534	-120	0
2.843643818273534	-120	0
2.843643818273534	-120	0
2.843643818273534	-120	0
2.843643818273534	-120	0
2.843643818273534	-120	0
2.843643818273534	-120	0
2.843643818273534	-120	0
2.843643818273534	-120	0
2.843643818273534	-120	0
2.843643818273534	-120	0
2.843643818273534	-120	0
2.843643818273534	-120	0
0.0001879850266729366	-19.439699520716495	1
2.843643818273534	-120	0
2.843643818273534	-120	0
2.843643818273534	-120	0
2.843643818273534	-120	0
2.843643818273534	-120	0
2.843643818273534	-120	0
2.843643818273534	-120	0
2.843643818273534	-120	0
2.843643818273534	-120	0
2.843643818273534	-120	0
2.843643818273534	-120	0
2.843643818273534	-120	0
2.843643818273534	-120	0
2.843643818273534	-120	0
2.843643818273534	-120	0
2.843643818273534	-120	0
2.843643818273534	-120	0
2.843643818273534	-120	0
2.843643818273534	-120	0
2.843643818273534	-120	0
2.843643818273534	-120	0
2.843643818273534	-120	0
2.843643818273534	-120	0
2.843643818273534	-120	0
2.843643818273534	-120	0
2.843643818273534	-120	0
0.00047370366580011335	-20.868177792609128	1
2.843643818273534	-120	0
2.843643818273534	-120	0
2.843643818273534	-120	0
2.843643818273534	-120	0
2.843643818273534	-120	0
2.843643818273534	-120	0
2.843643818273534	-120	0
2.843643818273534	-120	0
2.843643818273534	-120	0
2.843643818273534	-120	0
2.843643818273534	-120	0
2.843643818273534	-120	0
2.843643818273534	-120	0
2.843643818273534	-120	0
2.843643818273534	-120	0
2.843643818273534	-120	0
2.843643818273534	-120	0
2.843643818273534	-120	0
2.843643818273534	-120	0
2.843643818273534	-120	0
2.843643818273534	-120	0
2.843643818273534	-120	0
2.843643818273534	-120	0
2.843643818273534	-120	0
2.843643818273534	-120	0
2.843643818273534	-120	0
2.843643818273534	-120	0
2.843643818273534	-120	0
2.843643818273534	-120	0
2.843643818273534	-120	0
2.843643818273534	-120	0
2.843643818273534	-120	0
2.843643818273534	-120	0
2.843643818273534	-120	0
2.843643818273534	-120	0
2.843643818273534	-120	0
2.843643818273534	-120	0
2.843643818273534	-120	0
2.843643818273534	-120	0
2.843643818273534	-120	0
2.843643818273534	-120	0
2.843643818273534	-120	0
2.843643818273534	-120	0
2.843643818273534	-120	0
2.843643818273534	-120	0
2.843643818273534	-120	0
2.843643818273534	-120	0
2.843643818273534	-120	0
2.843643818273534	-120	0
2.843643818273534	-120	0
2.843643818273534	-120	0
2.843643818273534	-120	0
2.843643818273534	-120	0
2.843643818273534	-120	0
2.843643818273534	-120	0
2.843643818273534	-120	0
0.0002592837390867506	-19.796164404520315	1
2.843643818273534	-120	0
2.843643818273534	-120	0
2.843643818273534	-120	0
2.843643818273534	-120	0
2.843643818273534	-120	0
2.843643818273534	-120	0
2.843643818273534	-120	0
2.843643818273534	-120	0
2.843643818273534	-120	0
2.843643818273534	-120	0
2.843643818273534	-120	0
2.843643818273534	-120	0
2.843643818273534	-120	0
2.843643818273534	-120	0
2.843643818273534	-120	0
2.843643818273534	-120	0
2.843643818273534	-120	0
2.843643818273534	-120	0
2.843643818273534	-120	0
2.843643818273534	-120	0
2.843643818273534	-120	0
2.843643818273534	-120	0
2.843643818273534	-120	0
2.843643818273534	-120	0
2.843643818273534	-120	0
2.843643818273534	-120	0
2.843643818273534	-120	0
2.843643818273534	-120	0
2.843643818273534	-120	0
0.0005088034111229159	-21.043662401158837	1
2.843643818273534	-120	0
2.843643818273534	-120	0
2.843643818273534	-120	0
2.843643818273534	-120	0
2.843643818273534	-120	0
2.843643818273534	-120	0
2.843643818273534	-120	0
2.843643818273534	-120	0
2.843643818273534	-120	0
2.843643818273534	-120	0
2.843643818273534	-120	0
2.843643818273534	-120	0
2.843643818273534	-120	0
2.843643818273534	-120	0
2.843643818273534	-120	0
2.843643818273534	-120	0
2.843643818273534	-120	0
2.843643818273534	-120	0
2.843643818273534	-120	0
2.843643818273534	-120	0
2.843643818273534	-120	0
2.843643818273534	-120	0
2.843643818273534	-120	0
2.843643818273534	-120	0
2.843643818273534	-120	0
2.843643818273534	-120	0
2.843643818273534	-120	0
2.843643818273534	-120	0
2.843643818273534	-120	0
2.843643818273534	-120	0
