T	U	Steps
0.0008173028590943288	-16.233399749055856	17
0.001587610217346852	-23.93701250708275	1
0.0015614834036747484	-23.8063889476314	1
0.001599308201894213	-23.99549772457464	1
0.0014514627839000195	-22.830955961310313	14
0.0014680873378820688	-22.867410903868894	14
0.0014766776374712392	-23.38239422778046	1
0.0014441093675925168	-23.219565978223446	1
0.0012038588173325386	-19.327160633603302	2
0.0007852887708086453	-16.01406187450791	6
0.0010195720413222044	-17.840268322073747	12
0.0008167163136573134	-16.262355823202924	5
0.001253040114517065	-17.73929508655671	8
0.0012973560864625031	-19.39347881847347	6
0.0009205827070368357	-17.132100494856985	15
0.0011351797708016064	-18.53375743777372	11
0.0015267130596124327	-23.63255121289005	1
0.0010976435227677704	-17.046100321493356	8
0.0015659099013276706	-23.82851965543926	1
0.0009779348416511409	-18.281141971749303	9
0.0009602392815184128	-16.13586936530569	4
0.0008360843977168856	-16.22683717479668	12
0.001379584741225535	-22.11899355852024	7
0.000819904908702277	-16.13230978121385	24
0.0013755166241666166	-22.87662985094548	1
0.0009335071067483018	-16.455698322447788	4
0.0011975333850461508	-18.98180726025636	27
0.0013864532596974807	-22.93130862959	1
0.0013612146380802981	-21.681342846125435	3
0.0015956233370007728	-23.977074882259494	1
0.0008825305039736466	-16.22290032985176	13
0.0013441966944489246	-18.233328276054515	2
0.0008136802504992874	-16.145932431826814	43
0.0010389045218623272	-16.16631038471096	19
0.0011386319229993362	-18.31277850495422	3
0.0009909691784238898	-16.150586413449695	5
0.0011226335034715722	-16.165542770533655	3
0.0008349960175788651	-16.005535759258507	3
0.0014227593160118168	-22.261566088335588	8
0.001381960618419309	-22.06126987476494	9
0.0014499705930443507	-22.429840602294636	3
0.0015929741757183375	-23.963830141411442	1
0.0010328744247059744	-18.46840975632862	13
0.0011741368488123029	-19.171258745735457	4
0.0015720068836299933	-23.859002114580143	1
0.0012894314423205363	-17.76518787224456	12
0.001319141463878296	-22.594776725113935	1
0.0013700217671081991	-20.404001489354307	7
0.000955722848436725	-17.261757942256445	15
0.0013488580870207058	-22.11847803825372	2
0.0009830651464160555	-16.169176392840306	7
0.0015128170932572108	-23.56307697044642	1
0.0012630414167964165	-20.905708408590858	5
0.00157417199022898	-23.869826776710802	1
0.001464261711477764	-22.835276715050878	6
0.0013429902984473485	-21.6253083956227	32
0.0011790808087017888	-19.605838732140455	2
0.0015961992331171484	-23.97995413120042	1
0.001492414902862981	-23.461074224786554	1
0.0015651760440394422	-23.824850664175315	1
0.0015349520394326093	-20.127225069025453	8
0.0009147310385823065	-16.994319873471962	7
0.0013639972600845232	-21.67137021648035	8
0.00157486973730868	-23.873315231456605	1
0.0015800878270547274	-23.899403581330404	1
0.0015524137898129666	-23.65061247410758	2
0.0008054994104705717	-16.55586048922126	12
0.000976724613758653	-18.069507966181845	4
0.0008065801331169347	-16.01593086516204	5
0.0014775866848386462	-22.576474424153627	2
0.0008980446738927884	-16.105150545910938	2
0.0014405074829764587	-23.2015580039183	1
0.00148997167237577	-23.448859055083698	1
0.0012006145396543976	-20.13141469084228	6
0.001390139627566958	-22.038860240631905	27
0.001562617026973345	-23.812056608150513	1
0.0015519305678251922	-23.758628610791863	1
0.0015171455357700146	-23.584717441994112	1
0.0008738356126016677	-16.900719434986218	6
0.0013015026615472948	-18.396989173209462	4
0.0008734583130498405	-16.112875539798488	9
0.0015731225174322504	-23.86457983485342	1
0.001373415990574732	-21.817160473604744	2
0.0009899330321763524	-17.60389778891669	7
0.0010294048530384587	-16.61640999927977	12
0.0014455461184353859	-22.206326158825267	14
0.0010760183811714826	-19.695765995808827	10
0.0013398865516916379	-21.615122048669722	13
0.001581899121351472	-23.908459324262704	1
0.0010493908552084825	-16.239038220900998	25
0.0012544620532160887	-18.866181519756765	10
0.001241027021955075	-19.16256206306018	7
0.0015515576567730542	-23.75676420552606	1
0.001594854571268652	-23.973231362817206	1
0.001535786944371665	-23.677916986925016	1
0.0015123109632158187	-22.984043487419566	2
0.0009713208106224452	-17.403102311432733	27
0.0014025803363754332	-22.106960500151985	2
0.0012428905340136408	-18.30151695548811	5
0.0015211768303963744	-22.537395559428266	31
0.0012998747149069701	-20.18812291036703	6
0.001573454203238031	-23.866238130469345	1
0.0009745307546871585	-16.202583180507595	32
0.0008382530980934768	-16.000607593109855	21
0.0015822512354077554	-23.871962363116825	1
0.001514794416607317	-23.572962791864164	1
0.001593365803069559	-23.965788120644465	1
0.0011987412535473846	-20.414458049523546	25
0.0008733362166250078	-16.483974293862737	5
0.0014352653875171482	-22.94407861893168	1
0.0009875152235803066	-17.346457835634126	6
0.0009385983564132217	-17.159203446938537	4
0.0011013347466871557	-19.129765390774747	7
0.0009632297938666829	-16.00522765893479	5
0.0010883357275136144	-16.834914015239068	14
0.0009070025119171719	-17.063495897711803	7
0.0008969356112938291	-16.610242902476756	6
0.0015849340427620505	-23.923632710588343	1
0.0015869864289197288	-23.93389381585166	1
0.000984580456989343	-16.528216518758313	10
0.0008194836583268332	-16.45256598849101	7
0.0011195070582323908	-16.198876660938858	14
0.0008858746506797655	-16.161426061591783	8
0.001582689296285195	-23.912409881101645	1
0.0015960631948616765	-23.979273994641314	1
0.0008806365359856201	-16.287370480373436	7
0.0009201092737306033	-16.032263759367403	32
0.0008465928075984099	-16.06733104402867	11
0.0010471028938080808	-17.899560368985817	10
0.0015619830515058157	-23.808886985814905	1
0.0013234466821701947	-19.507060457218305	2
0.0015725080250104737	-23.861507619909965	1
0.0010556395353110326	-18.2959562877217	6
0.000994985039352667	-16.663056949251565	6
0.0010004854678565195	-16.642414973228135	6
0.0012418022184439799	-20.51306101900903	31
0.0011160763717035077	-16.5845626416708	26
0.001510121868220977	-23.549601929357458	1
0.0015504920271665942	-23.751436486118727	1
0.0015955168342683156	-23.976542411435478	1
0.0011400642156335762	-19.245003249134548	8
0.001482608256391884	-23.000526664025212	9
0.0014830545670570412	-19.220284026773392	5
0.0013628543048428	-18.62500110729296	19
0.0015410848287689186	-21.554743592071528	2
0.0015315025012832355	-23.63081906807508	2
0.0008782204406053965	-16.297949041559896	13
0.001597142315253361	-23.98466916254841	1
0.0008088149188579097	-16.25233836279239	3
0.0012718888956686893	-20.956550214167642	22
0.0013005137047004294	-18.187501084664767	5
0.0015221438257988918	-22.663497615383672	5
0.0013330143685671445	-16.396245641816144	12
0.0015871819421022328	-23.93487130312351	1
0.001190572868983273	-18.161972794099533	4
0.0010188006150657685	-17.684069238853166	20
0.0009192023475698273	-17.190625673550876	12
0.0014840358869134822	-23.419182515305277	1
0.001525510398713402	-23.62653839213755	1
0.001582500525877168	-23.91146610499006	1
0.0015939722768764243	-23.968820245738666	1
0.0008249789733642283	-16.106726423526815	18
0.0015276009397627419	-23.636990256512252	1
0.0014222061534200324	-22.567714321427857	7
0.0013904930352080045	-21.183460124265707	10
0.0011448021370831412	-18.22667443302378	10
0.0014808403418479325	-22.851820849488863	2
0.0015999483799759835	-23.998698357486607	1
0.0008726511706832571	-16.669762986496824	5
0.0010140967229958942	-16.281059958467274	34
0.0015315104927705449	-23.347065275705056	7
0.001461940838997007	-22.681030261569678	4
0.0008975267476231635	-16.466954124343495	7
0.001597726901998281	-23.987591861136455	1
0.0015877972091559265	-23.93794739091497	1
0.000849164781437127	-16.051090525656083	6
0.0010573226310116946	-18.767554043429342	27
0.0008434087428661556	-16.306487931131663	14
0.001599323692339329	-23.99557517056955	1
0.0015363893481343683	-23.680928763435496	1
0.001371356432847695	-16.59080101255346	7
0.0015039521838718063	-23.518755989225067	1
0.0014504824406234259	-22.74467003850902	4
0.0007854938059282759	-16.081369315511974	7
0.0011747630939519316	-19.595073744004516	5
0.0008258953566436261	-16.170540595802095	16
0.0009610485118610699	-17.121632699712638	7
0.0011383828818294724	-19.93203632375276	17
0.001487423319111715	-23.436118313779843	1
0.0008612765101567524	-16.305826517248654	3
0.0014896325562327559	-23.378831472336596	2
0.001572650321384747	-23.86221904454589	1
0.0015910881744328476	-23.954400893584573	1
0.0013312634981116952	-21.530135108498765	6
0.0015454076086665169	-23.7260164387086	1
0.0014847994454189038	-23.423000000708562	1
0.0010744406620706425	-18.850297290939046	8
0.0015218148386411776	-23.43137853245583	2
0.0015916755593764725	-23.957337582040633	1
0.0015828811569064633	-23.91336910703647	1
0.0015687274746718496	-23.842606388856158	1
0.0014809814461882013	-23.40391154025732	1
0.0014827965134044038	-23.41298614626934	1
0.0012198772000483976	-20.648883542230806	10
0.001548287906095005	-23.61847585297545	3
0.0015838209455737962	-23.918067672364785	1
0.001579835270213951	-23.89814089871169	1
0.0010589380116530268	-19.0515548866506	3
0.0008157647906904879	-16.140332874884926	8
0.0011512749610114697	-17.147050197449307	11
0.0015895109070956255	-23.946515191317935	1
0.0015811749800057765	-23.904838908803406	1
0.0007979694402664733	-16.237582872428636	9
0.0008164775050772687	-16.109016273869962	6
0.001573846634029444	-23.86820012658016	1
0.0012321428720374755	-20.5758175413657	13
0.001327714727868724	-21.44335045762394	9
0.0008755125701993844	-16.84738036685288	21
0.0010791513098488408	-19.6661555311669	8
0.0014510978298155845	-22.6487715996102	4
0.0015449627145081525	-23.723792146865215	1
0.0010201927460636976	-16.414197889918633	24
0.0012464757350154198	-19.2215099105172	14
0.0014646218845831825	-23.32212031248916	1
0.0010142860106667087	-16.953105707092707	5
0.0008037858412455386	-16.006611476480835	25
0.0015587861759969045	-23.792903894139904	1
0.000865923761728356	-16.519018794043603	8
0.001447605330982871	-22.641017579287368	3
0.0011282996019045166	-19.353016762424478	7
0.0014763762835441091	-23.183506169667265	4
0.0015637637664043236	-23.817789844055877	1
0.0008837709961440196	-16.836162633608637	40
0.001139739279060549	-16.137907867822534	6
0.0009021989192511905	-16.512257117826174	10
0.0007815538300654036	-16.048036696074174	31
0.0015878208067899191	-23.938065369593332	1
0.0014519570138955228	-23.140688909299364	2
0.0015329933356704407	-23.663950067083668	1
0.0011407645338941	-19.219575556549657	5
0.0010585112400201613	-17.917498140534825	16
0.0008569726414804543	-16.266965059249195	12
0.0015792638621442126	-18.75220214791922	5
0.0009614763622749843	-17.91757624637859	4
0.0011609541632486055	-16.936678678345853	33
0.0015209810645848017	-23.43443691770061	5
0.0014064043580429668	-23.031056096447543	1
0.001181990873412608	-16.31976486135553	8
0.0010542229626866956	-17.105385677379264	19
0.0008770605005567721	-16.559767766920608	5
0.0011578456086885657	-19.169897911735376	14
0.0013740254610779563	-22.869174635288196	1
0.0008818411742244745	-16.67946848617421	5
0.0009371752925558889	-16.256932839366705	4
0.0008374166716508598	-16.171988835509474	5
0.0015246148887407185	-17.082332032949658	6
0.0008275081555296733	-16.30462439401603	28
0.001074010288664721	-19.032593851680655	18
0.0008151210834647535	-16.27982847472874	10
0.0015826685072942897	-23.91230594450901	1
0.0009423645988184824	-17.603400738874633	4
0.0009699082814646614	-17.64055734442507	8
0.00078136613307818	-16.516218567462627	12
0.0011209963281966539	-16.313352343787002	7
0.0014052922445108016	-22.326269909268966	4
0.0014766187006888187	-23.078189636386057	2
0.0015953941473087	-23.97592902598541	1
0.0010124421258202849	-16.798345832164955	8
0.0015793038902682844	-19.928679230008832	11
0.0009487062478383724	-16.122502383757087	12
0.001274063668862764	-20.89812667394618	4
0.000969618063628958	-17.521295629605238	12
0.0014766214979259327	-23.382113552634763	1
0.0015926120588959163	-23.96201970295249	1
0.000996555138182662	-18.138416040892153	28
0.001550867360841117	-23.753313003522013	1
0.0010331656211276905	-18.587769948117973	13
0.0015814398150591038	-23.906162977546245	1
0.0015337855323138304	-19.720991138224793	12
0.0009224025865999388	-17.057085022018708	6
0.0015593520626906083	-23.795733099993534	1
0.0014783456416808565	-22.85851750011139	3
0.0015394514238161086	-23.69623791019476	1
0.0015127109325787937	-21.080454918120278	13
0.0015446236380383493	-23.7220969009019	1
0.0015158172504030516	-23.578076549431497	1
0.0008167087768930294	-16.224506553440065	35
0.000946523441019385	-17.257669840238954	11
0.0009086170774767348	-17.328219597386877	7
0.0015778325767947744	-23.888128237153122	1
0.0014968286482349112	-23.058509046412816	2
0.0015963039433110943	-23.980477640052882	1
0.001030039234275058	-16.520059134325237	4
0.0009299650294187916	-17.744646497031905	43
0.0014871692804094645	-23.43484822244981	1
0.0011759674198005352	-17.751502598355405	2
0.0012254722452336878	-16.97661508535201	15
0.0015201849324066347	-23.59991320264991	1
0.001561755555915725	-23.807749599369316	1
0.0014859580925442805	-23.16989488494377	2
0.0013551750994350992	-19.4972146692747	9
0.0009798179785868908	-16.65243895952316	13
0.0015489097330633414	-23.743525652043836	1
0.0011336838483287136	-16.626418342657832	24
0.001597147472422587	-23.98469494632019	1
0.0009382154370418774	-16.33062550832689	3
0.000902017087264386	-16.99104235621527	9
0.0015496504375482126	-23.519376979499793	10
0.001587077079031762	-23.934347029949908	1
0.0008969203983960291	-16.932543135114365	4
0.0012727755095741115	-19.468499752836458	3
0.0015259140405841532	-23.628556439135657	1
0.0014256191363544218	-22.44379561830498	20
0.0015281976695944624	-22.42526590902371	2
0.001369186504481217	-17.541051691663405	17
0.0008329546497822749	-16.287418862903547	6
0.0010367353592260539	-16.94210379475792	9
0.001420038350595679	-21.652597780275133	2
0.0014229190700864181	-19.455002765791086	5
0.000902870668911807	-16.92523322501769	11
0.0015540303954982304	-23.574850250328403	6
0.001173416318322617	-17.36850085389502	8
0.0015186493210029189	-23.59223576329565	1
0.000931052098611473	-17.407495824082154	10
0.0012046330115321427	-19.27370037944977	9
0.0015341296330006419	-23.66963109668524	1
0.0015136594610449024	-20.3294352951344	23
0.001588438367055846	-23.941152922523564	1
0.0013736759111540556	-21.758998468439454	11
0.0012174137132742234	-20.675304292622656	8
0.0010936659214573895	-17.662826362604974	2
0.0007310863020693805	-16.118690815487987	39
0.0009972395190478863	-16.063401079422913	8
0.0013450010615386491	-16.161040119989778	7
0.0012438189931259574	-19.03115104534264	24
0.0015842478831588757	-23.92020218856437	1
0.0011438833013102815	-19.820564971431054	7
0.0015717991934178295	-23.857963747057926	1
0.0014327602855553272	-23.16282513294441	1
0.0014656034611557948	-21.848694198898666	10
0.0015842019135786597	-23.919972359153494	1
0.0015814972094384417	-23.906449926357364	1
0.0009560893587664464	-17.054575255325357	11
0.0014282725210818285	-22.667595714519194	3
0.001529953354994615	-23.64875138646676	1
0.0014335424505612683	-23.16673564336625	1
0.001583776058093415	-23.917843253017836	1
0.0015518410782785728	-23.758181199053876	1
0.0008678551975049998	-16.263023569549425	17
0.0009790465840839174	-17.189882367590293	25
0.0010516744146260087	-17.3985242190044	16
0.0013119412101226975	-21.173094112062593	8
0.0013801791893263448	-17.29316272414448	11
0.0014517773860029614	-21.457870285188964	4
0.0015857228655491455	-23.92757650723802	1
0.0011931099843383935	-20.007721329910414	4
0.0008953922382227707	-16.52051159920959	7
0.0015862310408811201	-23.930117179496065	1
0.0015340182673930888	-23.600602347262953	2
0.0011489048432127289	-19.51643175836683	37
0.0015579002107881934	-23.78847442445545	1
0.0015306537159396239	-20.910947616762897	5
0.0011331530104986636	-19.346865360269575	14
0.000822181988410778	-16.08570617051855	14
0.001295255113540053	-19.378410727234957	13
0.0011716134902227287	-18.222129874059213	16
0.0011535533901639323	-17.972212469870467	8
0.0015182529629029578	-23.34428658254769	4
0.001336590635392451	-19.835411870474033	10
0.0013045715102872994	-20.966379466057816	5
0.0015834831113352356	-23.91637863705802	1
0.001069341796688464	-17.636917748317455	4
0.0015050353309569854	-23.093292855089217	4
0.001363054279250505	-22.178184084886446	19
0.0008909673242713985	-16.385797566419793	19
0.0010597538421523813	-17.337746571632508	7
0.0015508119707977656	-23.753036075584625	1
0.0015295694879393202	-23.378439907320672	6
0.001457672620738871	-23.287376788448963	1
0.0009845384690226183	-17.603175785817335	2
0.0011076322602562804	-19.247240982739264	5
0.001329283395689687	-20.057198344265966	10
0.0010994151645374482	-18.438964001195053	4
0.0015460424437448031	-16.607513890481954	5
0.0009945017555470397	-16.37042609086285	10
0.001305637263505959	-16.188698341100185	10
0.0015479559200512376	-23.738756970632636	1
0.0010091514215376362	-17.947847178136037	8
0.0015984907361814185	-23.991410724817428	1
0.001297134178098196	-20.953727358618387	11
0.0011034509647346784	-18.614542733582937	7
0.0015768129540597894	-20.555023934621655	8
0.00132089896889384	-19.638216034940974	7
0.0008391443207170367	-16.61036846270732	8
0.0015388397282769706	-23.693179678539515	1
0.0014409981218611921	-22.807758122208725	2
0.0008538994597572577	-16.340261643260853	3
0.001589938022507249	-23.948650596578712	1
0.0011198812043935783	-16.259468389981336	9
0.0012928739656813374	-21.61425038405106	18
0.001236901292481076	-20.652226937085366	9
0.0015441340651169864	-23.719649233214515	1
0.0014314006878083387	-18.482431057840415	15
0.0008828765427769526	-16.24872630030745	11
0.0008516255515816468	-16.29626489200649	5
0.0009267146479575797	-16.167664045664647	3
0.0010016660708906582	-16.58860791246038	10
0.0010499035031455292	-19.252721772796267	13
0.0014910035013613093	-23.161538365165153	4
0.0014512907335080744	-21.15919818848816	11
0.0014828717012195156	-18.72086168381422	15
0.0011208358304720955	-19.17460739144067	9
0.0013997573453499942	-20.088875806664426	14
0.0015720858443046331	-23.85939688619322	1
0.0015571665027240703	-23.784806179252012	1
0.0015958049757800945	-23.97798300309608	1
0.001313472700367054	-18.896061371468416	2
0.0009782417061081272	-17.499167797013286	8
0.0011999187660629304	-19.380080466467348	5
0.001013031048289702	-17.037103830430503	6
0.0014739080563371673	-23.368547436110337	1
0.0010096924848844776	-18.020049701974045	10
0.0010970851911401677	-17.12882261519259	21
0.00121246006618162	-18.38811132711162	11
0.0015739904097166132	-23.86891894718555	1
0.0010029120123180525	-16.83693933591406	20
0.0013904360873214022	-21.962507522366508	6
0.0013151137914445069	-19.216093507946773	9
0.0015674564455854063	-23.83625175466613	1
0.0012724600286870694	-20.839285327378857	15
0.00104865914095468	-18.54252858044271	5
0.0014914510160193943	-23.456255178269906	1
0.0015916122761827375	-23.957021191526167	1
0.0007901138115765237	-16.024474462251177	8
0.0014023964420526965	-22.09266657193079	11
0.0015374109860029832	-23.68603654184826	1
0.0015558436668562882	-23.77819253199337	1
0.0007921579368056434	-16.03108209190593	19
0.0011918010886275614	-16.11486051013138	8
0.0014945032969468656	-23.471515355197543	1
0.0014089306566298302	-16.41531328580647	8
0.0014415685436971713	-22.439697312080927	16
0.0009500275196341388	-17.619953151143346	9
0.0012228448823040155	-20.18576676433667	7
0.0014503843258353317	-17.245394356947788	6
0.001531370520287558	-23.655836642909374	1
0.0012720439358563011	-17.599934383923006	6
0.0015530611531180956	-23.76428108250448	1
0.000910883818316605	-16.580774052314226	16
0.0015103639413822573	-23.55081219779551	1
0.0010400853774436927	-18.891139300659265	16
0.0008569404019235327	-16.09281319643594	8
0.0015508592627771288	-23.753272516459333	1
0.001556150331105296	-23.779725729889773	1
0.0013871053262625175	-22.187921546467496	4
0.0009111688931111898	-16.762414716980963	5
0.001012589275800218	-17.027174521205474	11
0.001093477478214342	-17.19885161050168	19
0.0013316604335360408	-17.60100856873215	4
0.0015420970043885822	-23.709464748933268	1
0.001348678222621449	-21.737098832131473	2
0.0008932977341930944	-16.315811266912625	8
0.0011581141246400197	-19.711796918137665	6
0.001045602795179687	-17.620760167685255	9
0.0014660381406270346	-22.817442933537443	29
0.0015576052374188462	-23.78699967625496	1
0.0010229984650195255	-17.494101837079413	3
0.000841400454234072	-16.368793627213943	20
0.000942455856590464	-16.464032388307757	14
0.0009450073906777263	-17.453266772070823	3
0.0007711830025666923	-16.259503923764328	2
0.000868331657856334	-16.29531226445899	5
0.001158929395839425	-16.957384023472105	16
0.0015678555352941922	-23.838247042685406	1
0.0014347034514490809	-22.436599828040613	9
0.001432118740805822	-22.93065104069167	3
0.0014447596784000537	-20.765941186284188	4
0.0010062622370653972	-16.158098425645438	25
0.0008721303128564908	-16.097681023810715	9
0.0009234373590542218	-16.7809631322139	10
0.0012188070486198201	-20.223252545107968	12
0.0009412230976932014	-16.587575931859885	9
0.0008062333982931418	-16.010976248355988	9
0.0008353233520406275	-16.643981844382914	12
0.0010023102684211074	-16.641710151165583	6
0.0015068217957809693	-23.35190671992244	4
0.0015931833573159832	-23.964875965261186	1
0.0008434707356678472	-16.50738656498894	5
0.001206992102428434	-18.359084667641874	14
0.000952857847076304	-16.589265853362125	13
0.001382141872444357	-21.13397912401598	9
0.001442455471927791	-22.396438065544302	5
0.0014586599666019835	-23.29231312062739	1
0.0013949164841715646	-21.10996736928097	8
0.0015658275316297518	-23.82810784008098	1
0.0010681344671932564	-17.278916609129144	31
0.0009239441378676228	-17.20582679304411	18
0.0015665921730014872	-23.83193073938027	1
0.0015531074802257474	-23.764512699408726	1
0.0014499832838183486	-22.691998778215208	6
0.001569176015595824	-23.701012501205565	5
0.0014459111572164437	-22.505142922942202	4
0.0012313345688212372	-18.24238264153289	5
0.0014938657515363718	-23.468327884583033	1
0.0015766193882427078	-23.882062782369943	1
0.0015504856193339874	-23.751404449533094	1
0.0015539771157679536	-20.091058684414882	4
0.0014844014460450613	-23.42101016392543	1
0.0009605659491980652	-17.850872627764883	2
0.0008734868049210969	-16.930777867533457	9
0.0011015173277665845	-17.512688207030514	18
0.001559327279428632	-23.795609193652147	1
0.0015881683019249614	-23.939802705496625	1
0.0015559866648699745	-23.77890746454414	1
0.0009704964316441512	-16.295962029260323	9
0.0014103113251814298	-22.617073851112092	15
0.0008772760980318572	-16.029770759476833	4
0.0013830815910454328	-20.769395486061512	2
0.001237448523000746	-20.651026375062145	8
0.0012058188803059512	-17.515757742630598	10
0.0010818768902875076	-16.522062612839726	12
0.0009348080690704388	-16.2175077857353	21
0.0015306520057848686	-21.686449462779848	7
0.0013561617863981853	-22.153282978890992	2
0.0008654985748747932	-16.59169458541492	5
0.001479419020882476	-23.396100042178293	1
0.001568920478450506	-23.843571330118113	1
0.0012368955594578544	-19.795358144335296	4
0.001562326369099175	-23.8106034356901	1
0.0011018861398956687	-18.085921857607794	12
0.0015350921600399833	-22.47780744030163	3
0.0011574657667100096	-19.61417864925314	4
0.0015330782923461597	-23.664374816290394	1
0.001557139441387772	-23.78467088345532	1
0.0011315435974748789	-17.459557709295556	3
0.0009678246812133349	-17.764439115836495	12
0.0011068714090741304	-19.131410522668297	8
0.0013532106032176155	-22.14343381242191	16
0.0014707884354091703	-23.352950586266033	1
0.0012180960613775698	-18.48490242950118	19
0.0011856741311117678	-19.95391857113488	15
0.0015766322350029955	-23.882127011004073	1
0.0010543800388559935	-16.072166583826032	8
0.0011570655610098405	-19.096141312828177	10
0.0015099986371794542	-23.310764495577104	9
0.001007212844994877	-17.71247029252047	7
0.001553393345494156	-23.765941910768046	1
0.001361322648893874	-20.322150250284935	2
0.0015891329571616722	-23.944625593669826	1
0.0011120962125553302	-18.331966623716212	18
0.0013231354747345913	-19.885296314416948	5
0.0015785048660322749	-23.89148941292776	1
0.001441389479844953	-22.435890426136968	21
0.0015725773911455553	-23.861854422684438	1
0.0011408742823280351	-19.036489324195188	11
0.0008674641635512624	-17.139905395976676	4
0.0010450955481967157	-17.689970169181397	18
0.0008544484660359488	-16.71210107604105	28
0.0009575399583790581	-17.269767955402457	8
0.0015610794523371317	-23.717395248708076	2
0.0013211996487332974	-22.60506682153148	1
0.0009786261356131345	-16.569578969842752	8
0.0015940087821044405	-23.96900275719536	1
0.0015490620020510426	-23.744286935735644	1
0.0015627859169412611	-23.812900990057994	1
0.000978540807673748	-16.050510714186654	16
0.0012596731936390525	-20.833565445957714	2
0.00141124027474917	-20.502107767349855	3
0.0008327037341738432	-16.169938348566248	7
0.0015963437719787813	-23.980676767371158	1
0.001338283731518755	-21.45521084969795	13
0.0008307003775823328	-16.136598079637793	9
0.001356605199278518	-21.885664033991652	45
0.001201311646836524	-17.919114050589833	20
0.0014885286346702142	-23.441644446984608	1
0.001597787217459186	-23.987893414180473	1
0.0010349346894937374	-16.819885182391626	10
0.0013183003153919687	-21.435028228413728	3
0.001574903380435687	-23.873483433559468	1
0.0014809922350421778	-21.92824831480914	8
0.0010016369966812438	-18.209835202757993	4
0.001592668479951325	-23.96230178553546	1
0.001517818997352359	-23.33810655723579	3
0.0009602879741982952	-17.339335152432344	2
0.000870598871634613	-16.3616667256631	12
0.0008410694598741842	-16.189329105991597	22
0.0009647184061692949	-17.720066535770023	2
0.0014237287364372807	-22.393088881115112	15
0.0013029335394636303	-21.360342907911836	3
0.0015890182959076998	-23.94405233351981	1
0.00126237184043557	-17.422394733887	7
0.0015423352779894354	-23.710656021097464	1
0.0015246618493221968	-23.622295986490975	1
0.0011522177295854828	-18.46969155181743	17
0.0009706956899108388	-16.411033415797135	23
0.0011025004006501458	-16.98949987613045	7
0.001050069005650135	-16.109226259125073	6
0.0010812755635887092	-19.69630998906662	10
0.0010530544061551157	-17.384094189848216	15
0.0013637194363138212	-19.536176668613884	10
0.0009649496325969411	-16.449966272485902	8
0.0008662508946132295	-16.100552232459158	11
0.0015976634585811755	-23.98727466956958	1
0.0015816730104745364	-23.907328860825917	1
0.0011694588380490353	-18.94011270780291	4
0.0010465369537713883	-16.083210649460973	10
0.0011724884052082781	-16.28939830724257	13
0.0008130062467020994	-16.114112442022886	5
0.0008179893309441554	-16.30728861488828	8
0.0009977476172103462	-16.55109287475706	8
0.0015274611764336497	-23.63629149608337	1
0.000965580259594118	-16.865525059839605	8
0.0015634367512238046	-23.81615489968761	1
0.0015906854116837525	-23.952387241841144	1
0.0010782989315321746	-19.25523005734333	6
0.000993528712515803	-17.184390280868307	14
0.0009577488066155636	-17.66526165438451	6
0.001156918532208859	-19.146008916543803	13
0.0015384282022755805	-23.691122214059423	1
0.0015021051440532575	-23.50952153306155	1
0.0015686710637584091	-23.84232435697895	1
0.0011255196154077026	-18.919231601687567	3
0.0012218007382423569	-18.663267163262308	6
0.00150410057957141	-16.945258123178615	4
0.0013299361173163334	-20.42745038537386	5
0.0013310752283908812	-17.897710117774572	4
0.0008272284583601637	-16.08151697022994	14
0.0011431530524217246	-18.97785128202061	5
0.001162399850321026	-17.859705434772458	11
0.001361392381353011	-21.774259692710206	3
0.0014484655091912151	-22.620569005981068	3
0.0009127370693178102	-17.025150289103205	4
0.0015545027907244925	-23.736577169776048	2
0.00157275535515553	-23.86274417115239	1
0.0011384621880721408	-19.795085224630117	33
0.0009654483963476243	-17.395790490261504	6
0.001536431655397189	-23.530639783194616	2
0.000960171340540762	-17.530588247182386	5
0.0009097340903399829	-16.81133121957146	3
0.0015850133464570214	-23.924029197165112	1
0.0012035143295279732	-18.02451546052209	9
0.0015860225688576197	-23.929074903231633	1
0.0014949320582673608	-22.99599484290609	3
0.001306695791480638	-19.268336521758716	5
0.0015418852845391435	-23.46461074136243	5
0.0009495961467419881	-16.587210820466645	5
0.0009524466600019463	-17.101028712192	8
0.0014053934351420032	-22.368533079432204	5
0.0008513503163131963	-16.546377372858487	20
0.00134177345081142	-22.336060211978886	7
0.001564891920810607	-23.823430162313162	1
0.0011013096527654866	-18.3544912162403	24
0.001599129893187099	-23.99460625275965	1
0.001265396514638024	-20.84538016933801	6
0.0011248545384981922	-18.43833206279622	5
0.0009985238642654202	-17.695914036216486	7
0.0015414316846078635	-23.706138417639234	1
0.0014174369218547108	-22.326249611516477	5
0.0015226706053663838	-23.61234056764394	1
0.0009969249930444023	-17.043717351885892	10
0.0015170232213052952	-23.58410591886869	1
0.00159909358193448	-23.994424711101917	1
0.0011628565964489422	-20.16767385748568	5
0.0015772911464167294	-23.885421303040797	1
0.0013166998371206152	-21.172683630884265	13
0.0015740777304119455	-23.869355515539468	1
0.00157764473849472	-23.887189121206486	1
0.001511151228207047	-23.55474831525146	1
0.0012484811735513541	-20.689077581650153	7
0.0013611452647138303	-18.418868405901236	12
0.0009363399803236496	-16.18064143547276	23
0.0009170121057092507	-16.681432480063478	3
0.0015340614813208332	-23.669290365698636	1
0.0009152200071409541	-17.717450380123957	6
0.0009514273647585364	-16.49589197509198	7
0.0012907818348270638	-21.106546356893034	2
0.0010792369125057761	-18.127778487023534	10
0.0015049483854390783	-18.18090524540224	7
0.0009346112977524812	-17.224039227730636	10
0.0009303698013392647	-17.014726935537904	41
0.0015734866839448088	-23.86640052093862	1
0.0008929276216353721	-16.561225988196064	15
0.0015774964996727193	-23.88644798672213	1
0.0009429297252729026	-17.172882260350406	14
0.0008781478978855306	-16.688328464013182	5
0.0007966759675600388	-16.24526949492101	6
0.0009017839483586618	-17.17887559181203	18
0.0013606901722424682	-20.439639080360614	2
0.0011527907288959318	-17.218192750222045	5
0.0015574694032233392	-20.798766078544915	5
0.0013168269294976962	-22.086013571523086	7
0.0008679424747968271	-16.321227081017355	33
0.0008343684619496612	-16.43459476742735	4
0.0009388740516899964	-16.73531950708084	8
0.0015890978422103497	-23.944450033037395	1
0.0008799147020303181	-16.67877004587089	28
0.001537821975737319	-23.68809132520878	1
0.0015626885556338523	-23.812414222682296	1
0.0015256514138705282	-23.627243411203082	1
0.000999145180739485	-16.89319353371077	4
0.000867179645094929	-16.166830273333428	8
0.0015291467469612703	-23.644718670739547	1
0.0015926998639866768	-23.962458693088713	1
0.0014986689154115617	-23.492341771996923	1
0.0009865804179389937	-17.358296002026613	14
0.0010684365776860716	-16.087856946505042	4
0.0011474196140350379	-19.191952193861432	3
0.0013025747130712508	-17.12546768405169	5
0.0009331344782219703	-16.680524965263803	2
0.0011359702049834343	-16.527098380092873	4
0.0011896282097837829	-17.291371120798523	10
0.0015768240353010638	-23.87163550826466	2
0.0015569964360323558	-23.783955914198845	1
0.0014154629491280098	-19.476367496244492	4
0.0015770051735342458	-23.883991553654386	1
0.0013669686547899134	-20.80530277753112	4
0.0009621208706683577	-17.78363498067476	5
0.001379162389363715	-22.090751766733895	5
0.0012285586107175196	-16.216258468824357	6
0.0015900588209383107	-23.949254540145635	1
0.0011707279708234619	-19.510582992170615	5
0.00130221283184568	-21.12457479613671	3
0.0010105788986691563	-17.19417644450202	10
0.0008394874018841957	-16.35987526610262	7
0.0009898075395597826	-17.43271637192632	8
0.0009419732267184267	-17.137272833017615	12
0.0015447561079679848	-23.722759197267095	1
0.0012557482578549905	-20.395406610029617	2
0.0014045820988182148	-22.07572667639327	2
0.0012878360863586389	-21.312073677042935	4
0.0012224472129572627	-20.192349338286245	6
0.001358159952272186	-21.89898903458326	7
0.0009069737271164377	-17.372341203189286	6
0.0008989886436630756	-16.76146444383838	6
0.0015736741077422476	-23.867337564538904	1
0.0010313576918386466	-17.273291502410107	10
0.0015546503272162782	-23.77222631378671	1
0.000984382480441184	-17.628814039491424	4
0.001504286894836746	-23.52042940941999	1
0.0009235940762160116	-17.094311267352985	13
0.0013240584517319497	-17.929534184179712	12
0.001015089587928473	-17.00641527249083	12
0.0014366667942920326	-22.629082989980432	7
0.0015674284823393937	-23.836111949683634	1
0.0009310159330001144	-16.58893631605222	11
0.0014632238141311787	-23.315130522570794	1
0.0015409501188161426	-23.608022057899916	2
0.0013835333391633532	-21.876133996624397	2
0.0012982048619827773	-21.669757727028482	9
0.0015981046925130902	-23.989480661752964	1
0.0015949082436268753	-23.973499703019847	1
0.0008425478075526633	-16.178954104352822	5
0.0012234662035637582	-16.968445714682307	26
0.0011820173193387517	-17.02846929459473	24
0.0015936120591959967	-23.967019302225797	1
0.0012021973072840891	-19.691289887299828	9
0.001599099788675341	-23.994455742309704	1
0.0008508032476897822	-16.166483333175762	30
0.0015282832980466554	-23.31265153452074	2
0.001034716707311574	-18.352889781084077	6
0.0013201087203758388	-20.86346778137288	3
0.0015924339484623665	-23.96112922242556	1
0.0014742969402291907	-23.37049169915086	1
0.0013691452489049945	-22.38083552736456	11
0.0009634294546889892	-16.04252065846655	13
0.0008299573797363914	-16.2843945333572	4
0.0014386352979128723	-22.42101085608822	26
0.0015583182921662599	-23.790564663182177	1
0.0009921530002219591	-16.686340276887783	12
0.0015342005672811694	-23.669985739556196	1
0.0011134392191830954	-17.71002427127576	18
0.0011379424031954044	-17.909473951785174	11
0.0015161910528303279	-23.579945411214467	1
0.0012505807804347707	-19.120011024018364	5
0.0015681388978538882	-23.839663741507827	1
0.0012420125992733734	-20.141304507817193	2
0.0015831685997104064	-23.914806205438936	1
0.001597533736053626	-23.986626109109732	1
0.0009894594302539345	-18.071999124927405	3
0.0008121395377030222	-16.04936963558692	7
0.001593078686311135	-23.964352652338448	1
0.0009168277557358327	-16.842480945859712	4
0.0010333523953598113	-18.82074840116334	16
0.0014375794408382505	-22.585289732669377	10
0.0008699853955605658	-16.24953621827988	3
0.0010583445068244567	-16.144701048486432	9
0.0010805704683756441	-17.331968557039996	13
0.0013158478835424447	-21.25728156159726	10
0.0014207045219846218	-21.467493196366835	3
0.001539972728960986	-23.698844226236154	1
0.0009372439332552822	-16.17305442455204	3
0.0009018801573537114	-16.54363876555069	37
0.00151303505288643	-23.405184703159524	6
0.0009142021391778056	-17.318163921761595	13
0.0015375167356930087	-23.68656524776301	1
0.001162936643482257	-19.195803528054626	3
0.001476008624407363	-21.482270207130497	3
0.0009335299694310421	-17.353149487909164	10
0.0010819511649566304	-19.234831213687556	26
0.0014880949067225466	-23.43947598170335	1
0.0009582590021862198	-17.261843860966792	7
0.0013188080909670404	-20.485116956529424	4
0.0010313754161749703	-17.86597403064669	12
0.0012804917905038023	-21.0415534497089	14
0.0013996578921171086	-22.785676834994554	2
0.001575356232050304	-23.875747509483418	1
0.0008895331162697101	-17.025592750830448	11
0.0013940815630935576	-22.045326255388744	13
0.0012917046827557632	-18.650760560242336	9
0.0010378587355864555	-16.13752296815917	5
0.001487447572702617	-23.436239571978906	1
0.0015341619565324236	-23.669792701342747	1
0.0011323640329097338	-19.370348335781927	8
0.0010689528812817648	-18.338604101896657	4
0.001573766244149773	-23.86779820951678	1
0.001526798224124864	-23.63297700119675	1
0.0008436613702443159	-16.390923446022065	10
0.001590268302365517	-23.950301863022585	1
0.0015353274420863673	-23.54866775539815	2
0.0014863199765890957	-23.43060204496087	1
0.0015897592806572573	-23.947756959223547	1
0.001544445194761845	-23.72120475629407	1
0.0015740794948670585	-23.821317176188085	2
0.0011792208054988266	-16.905998665978025	5
0.0009432809756816417	-17.22967097129901	19
0.0015557031014710682	-23.777489761606454	1
0.000964860821401997	-16.244609357161107	3
0.0014979588694270715	-23.488791827674117	1
0.0012593707010377672	-20.603537572830973	4
0.0013958280180091098	-21.99439869125454	2
0.0015736270272714297	-23.86710218112185	1
0.000991876266125546	-17.389339965879284	24
0.0014181377088186879	-16.01123925397649	10
0.001320690427084299	-21.258192000854727	9
0.0014792606571076778	-22.792192646467363	7
0.001093009266111641	-17.130566288620123	22
0.0014904770054932875	-23.079193150088056	3
0.0009326926061606357	-16.065856100414493	4
0.0009280659687696747	-17.772102147138042	12
0.0014388150004513006	-22.530144941103554	4
0.0013998645136933234	-16.365459500800966	9
0.001071780744487384	-18.547131883251772	14
0.0009795305288433026	-17.11344880519903	22
0.0008576481850596172	-16.526792261646087	17
0.0014462997596782548	-22.68850333362356	1
0.0015493015042728079	-23.745484350510218	1
0.0008752967167472591	-16.27882214193522	9
0.0012195201790482192	-20.557666798614456	5
0.0014609151892757083	-23.303588326884626	1
0.0015986245747466401	-23.99207986381006	1
0.0008869442728163375	-16.822423685373014	5
0.0014766744226495584	-22.929332495676704	6
0.0010359548118895922	-17.17331590210446	8
0.0013482726475232561	-22.175781306421133	4
0.001528983150673254	-23.643900755102305	1
0.0009764172273439308	-16.533639296912305	7
0.001151875277499475	-16.89033780664854	6
0.0009342357174568883	-16.079614897604376	7
0.0012236034921762893	-19.50119286764773	23
0.001051874691946777	-17.81129563947419	4
0.0014294430459620522	-22.499238643173765	23
0.0013820034025123498	-21.821240743950796	3
0.0014879189206521222	-23.06498107605428	2
0.0015910768840895412	-23.954344446409326	1
0.0015681566682491396	-23.83975258633635	1
0.0009304067838816618	-16.222258269536713	7
0.0015850434696617918	-23.9241798010726	1
0.0009275022860223102	-17.45214583371739	12
0.0013492417556103832	-16.159368804469842	19
0.0015662368314448508	-23.830154174525052	1
0.0015749507816718341	-23.87372042067415	1
0.0009664791262737625	-16.174183824211624	6
0.0014982638924878327	-23.255159590983556	2
0.0011373594862091327	-19.420542918769744	11
0.0015849150661951597	-23.923537835386778	1
0.0014199929610600366	-22.666029216084652	2
0.00155395614845791	-23.768755699212285	1
0.0015911845480389708	-23.954882722851128	1
0.001158391407950559	-17.150187714270153	36
0.000830839760733604	-16.45807498421494	13
0.0008390428376142781	-16.12502927375133	5
0.0011821187639637534	-18.495508279437743	4
0.001598759935826634	-23.992756614764147	1
0.0015843726765901942	-23.920826105525677	1
0.0014863653812270186	-22.900576243555804	6
0.0010170095347109998	-16.105408810405024	13
0.001517366850438764	-23.18624757357009	4
0.0015663959519189616	-23.830949712893062	1
0.001403176637975633	-21.3766851480135	13
0.001561590877415275	-23.806926273105198	1
0.001391173371888646	-18.07926796899949	16
0.0011732035563607188	-16.895110535818084	21
0.0010955491849296678	-18.58972142725061	5
0.0008324366990482648	-16.179321463035862	9
0.0009720851559852191	-17.106856305530314	10
0.0014518756643511115	-23.258394338202386	1
0.0015054996523986375	-23.526492709425643	1
0.0015863972987147812	-23.93094840179098	1
0.001583929086698242	-23.918608334489736	1
0.001584185823884419	-23.919891917154	1
0.0015842509823646696	-23.92021768334676	1
0.0011709653726351015	-19.541655351133087	5
0.0009344272769774484	-16.1441230611712	2
0.0010615833086883215	-17.527995111515953	6
0.0012725239523442727	-21.267289382280264	4
0.0012043690767996468	-16.704353956044464	5
0.0015924628116303341	-23.96127352665585	1
0.001253968639505475	-19.387196319793375	15
0.000791526491501343	-16.026003012773497	4
0.0009536934582395068	-16.919264792203737	9
0.0014657250089612761	-23.32763549067325	1
0.0008668734044119915	-16.350213750862018	19
0.0014432097302648844	-21.50835450168192	11
0.0011324961584752349	-18.63206871964097	7
0.0010438306539210017	-18.773990682803518	17
0.0015545040301946332	-23.77149488752309	1
0.0015044362920640895	-23.52117633546511	1
0.0013903162638024718	-21.92027616332744	10
0.001037134878191945	-17.728092890296185	32
0.0014484677058931934	-23.022381955474177	7
0.0008484681408126761	-16.032270485010347	5
0.001366638958473062	-21.182815091054152	2
0.0015288645773739776	-20.944490674027346	16
0.0012836615263545645	-21.428144627378227	11
0.000941376428435366	-17.054055591569476	19
0.0008720352519797417	-16.619219118173362	14
0.0015061948482322223	-22.881764063810284	4
0.001047953797855436	-17.815018853920535	20
0.0008132516024439326	-16.211386541600362	4
0.0014988221979520616	-23.493108123045047	1
0.0015457313746013903	-22.222712165848208	21
0.0008566357909594198	-16.51494783927532	12
0.0015031651956964823	-23.514821364896314	1
0.001358606313252869	-22.298898731482844	7
0.0011816647658845396	-16.638780761127585	13
0.0008761782185468841	-16.631887041972156	9
0.0011185828104338933	-18.98292753674141	17
0.0008575025254835126	-16.254279537135922	35
0.0015870311870293614	-23.93411758839691	1
0.0015930575681249903	-23.964247069902033	1
0.001597483120142008	-23.98637304991073	1
0.0015601183159514513	-23.79956405809002	1
0.0013538849144859937	-21.194853684161675	4
0.0012424419603048475	-18.632572089399233	9
0.0015004209218523429	-21.39170537055819	5
0.0014438384044379764	-23.218211271439433	1
0.001203553369927828	-20.36042151294485	10
0.0014988547928034286	-23.493271084191353	1
0.0015718798796223899	-23.85836714562656	1
0.0012831155956764951	-17.682692447282985	4
0.000932006859281668	-16.31323985287098	10
0.0009815816926077917	-16.048610509379028	7
0.001079578534366266	-17.080642220641714	16
0.0015984171959873635	-23.991043053427006	1
0.0011082639523699194	-16.199367179375322	5
0.001310641649630384	-19.798444170219152	22
0.0008496706321323435	-16.2473752120645	30
0.0015942763245089897	-23.970340361605334	1
0.0013834594261141239	-20.040579757285776	10
0.0009510010563899587	-17.097715849373383	9
0.0015451674910962167	-23.724815947438866	1
0.0008845424951868477	-16.336006607536177	23
0.0012309798324875052	-20.120753107275352	8
0.001234524448765101	-21.230802614474808	6
0.001481627038248036	-22.541997314933226	3
0.0015978140260799745	-23.988027446501263	1
0.0008892878300286117	-16.679636120792306	14
0.0008266087555065302	-16.340722465035384	7
0.0015094025980814643	-23.546005867969747	1
0.0009606469227395502	-17.918305096444858	12
0.0008204731419857487	-16.01136374013266	10
0.0009065738618506096	-16.013130656699698	3
0.0008498532069389517	-16.96463108659803	4
0.0014127517051001337	-22.17339896367646	3
0.0015033969958653081	-20.203864618524594	5
0.001205318994120022	-17.24160872258866	14
0.0010630199387846855	-18.53173577608611	8
0.0013304987633218994	-22.523426974292015	1
0.0009627385494692405	-17.314669716890656	12
0.001497420749693731	-22.588223323460124	3
0.0010873825219018557	-18.459256731035577	11
0.0009395275108506628	-17.460447526578236	14
0.0012832983819667217	-21.129114121955936	12
0.0015823511197958942	-23.91071913467885	1
0.0010566438529859867	-18.95599544779157	9
0.0009138320322998476	-16.75138125626758	19
0.0009454158730784252	-17.47260756042723	5
0.0013933364728728112	-22.467028228729937	2
0.0012144187616601166	-20.281442456156235	10
0.0014191199430171693	-23.0946289067673	1
0.0014517254695912089	-23.257643424815257	1
0.0012161544796246524	-18.42914760944477	13
0.0008605697180619344	-16.770946403494285	10
0.0010483180004579775	-17.59482357732631	10
0.0010193300401703884	-17.790707914877245	7
0.0008226983002385706	-16.397767203763664	17
0.001559953603742191	-23.798740563295404	1
0.0011409243886359934	-19.688773950622398	4
0.0015044348955574622	-23.521169353493686	1
0.0015309622481375657	-23.653795446377483	1
