T	U	Steps
2.843643818273534	-120	0
2.843643818273534	-120	0
2.843643818273534	-120	0
2.843643818273534	-120	0
2.843643818273534	-120	0
0.00044724372899613033	-20.73588875148949	1
2.843643818273534	-120	0
2.843643818273534	-120	0
2.843643818273534	-120	0
2.843643818273534	-120	0
2.843643818273534	-120	0
2.843643818273534	-120	0
2.843643818273534	-120	0
2.843643818273534	-120	0
2.843643818273534	-120	0
0.0004506364745391247	-20.75285111455069	1
2.843643818273534	-120	0
0.00031451253741588813	-20.07228618165365	1
0.00037982769516068754	-20.398835698859475	1
0.0004303157382107235	-20.651255606456942	1
0.00057441736707927	-21.371705789237737	1
2.843643818273534	-120	0
2.843643818273534	-120	0
2.843643818273534	-120	0
2.843643818273534	-120	0
0.000261149217289567	-19.80549104518875	1
2.843643818273534	-120	0
2.843643818273534	-120	0
2.843643818273534	-120	0
0.00019679236848835162	-19.483732687243137	1
2.843643818273534	-120	0
0.00032884815807160286	-20.143958518758925	1
2.843643818273534	-120	0
2.843643818273534	-120	0
9.819152513530523e-05	-18.990768130396628	1
2.843643818273534	-120	0
0.00036014842002233643	-20.300447238702983	1
2.843643818273534	-120	0
0.0003622201078401863	-20.31080484450351	1
0.0005950557851612412	-21.474889578319168	1
7.67487456083731e-05	-18.883562857626263	1
2.843643818273534	-120	0
2.843643818273534	-120	0
2.843643818273534	-120	0
2.843643818273534	-120	0
0.0004177233665820602	-20.588298813305144	1
0.0005753936359970463	-21.376586741144926	1
0.0004877478711882717	-20.938393170591702	1
0.0005001821320015654	-21.000559473263085	1
0.00012142813473439095	-19.106941832000924	1
0.0003955352129863407	-20.0924039436001	1
0.0003098874336729321	-20.049162523280344	1
0.0004340018867652641	-20.669684866561273	1
2.843643818273534	-120	0
2.843643818273534	-120	0
0.00040213203069925914	-20.453155913062172	1
2.843643818273534	-120	0
1.747856200747792e-05	-18.587235779688307	1
2.843643818273534	-120	0
0.000356302223344239	-20.233036548332898	2
0.0005500796790954863	-21.25002713859338	1
0.0005906590643421646	-21.452907742703488	1
2.843643818273534	-120	0
2.843643818273534	-120	0
2.843643818273534	-120	0
0.000577280819523419	-21.386021899700676	1
2.843643818273534	-120	0
0.0005657907534678817	-21.328576191037474	1
0.0004160235492106167	-20.04871383527575	2
2.843643818273534	-120	0
2.843643818273534	-120	0
0.0005455301889446486	-21.22728151776684	1
0.0005363618147017932	-21.18144333431998	1
2.843643818273534	-120	0
0.0002603585579589274	-19.80153806656006	1
2.843643818273534	-120	0
2.843643818273534	-120	0
2.843643818273534	-120	0
0.0005017783913929505	-21.008540128161428	1
0.0004934113210062599	-20.966708141689367	1
0.000283895624727299	-19.919213933158805	1
0.0002728597974880684	-19.864039235870035	1
0.0005079891338801224	-21.03959134246914	1
0.0005990992288266338	-21.495105170264026	1
0.00011802264197364277	-19.089915737978224	1
2.843643818273534	-120	0
0.0004780143681962562	-20.88972957070907	1
0.00023135448039375388	-19.656529344956507	1
2.843643818273534	-120	0
2.843643818273534	-120	0
2.843643818273534	-120	0
2.843643818273534	-120	0
2.843643818273534	-120	0
2.843643818273534	-120	0
2.843643818273534	-120	0
2.843643818273534	-120	0
2.843643818273534	-120	0
2.843643818273534	-120	0
2.843643818273534	-120	0
0.00024597476814263873	-19.72962490302685	1
2.843643818273534	-120	0
2.843643818273534	-120	0
2.843643818273534	-120	0
0.0004633499567790134	-20.816413412044664	1
0.0005657002505692003	-21.328123712946773	1
2.843643818273534	-120	0
0.00035764449269835256	-20.28792860923017	1
0.0005965025381574017	-21.482122761376893	1
0.0005479826993919722	-21.23954308353761	1
0.0002513897346909178	-19.756697557722642	1
2.843643818273534	-120	0
0.0005634470093450706	-21.316858413140523	1
2.843643818273534	-120	0
2.843643818273534	-120	0
2.843643818273534	-120	0
2.843643818273534	-120	0
4.436976065166228e-05	-18.721680956543807	1
0.00011997152940146171	-19.09965939122223	1
0.00048217337973994676	-20.910522955560896	1
2.843643818273534	-120	0
0.0002960430224049109	-19.97994603553587	1
2.843643818273534	-120	0
7.557995847866582e-05	-18.6278560378845	2
2.843643818273534	-120	0
2.843643818273534	-120	0
0.0003253953259051477	-20.126695746748876	1
2.843643818273534	-120	0
2.843643818273534	-120	0
2.843643818273534	-120	0
2.843643818273534	-120	0
2.843643818273534	-120	0
0.0004658283378567105	-20.82880432056143	1
0.00022652464136537132	-19.632382092506123	1
2.843643818273534	-120	0
0.00033835684655139696	-20.19149813650691	1
2.843643818273534	-120	0
0.0003743911080230015	-20.37165494991303	1
0.0005870226107646287	-21.434726937495526	1
2.843643818273534	-120	0
2.843643818273534	-120	0
0.00020601237100622617	-19.529828991298807	1
2.843643818273534	-120	0
2.843643818273534	-120	0
2.843643818273534	-120	0
2.843643818273534	-120	0
0.00038733162355457325	-20.436352322546504	1
0.00011889784545513142	-19.09429140335522	1
0.0001890850321063282	-19.4451991054316	1
2.843643818273534	-120	0
0.00029483862863380334	-19.973924551119993	1
0.0003020359891180199	-20.00990845856856	1
0.0002842272233078858	-19.920871792683847	1
0.0005300507604037991	-21.149890601306275	1
0.00016504272966628175	-19.041622137991233	2
0.00026040811885255064	-19.80178585109345	1
2.843643818273534	-120	0
0.0003572836891753425	-20.286124736740028	1
2.843643818273534	-120	0
2.843643818273534	-120	0
1.049759513868286e-06	-18.50509837532775	1
2.843643818273534	-120	0
0.000293086965513755	-19.965166940085908	1
0.00026351830456988425	-19.81733552867953	1
2.843643818273534	-120	0
2.843643818273534	-120	0
0.0005123897296560557	-21.06159255131049	1
6.264025364287582e-05	-18.81302607261479	1
0.0005006445072408876	-21.002871163479906	1
2.843643818273534	-120	0
0.0005828524934131896	-21.413878028072006	1
5.294100808024493e-05	-18.764533746099815	1
0.0002043708776430338	-18.891766355086666	2
0.0005419488406804722	-21.20937621696083	1
4.398556737232005e-05	-18.719760144679995	1
2.843643818273534	-120	0
2.843643818273534	-120	0
2.843643818273534	-120	0
0.00029019300602812906	-19.95069830668634	1
0.000518719077249988	-21.09323674344583	1
0.00046323949270678526	-20.815861136115153	1
0.0005017964736507856	-21.00863053217743	1
2.843643818273534	-120	0
2.843643818273534	-120	0
2.843643818273534	-120	0
0.0004334228010232076	-20.666789670774893	1
2.843643818273534	-120	0
0.0005880425591762753	-21.439826269302994	1
2.843643818273534	-120	0
0.000576302668768232	-21.381131539363356	1
2.843643818273534	-120	0
0.00028493225616222316	-19.924396673372303	1
2.3915655896704944e-05	-18.619418659961653	1
0.00019640291048082643	-19.481785553856025	1
2.843643818273534	-120	0
2.843643818273534	-120	0
0.0004336256602942587	-20.66780388553468	1
0.00017705880328169817	-19.385072798582062	1
0.0002470307481367202	-19.73490437825362	1
0.0003460502307284627	-20.229961962905616	1
0.00048111613217720995	-20.9052371430007	1
2.843643818273534	-120	0
0.00037057385913242543	-20.352570240860615	1
0.00042505506517871516	-20.62495435728149	1
2.843643818273534	-120	0
2.843643818273534	-120	0
2.843643818273534	-120	0
2.843643818273534	-120	0
2.843643818273534	-120	0
2.843643818273534	-120	0
2.843643818273534	-120	0
3.392057469046426e-05	-18.66943922968225	1
2.843643818273534	-120	0
2.843643818273534	-120	0
0.0005101566558030077	-21.050428080247784	1
2.9927588509085675e-05	-18.649475904862104	1
2.843643818273534	-120	0
0.0004222493786909495	-20.610927053365444	1
2.843643818273534	-120	0
2.843643818273534	-120	0
2.843643818273534	-120	0
2.843643818273534	-120	0
2.843643818273534	-120	0
0.000582637344692952	-21.412802371009438	1
4.8960928172700806e-05	-18.744634947457584	1
0.00011552732247890943	-19.077440144189364	1
0.0005641540068041046	-21.320393116062245	1
2.843643818273534	-120	0
0.0005314022489703218	-21.156647500533733	1
2.843643818273534	-120	0
5.016815344428894e-05	-18.75067058823696	1
0.00058512117824804	-21.425220539720026	1
0.0005185251115928441	-21.092266993178328	1
2.843643818273534	-120	0
2.843643818273534	-120	0
2.843643818273534	-120	0
2.843643818273534	-120	0
0.00039128422026841217	-20.456113716274686	1
2.843643818273534	-120	0
2.843643818273534	-120	0
2.843643818273534	-120	0
0.00034450522745332093	-20.222237567971895	1
0.000274940083980047	-19.87443983158259	1
0.00037340933120862064	-20.36674646073824	1
2.843643818273534	-120	0
0.0005770261652822386	-21.384748730923576	1
2.843643818273534	-120	0
0.0005795351259570219	-21.397292525125838	1
2.843643818273534	-120	0
2.843643818273534	-120	0
2.843643818273534	-120	0
2.843643818273534	-120	0
0.0002444160656987247	-19.721832017759443	1
0.0005555930540962706	-21.277591795969165	1
0.00010911566481803033	-19.04538443482662	1
2.843643818273534	-120	0
0.0005932928117690417	-21.466075420473622	1
2.843643818273534	-120	0
2.843643818273534	-120	0
2.843643818273534	-120	0
2.843643818273534	-120	0
2.843643818273534	-120	0
2.843643818273534	-120	0
2.843643818273534	-120	0
2.843643818273534	-120	0
0.0003970509034640484	-20.484944812737343	1
0.00023731826371549696	-19.68634586277071	1
0.00020976849987997575	-19.54860812485121	1
0.0005852293399566022	-21.42576130475728	1
2.843643818273534	-120	0
0.0001354330681345016	-19.17696086583951	1
2.843643818273534	-120	0
0.00047072384984880503	-20.853279911414933	1
8.784519893380198e-05	-18.93904066096058	1
0.0005064815955204502	-21.03205425704337	1
0.00021240440016522896	-19.56178656604728	1
0.000241832514321045	-19.708915300045096	1
2.843643818273534	-120	0
0.0004136162359859584	-20.567764812323343	1
0.00018640808873471307	-19.43181546531235	1
0.0004107607107292903	-20.55348833460928	1
9.669616506459998e-05	-18.983291931517257	1
2.843643818273534	-120	0
2.843643818273534	-120	0
0.0005801197202617629	-21.400215261509945	1
2.843643818273534	-120	0
0.0005621728422311005	-21.31048809007505	1
2.843643818273534	-120	0
0.00043319756972644464	-20.665663604885182	1
2.843643818273534	-120	0
2.843643818273534	-120	0
2.843643818273534	-120	0
2.843643818273534	-120	0
0.0003879208116923836	-20.439298026248196	1
2.843643818273534	-120	0
5.804375872887839e-05	-18.790045446879034	1
2.843643818273534	-120	0
2.843643818273534	-120	0
0.0005534221659394338	-21.266738228374752	1
0.0003396609897631593	-20.19801832800415	1
2.843643818273534	-120	0
2.843643818273534	-120	0
0.0004791839442353951	-20.89557698046973	1
0.0005064623036052224	-21.03195780522696	1
0.0005495020254798947	-21.247139102863287	1
2.843643818273534	-120	0
2.843643818273534	-120	0
0.0004097942996584348	-20.548656667971603	1
0.00013335225057306145	-19.16655761499326	1
2.843643818273534	-120	0
6.0030558356293865e-05	-18.799978645871715	1
0.0005080473534996925	-21.03988241714949	1
2.843643818273534	-120	0
0.0005011275857984502	-21.00528636196049	1
2.843643818273534	-120	0
0.00045217122655961733	-20.7605242573345	1
0.0004913026642857731	-20.956165706245542	1
2.843643818273534	-120	0
2.843643818273534	-120	0
2.843643818273534	-120	0
9.345839627636534e-05	-18.967104389894022	1
2.843643818273534	-120	0
0.000419315025690317	-20.596256468638206	1
2.843643818273534	-120	0
2.843643818273534	-120	0
0.0005952713244165665	-21.475967187900093	1
0.00034741092853036716	-20.236764904605778	1
2.843643818273534	-120	0
0.0003035936084235677	-19.955827501673102	1
0.0004351150591277737	-20.67525028062587	1
0.0001476675616355325	-19.238128412301382	1
0.00033221438903603207	-20.16078831959218	1
2.843643818273534	-120	0
2.843643818273534	-120	0
1.6640981307913603e-05	-18.583048213088034	1
0.0002630216377641048	-19.81485239442342	1
2.843643818273534	-120	0
2.843643818273534	-120	0
2.843643818273534	-120	0
0.000550244612458149	-21.250851739066047	1
2.843643818273534	-120	0
2.843643818273534	-120	0
2.843643818273534	-120	0
0.0005185077247366216	-21.09218006589068	1
2.843643818273534	-120	0
0.00012618744034642205	-19.13073644573999	1
0.0005239311900499723	-21.119295210993396	1
2.843643818273534	-120	0
2.843643818273534	-120	0
0.0004266858254354506	-20.633107502629404	1
2.843643818273534	-120	0
2.843643818273534	-120	0
2.843643818273534	-120	0
0.0005714661738486031	-21.356951010133923	1
0.0002468799780180206	-18.613762359035864	1
0.00048169944466080317	-20.90815347079465	1
0.00012606085454271423	-19.130103567637676	1
0.00047357774254380616	-20.86754822697732	1
2.843643818273534	-120	0
2.843643818273534	-120	0
0.00016030820589381834	-19.30132654918474	1
2.843643818273534	-120	0
0.000543356167879718	-21.2164122868921	1
2.843643818273534	-120	0
0.0004464021219090233	-20.731681054571027	1
0.0002941349479691417	-19.97040643083603	1
0.0004625983727982645	-20.81265579444827	1
0.00024884258920221657	-19.743962854809755	1
0.0001251963860148443	-19.125781572710885	1
0.00046618106479545326	-20.830567813378856	1
2.843643818273534	-120	0
2.843643818273534	-120	0
0.00010940499312040443	-19.046830959962843	1
2.843643818273534	-120	0
7.368248607527252e-05	-18.86823279329305	1
2.843643818273534	-120	0
2.843643818273534	-120	0
2.843643818273534	-120	0
2.843643818273534	-120	0
2.843643818273534	-120	0
0.00044966040202815583	-20.74797114459854	1
2.843643818273534	-120	0
5.703958574428782e-05	-18.785024985861543	1
0.00038610757941149167	-20.430232594174665	1
0.0005976311249896323	-21.48776524158998	1
5.8654199133143444e-05	-18.793097403364765	1
0.0005494753993854397	-21.247005983100745	1
0.00040650422123830504	-20.53220759922924	1
2.843643818273534	-120	0
2.843643818273534	-120	0
2.843643818273534	-120	0
2.843643818273534	-120	0
2.843643818273534	-120	0
0.00032892811311704875	-20.144358261826078	1
2.843643818273534	-120	0
0.0003045882798949984	-20.022668885853257	1
0.0004971542434794725	-20.985421248551056	1
2.843643818273534	-120	0
0.00020357324702444842	-19.517634352471372	1
2.843643818273534	-120	0
6.197965080135894e-05	-18.809723324119485	1
2.843643818273534	-120	0
2.843643818273534	-120	0
2.843643818273534	-120	0
0.0005067215390542932	-21.033253878200824	1
2.843643818273534	-120	0
0.0004601832426184564	-20.800581114979728	1
3.6254197688409285e-05	-18.68110640602586	1
2.843643818273534	-120	0
2.843643818273534	-120	0
2.843643818273534	-120	0
2.843643818273534	-120	0
2.843643818273534	-120	0
2.843643818273534	-120	0
0.00030849923241396774	-20.04222207535751	1
2.843643818273534	-120	0
0.0005464246029585125	-21.23175322807872	1
2.843643818273534	-120	0
2.843643818273534	-120	0
2.843643818273534	-120	0
2.843643818273534	-120	0
2.843643818273534	-120	0
2.843643818273534	-120	0
2.843643818273534	-120	0
0.00037706332477682606	-20.385014958844497	1
3.248642780586391e-05	-18.662269072111812	1
0.0005674183825085321	-21.336713681564422	1
1.4453057520139329e-05	-18.572109474191123	1
0.00036447673602113453	-20.32208707773153	1
2.843643818273534	-120	0
2.843643818273534	-120	0
2.843643818273534	-120	0
2.843643818273534	-120	0
0.0005036170228255198	-21.017732545777122	1
2.843643818273534	-120	0
2.843643818273534	-120	0
0.0005772445870439246	-21.385840751876884	1
0.00048359625001205683	-20.917636734604645	1
2.843643818273534	-120	0
0.0001896549089514482	-19.44804826043736	1
2.843643818273534	-120	0
1.8267117391160662e-05	-18.591178239428476	1
0.0004368449898077876	-20.68389923820116	1
0.0004339958658552098	-20.66965476443277	1
2.843643818273534	-120	0
0.0003852740319607455	-20.4260651921962	1
2.843643818273534	-120	0
1.254460398328328e-05	-18.562567974138332	1
7.593102694748781e-05	-18.879474593230338	1
2.843643818273534	-120	0
2.843643818273534	-120	0
0.0005410453748696957	-21.204859251305265	1
2.843643818273534	-120	0
0.0004641091293337156	-20.820208969458495	1
7.494793360481642e-05	-18.874559521943638	1
0.000479194457098521	-20.895629540556804	1
0.00018402311434594974	-19.41989155266956	1
2.843643818273534	-120	0
0.0003704662875334658	-20.352032426134016	1
0.00040881466331777063	-20.54375888030444	1
0.0005620846099261336	-21.310046964039632	1
0.00045630728890125186	-20.781202905406836	1
2.843643818273534	-120	0
2.843643818273534	-120	0
7.175753133555654e-05	-18.858608793863187	1
2.843643818273534	-120	0
2.843643818273534	-120	0
2.843643818273534	-120	0
2.843643818273534	-120	0
0.00028670096557375125	-19.93323950900731	1
2.843643818273534	-120	0
0.0002501500851104656	-19.75049980844088	1
0.00045416449811688174	-20.770489813373235	1
2.843643818273534	-120	0
0.00031251699160587493	-20.06230925526593	1
0.0005843642376461217	-21.42143614117236	1
0.00032280500716233367	-20.113745194930875	1
2.843643818273534	-120	0
0.0004994155150252057	-20.996726696735312	1
3.8202524012899815e-05	-18.690847253978916	1
2.843643818273534	-120	0
0.00016040887319561725	-19.30182984520263	1
0.00043543580019915853	-20.676853856972084	1
0.00046047591677589653	-20.80204436804549	1
2.843643818273534	-120	0
0.0004621822801677285	-20.625379462714257	2
0.0005616095916778015	-21.307672063863123	1
0.00028847071493667684	-19.94208754398101	1
2.843643818273534	-120	0
0.000343366249769993	-20.2165431376828	1
2.843643818273534	-120	0
2.843643818273534	-120	0
0.00034189193924593026	-20.209172178069945	1
2.843643818273534	-120	0
0.0003662512179842903	-20.330958773802802	1
0.00035092004251534585	-20.254309063070377	1
0.0005680583511795846	-21.339913267507026	1
2.843643818273534	-120	0
0.0004963971942651961	-20.981636306985287	1
2.843643818273534	-120	0
2.843643818273534	-120	0
2.843643818273534	-120	0
0.00019867638502920023	-19.49315201214511	1
2.843643818273534	-120	0
2.843643818273534	-120	0
2.843643818273534	-120	0
2.843643818273534	-120	0
0.0005174480908646228	-21.08688232274401	1
0.0004390354186393785	-20.694850501309556	1
2.843643818273534	-120	0
2.843643818273534	-120	0
0.000328692242015559	-20.143179001192347	1
2.843643818273534	-120	0
2.843643818273534	-120	0
2.843643818273534	-120	0
0.0005306824940866031	-21.153049015619967	1
2.843643818273534	-120	0
2.843643818273534	-120	0
2.843643818273534	-120	0
2.843643818273534	-120	0
2.843643818273534	-120	0
0.00042915662330087986	-20.645460498135005	1
2.843643818273534	-120	0
0.0005995014320511982	-21.497116024609863	1
2.843643818273534	-120	0
2.843643818273534	-120	0
2.843643818273534	-120	0
2.843643818273534	-120	0
2.843643818273534	-120	0
2.843643818273534	-120	0
2.843643818273534	-120	0
2.843643818273534	-120	0
2.843643818273534	-120	0
2.843643818273534	-120	0
0.00010052077200323924	-19.00241342785038	1
0.0005771162846356744	-21.385199291442323	1
2.843643818273534	-120	0
2.843643818273534	-120	0
2.843643818273534	-120	0
2.843643818273534	-120	0
2.843643818273534	-120	0
2.843643818273534	-120	0
2.843643818273534	-120	0
0.00046850563480723274	-20.842189728432995	1
0.0005135264629797231	-21.06727576070402	1
0.000526193051671492	-21.130603609319245	1
2.843643818273534	-120	0
0.00034069300606799375	-20.203177994423527	1
2.843643818273534	-120	0
0.00043676238372342927	-20.683486241005763	1
2.843643818273534	-120	0
0.00029191399125661627	-19.959302540602096	1
1.1699010478935749e-05	-18.55834034673711	1
0.0003834930644362795	-20.417161070927047	1
2.843643818273534	-120	0
0.0005583965337165052	-21.291608066435217	1
0.0005174687806032635	-21.08698576311524	1
0.00020121811152950736	-19.505859622295688	1
2.843643818273534	-120	0
0.0005856742885017592	-21.427985868512756	1
2.843643818273534	-120	0
2.843643818273534	-120	0
2.843643818273534	-120	0
0.0005371846759556382	-21.185557309612214	1
2.843643818273534	-120	0
0.0002243904234836102	-19.621711861537317	1
8.719107235493683e-05	-18.70075201635109	1
0.00048725496239095323	-20.935928824866323	1
0.00047064179260853	-20.852869658219195	1
2.843643818273534	-120	0
2.843643818273534	-120	0
4.660985300391101e-05	-18.732880517279483	1
2.843643818273534	-120	0
2.843643818273534	-120	0
2.843643818273534	-120	0
0.0003393226607909964	-20.19632681922837	1
2.843643818273534	-120	0
0.0002069499808913647	-19.534516663592512	1
2.843643818273534	-120	0
0.00018811609125594797	-19.440354790913844	1
5.10808019409696e-05	-18.75523346362852	1
2.843643818273534	-120	0
0.0005213907560548681	-21.106594062848952	1
2.843643818273534	-120	0
2.843643818273534	-120	0
0.00022508486772147254	-19.625183803402425	1
0.00048776684096243493	-20.938488011832362	1
2.843643818273534	-120	0
0.0005448749171154357	-21.22400542218878	1
2.843643818273534	-120	0
2.843643818273534	-120	0
0.00031912164497733354	-20.09532986555349	1
0.00022815168633373903	-19.64051666290659	1
0.0003648358967247199	-20.323882736785336	1
2.843643818273534	-120	0
2.843643818273534	-120	0
0.00047439384459297036	-20.871628408964884	1
2.843643818273534	-120	0
0.00038526058227146776	-20.42599794915964	1
2.843643818273534	-120	0
0.0003548157137234636	-20.27378585216693	1
2.843643818273534	-120	0
0.00022125870138206934	-19.60605451069271	1
2.843643818273534	-120	0
2.843643818273534	-120	0
2.843643818273534	-120	0
0.00023385169586405213	-19.669014417860577	1
2.843643818273534	-120	0
0.0002601747680562322	-19.80061919097184	1
0.0005058292727331839	-21.028792905488856	1
0.0005135243501129952	-21.067265197220237	1
2.843643818273534	-120	0
0.00043333333907554075	-20.666342397020568	1
0.0004874269862139693	-20.936788874788782	1
0.00029311851950484066	-19.96532469734947	1
0.0005405001896302911	-21.20213354439645	1
2.843643818273534	-120	0
2.843643818273534	-120	0
0.0005044769352881267	-21.02203176221017	1
0.0002772918475532546	-19.886197703505886	1
0.0001101425198199631	-19.050518296807507	1
0.0005360418073915546	-21.17984342648436	1
2.843643818273534	-120	0
0.0005853256323845691	-21.426242728165704	1
0.00034491290595323843	-20.224275796492194	1
2.843643818273534	-120	0
2.843643818273534	-120	0
0.00048754748403899786	-20.937391315446447	1
0.0005277806572827457	-21.138540998797712	1
2.843643818273534	-120	0
2.843643818273534	-120	0
0.00019817075627783358	-19.490624071765797	1
0.00042479302092419236	-20.623644241410144	1
2.843643818273534	-120	0
2.843643818273534	-120	0
0.0004909865214820032	-20.954585119387858	1
0.00046731972003200624	-20.83626063156377	1
0.00044382604983076145	-20.71880173034539	1
0.00036984927340692547	-20.34894760368104	1
0.00017086503306988857	-19.354106438824456	1
2.843643818273534	-120	0
4.566753826563814e-05	-18.728169322612523	1
2.843643818273534	-120	0
0.0005524944511571152	-21.26210002761507	1
0.000579049216995569	-21.39486317576426	1
0.00036295789635947933	-20.314493490341537	1
0.0001609288575312908	-19.30442955772927	1
0.0004828054064763553	-20.671691437946375	2
2.843643818273534	-120	0
2.843643818273534	-120	0
0.000549300215902447	-21.246130136149304	1
0.0004769962702227394	-20.884639490347947	1
0.0005290713528963124	-21.14499395771296	1
0.00018272088759399116	-19.413380942700496	1
0.0003063362164267484	-20.031407865444788	1
0.00034118967081711815	-20.20566111839719	1
2.843643818273534	-120	0
0.0005485366787112098	-21.24231275730837	1
2.843643818273534	-120	0
2.843643818273534	-120	0
2.843643818273534	-120	0
2.843643818273534	-120	0
0.0002702107261539453	-19.85079494472736	1
0.0001976906655679604	-19.488223811321866	1
2.843643818273534	-120	0
2.843643818273534	-120	0
0.0003158184003730825	-20.078814971186315	1
2.843643818273534	-120	0
0.0005597757419790227	-21.29850355299304	1
0.00023963227695769878	-19.69791499822318	1
2.843643818273534	-120	0
2.843643818273534	-120	0
0.0005733810025190082	-21.36652438329021	1
2.843643818273534	-120	0
2.843643818273534	-120	0
0.0001820313317534425	-19.40993344085571	1
0.0005791008804532425	-21.395121472272194	1
2.843643818273534	-120	0
2.843643818273534	-120	0
2.843643818273534	-120	0
0.00017785712375339418	-19.389064079834515	1
0.0002560529773555166	-19.780011895363657	1
2.843643818273534	-120	0
2.843643818273534	-120	0
0.0005192228118661269	-21.095755213910873	1
0.0002940446940784289	-19.969955197685014	1
2.843643818273534	-120	0
0.0005797445941731717	-21.398339781952817	1
8.35035203664041e-05	-18.917334014463815	1
2.843643818273534	-120	0
0.0004329768949233168	-19.85990184671632	1
0.0004386574043449186	-20.6929605818848	1
0.00047943051550630885	-20.896809737646684	1
2.843643818273534	-120	0
2.843643818273534	-120	0
2.843643818273534	-120	0
2.843643818273534	-120	0
2.843643818273534	-120	0
2.843643818273534	-120	0
2.843643818273534	-120	0
2.843643818273534	-120	0
2.843643818273534	-120	0
0.0002230183842295662	-19.614852217138292	1
0.0004872723218271381	-20.936015615064814	1
2.843643818273534	-120	0
0.00027594639263447734	-19.879470970090257	1
0.00021850734943146258	-19.592298857607645	1
0.00021632700950754974	-19.581398034979607	1
2.843643818273534	-120	0
2.843643818273534	-120	0
0.00036476513001528025	-20.323528931702416	1
2.843643818273534	-120	0
2.843643818273534	-120	0
0.0003356852464228924	-20.178141210454022	1
0.00042782110774639335	-20.63878345754295	1
0.0004469031784588255	-20.734186135781577	1
0.000114045107067907	-19.07002966332137	1
0.0003871881621129583	-20.43563507304249	1
0.0004469820150153022	-20.73458028685377	1
2.843643818273534	-120	0
2.843643818273534	-120	0
2.843643818273534	-120	0
2.843643818273534	-120	0
2.843643818273534	-120	0
2.843643818273534	-120	0
2.843643818273534	-120	0
0.0005923368553788176	-21.461296023033945	1
2.843643818273534	-120	0
0.0004709962236897004	-20.854641671063305	1
0.00035930522764444385	-20.29623161596824	1
0.00031972755214332266	-20.098359157671233	1
2.843643818273534	-120	0
0.00014384805026541102	-19.21903239176127	1
2.843643818273534	-120	0
2.843643818273534	-120	0
2.843643818273534	-120	0
0.0005576540819465952	-21.287896106219794	1
0.00032615887268908306	-20.130513173549442	1
2.843643818273534	-120	0
0.0002267724235434407	-19.633620903731796	1
2.843643818273534	-120	0
0.0005165940421176827	-21.08261242253075	1
9.919181147470112e-05	-18.99576915975146	1
2.843643818273534	-120	0
0.00020975910266393647	-19.548561142550827	1
0.0005636287876961116	-21.31776723177957	1
0.00022275949293500298	-19.613557864798537	1
0.0004572826580422907	-20.78607935879225	1
0.0003904542145728533	-20.45196402164757	1
0.00016744705582534794	-19.337017927404393	1
2.843643818273534	-120	0
2.843643818273534	-120	0
2.843643818273534	-120	0
0.00038577237921497967	-20.428556728018666	1
2.843643818273534	-120	0
9.24820094356148e-05	-18.96222284841939	1
2.843643818273534	-120	0
2.843643818273534	-120	0
0.0004802962938561775	-20.901138281156623	1
0.0002398658022590803	-19.69908253079991	1
0.00023414021490345883	-19.670456897007472	1
8.988594633266037e-05	-18.949243577111222	1
0.00031342775940680943	-20.066862727935227	1
2.843643818273534	-120	0
2.843643818273534	-120	0
0.0004943718228070755	-20.971510264353714	1
0.00025644861402026963	-19.781989919551684	1
0.00038258619238052815	-20.412627075416694	1
0.00046572510778890915	-20.68199856390516	2
0.00023109661123549115	-19.655240102887124	1
2.843643818273534	-120	0
2.843643818273534	-120	0
0.00041936093789093904	-20.59648601117419	1
0.00047799805326614636	-20.88964800262082	1
2.843643818273534	-120	0
2.843643818273534	-120	0
0.00018904664880272515	-19.445007204352383	1
0.0003492899047648436	-20.246159030003238	1
2.843643818273534	-120	0
2.843643818273534	-120	0
0.0001629401308295912	-19.314485115232404	1
2.843643818273534	-120	0
0.00027078743220301695	-19.85367824300599	1
0.000444255976526282	-20.72095119089488	1
0.0005005338119111604	-21.002317731355916	1
0.00029332202568605945	-19.96634214639989	1
5.9671423667282556e-05	-18.798183116880317	1
2.843643818273534	-120	0
2.843643818273534	-120	0
2.843643818273534	-120	0
0.0005173678002126384	-21.08648090177915	1
0.0004922514483244051	-20.96090924481217	1
2.843643818273534	-120	0
2.843643818273534	-120	0
2.843643818273534	-120	0
0.00032824563993135244	-20.140946170406718	1
0.0004517385666314674	-20.75836113172124	1
0.0003717725288869373	-20.35856310749587	1
2.843643818273534	-120	0
2.843643818273534	-120	0
2.843643818273534	-120	0
0.0005547487637394544	-21.273370683781437	1
2.843643818273534	-120	0
1.278494220902801e-05	-18.56376956859654	1
0.0002774500546324315	-19.886988675266615	1
0.0004390617208524681	-20.694982001795545	1
0.00011373209512652793	-19.06846472951632	1
8.10721040107179e-05	-18.905177910666623	1
2.843643818273534	-120	0
2.843643818273534	-120	0
2.843643818273534	-120	0
0.00035543310269934447	-20.276872548715836	1
2.843643818273534	-120	0
0.0005471030565937754	-21.235145223362682	1
2.843643818273534	-120	0
2.843643818273534	-120	0
9.536485489369784e-05	-18.976635916151604	1
2.843643818273534	-120	0
2.843643818273534	-120	0
0.00013057624967851254	-19.152678727102952	1
2.843643818273534	-120	0
2.843643818273534	-120	0
2.843643818273534	-120	0
2.843643818273534	-120	0
0.0003798105419599975	-20.398749939755504	1
2.843643818273534	-120	0
0.0003316269855546817	-20.157851538454953	1
2.843643818273534	-120	0
2.843643818273534	-120	0
0.00038799631255872347	-20.439675500211408	1
2.843643818273534	-120	0
2.843643818273534	-120	0
2.843643818273534	-120	0
0.0004067933067202243	-20.533652910360857	1
2.843643818273534	-120	0
2.843643818273534	-120	0
0.0005503130651355749	-21.251193974919662	1
2.843643818273534	-120	0
2.843643818273534	-120	0
2.843643818273534	-120	0
0.0003284333230028651	-20.141884510273087	1
0.00040740917095605743	-20.536731983822815	1
0.0002517011572081325	-19.75825454504618	1
2.843643818273534	-120	0
2.843643818273534	-120	0
0.0003524494890931166	-20.261955680774562	1
2.843643818273534	-120	0
2.843643818273534	-120	0
0.00048584471606688735	-20.9288781604851	1
2.843643818273534	-120	0
2.843643818273534	-120	0
2.843643818273534	-120	0
0.0004615944354851639	-20.80763651169343	1
0.00018617675323056147	-19.430658880840973	1
2.843643818273534	-120	0
0.0004747369600607404	-20.87334384829344	1
2.843643818273534	-120	0
2.843643818273534	-120	0
0.0004624270683211478	-20.811799340965965	1
0.0003403012105524097	-20.20121917443633	1
2.843643818273534	-120	0
2.843643818273534	-120	0
2.843643818273534	-120	0
2.843643818273534	-120	0
2.843643818273534	-120	0
2.843643818273534	-120	0
0.00034362592905112197	-20.217841429638437	1
0.0005577140874597851	-21.28819610964991	1
2.843643818273534	-120	0
0.00037374551345941386	-20.36842723677064	1
0.0005069847116531293	-21.034569635339885	1
2.843643818273534	-120	0
7.045740487809513e-05	-18.85210868452181	1
0.0005623102166828701	-21.31117490707819	1
0.0005984346303541303	-21.49178244522094	1
0.0004698337691626865	-20.848829865998802	1
0.0005281057205721043	-21.140166184495286	1
0.00029266189336715174	-19.963041750328372	1
2.843643818273534	-120	0
2.843643818273534	-120	0
2.843643818273534	-120	0
0.0001509977894846291	-19.2547782120394	1
0.0002556814200703787	-19.15457574715567	1
0.0004381698797351844	-20.69052315493168	1
2.843643818273534	-120	0
0.0002973876020534845	-19.986668392952538	1
2.843643818273534	-120	0
2.843643818273534	-120	0
2.843643818273534	-120	0
2.843643818273534	-120	0
0.0005567455282813683	-21.283353703338452	1
0.00026591436179744234	-19.829314851058474	1
0.0005078393176689845	-21.03884232167357	1
0.0004996453382064395	-20.997875720200398	1
2.843643818273534	-120	0
0.0005444668859687261	-21.22196543057637	1
2.843643818273534	-120	0
2.843643818273534	-120	0
0.00035830757198312984	-20.094368466717455	2
0.00018221395690258264	-19.41084649314465	1
0.00041684727888357056	-20.5839187271988	1
2.843643818273534	-120	0
2.843643818273534	-120	0
2.843643818273534	-120	0
0.0002663749796002583	-19.83161775479965	1
2.843643818273534	-120	0
0.0004881414884856721	-20.940361098755208	1
2.843643818273534	-120	0
2.843643818273534	-120	0
0.00041014186664295677	-20.550394363093396	1
2.843643818273534	-120	0
0.00023274988300643905	-19.663505796751362	1
0.000529383765893238	-21.146555897036652	1
2.843643818273534	-120	0
2.843643818273534	-120	0
2.843643818273534	-120	0
2.843643818273534	-120	0
0.0003551447003292798	-20.275430652868724	1
2.843643818273534	-120	0
4.817097438558383e-05	-18.74068549626272	1
0.0002497729409380078	-19.460394758109032	2
2.843643818273534	-120	0
0.0005501259548821243	-21.250258498913198	1
2.843643818273534	-120	0
4.4239249948307556e-05	-18.721028455521957	1
2.843643818273534	-120	0
0.00042581572138246495	-20.628757332343795	1
2.843643818273534	-120	0
2.843643818273534	-120	0
0.0003554606682181418	-20.277010365222225	1
9.584756126895622e-05	-18.97904925387037	1
0.00011336531334738676	-19.06663096815014	1
2.843643818273534	-120	0
0.00028100915588311564	-18.848414112822056	1
2.843643818273534	-120	0
2.843643818273534	-120	0
0.00039878168569675753	-20.493598027733594	1
9.897964187091853e-05	-18.994708397072888	1
0.0003173483327679552	-20.086464017780603	1
1.9097681580325047e-05	-18.59533072629898	1
0.00022463101584180883	-19.622914726555575	1
1.0983743282116641e-05	-18.554764298452774	1
0.0004338540141623866	-20.668945563025233	1
2.843643818273534	-120	0
2.843643818273534	-120	0
2.843643818273534	-120	0
2.843643818273534	-120	0
6.448146062033787e-05	-18.82223136691899	1
2.843643818273534	-120	0
0.0005078803827871622	-21.03904763074696	1
0.00040296919872924485	-20.514533908565337	1
0.00048280516194170315	-20.913681612449835	1
2.843643818273534	-120	0
2.843643818273534	-120	0
2.843643818273534	-120	0
0.0002627575911320699	-19.81353226746992	1
2.843643818273534	-120	0
0.0004586699451826118	-20.793015236489552	1
2.843643818273534	-120	0
2.843643818273534	-120	0
2.843643818273534	-120	0
0.00046051839586887456	-20.802256746424142	1
2.843643818273534	-120	0
2.843643818273534	-120	0
0.00027771344470280606	-19.281368980027892	2
0.0003747109332263445	-20.373253947287424	1
2.843643818273534	-120	0
2.843643818273534	-120	0
0.0004545770602278796	-20.772552457984617	1
0.000360104754012409	-20.30022892621699	1
9.05007677899654e-05	-18.952317437099975	1
2.843643818273534	-120	0
2.843643818273534	-120	0
0.0005360298659910788	-21.179783724285134	1
2.843643818273534	-120	0
2.843643818273534	-120	0
0.0005742743303251028	-21.370990663000143	1
0.0005120077030315775	-21.05968257184951	1
2.843643818273534	-120	0
0.000494489939798815	-20.972100801802572	1
2.843643818273534	-120	0
4.9573090733770826e-05	-18.747695514034643	1
2.843643818273534	-120	0
0.00038513523016267466	-20.425371239035673	1
0.0005762485678780122	-21.380861056673094	1
2.843643818273534	-120	0
0.00029199276551504565	-19.959696380209113	1
2.843643818273534	-120	0
0.0003065580661364023	-20.03251702475912	1
7.48813565981811e-05	-18.87422666368953	1
0.00033008689500598404	-20.15015170517742	1
0.00033191021430931767	-18.98573272271969	1
6.905038733985423e-05	-18.84507416277101	1
2.843643818273534	-120	0
2.843643818273534	-120	0
2.843643818273534	-120	0
0.0005664153762521283	-21.331699053718577	1
2.843643818273534	-120	0
0.0005338446189009106	-21.168858367799615	1
0.00044861958255510857	-20.74276746587897	1
2.843643818273534	-120	0
