T	U	Steps
2.843643818273534	-120	0
2.843643818273534	-120	0
2.843643818273534	-120	0
2.843643818273534	-120	0
2.843643818273534	-120	0
2.843643818273534	-120	0
2.843643818273534	-120	0
2.843643818273534	-120	0
2.843643818273534	-120	0
2.843643818273534	-120	0
2.843643818273534	-120	0
2.843643818273534	-120	0
2.843643818273534	-120	0
0.00014688818343045455	-19.23423183476293	1
2.843643818273534	-120	0
2.843643818273534	-120	0
2.843643818273534	-120	0
2.843643818273534	-120	0
2.7166475920024697e-05	-18.635671452510756	1
2.843643818273534	-120	0
2.843643818273534	-120	0
2.843643818273534	-120	0
2.843643818273534	-120	0
2.843643818273534	-120	0
2.843643818273534	-120	0
2.843643818273534	-120	0
2.843643818273534	-120	0
2.843643818273534	-120	0
2.843643818273534	-120	0
2.843643818273534	-120	0
2.843643818273534	-120	0
2.843643818273534	-120	0
2.843643818273534	-120	0
2.843643818273534	-120	0
2.843643818273534	-120	0
2.843643818273534	-120	0
2.843643818273534	-120	0
2.843643818273534	-120	0
2.843643818273534	-120	0
2.843643818273534	-120	0
2.843643818273534	-120	0
2.843643818273534	-120	0
2.843643818273534	-120	0
2.843643818273534	-120	0
2.843643818273534	-120	0
2.843643818273534	-120	0
2.843643818273534	-120	0
2.843643818273534	-120	0
2.843643818273534	-120	0
2.843643818273534	-120	0
2.843643818273534	-120	0
2.843643818273534	-120	0
2.843643818273534	-120	0
2.843643818273534	-120	0
2.843643818273534	-120	0
2.843643818273534	-120	0
2.843643818273534	-120	0
2.843643818273534	-120	0
2.843643818273534	-120	0
2.843643818273534	-120	0
2.843643818273534	-120	0
2.843643818273534	-120	0
2.843643818273534	-120	0
2.843643818273534	-120	0
2.843643818273534	-120	0
2.843643818273534	-120	0
2.843643818273534	-120	0
2.843643818273534	-120	0
2.843643818273534	-120	0
2.843643818273534	-120	0
2.843643818273534	-120	0
2.843643818273534	-120	0
2.843643818273534	-120	0
2.843643818273534	-120	0
2.843643818273534	-120	0
2.843643818273534	-120	0
2.843643818273534	-120	0
2.843643818273534	-120	0
2.843643818273534	-120	0
2.843643818273534	-120	0
2.843643818273534	-120	0
2.843643818273534	-120	0
2.843643818273534	-120	0
2.843643818273534	-120	0
2.843643818273534	-120	0
2.843643818273534	-120	0
2.843643818273534	-120	0
0.00019223042789331894	-19.460924819203527	1
2.843643818273534	-120	0
2.843643818273534	-120	0
2.843643818273534	-120	0
2.843643818273534	-120	0
2.843643818273534	-120	0
2.843643818273534	-120	0
2.843643818273534	-120	0
2.843643818273534	-120	0
2.843643818273534	-120	0
2.843643818273534	-120	0
2.843643818273534	-120	0
2.843643818273534	-120	0
2.843643818273534	-120	0
2.843643818273534	-120	0
2.843643818273534	-120	0
2.843643818273534	-120	0
2.843643818273534	-120	0
3.9410136872138485e-05	-18.696884832540647	1
2.843643818273534	-120	0
2.843643818273534	-120	0
2.843643818273534	-120	0
2.843643818273534	-120	0
2.843643818273534	-120	0
2.843643818273534	-120	0
3.145181890642692e-05	-18.65709644376223	1
2.843643818273534	-120	0
2.843643818273534	-120	0
0.00048182278721003877	-20.908770133929128	1
2.843643818273534	-120	0
2.843643818273534	-120	0
6.679568870860762e-06	-18.53324515765154	1
2.843643818273534	-120	0
2.843643818273534	-120	0
2.843643818273534	-120	0
2.843643818273534	-120	0
2.843643818273534	-120	0
2.843643818273534	-120	0
2.843643818273534	-120	0
2.843643818273534	-120	0
2.843643818273534	-120	0
2.843643818273534	-120	0
2.843643818273534	-120	0
2.843643818273534	-120	0
2.843643818273534	-120	0
2.843643818273534	-120	0
2.843643818273534	-120	0
2.843643818273534	-120	0
2.843643818273534	-120	0
2.843643818273534	-120	0
2.843643818273534	-120	0
0.00019895519673119772	-19.49454595850951	1
2.843643818273534	-120	0
2.843643818273534	-120	0
0.00021509220548010768	-19.57522451151388	1
2.843643818273534	-120	0
2.843643818273534	-120	0
2.843643818273534	-120	0
9.904734445727611e-05	-18.99504688277287	1
2.843643818273534	-120	0
2.843643818273534	-120	0
2.843643818273534	-120	0
2.843643818273534	-120	0
2.843643818273534	-120	0
2.843643818273534	-120	0
2.843643818273534	-120	0
2.843643818273534	-120	0
2.843643818273534	-120	0
2.843643818273534	-120	0
2.843643818273534	-120	0
2.843643818273534	-120	0
2.843643818273534	-120	0
2.843643818273534	-120	0
2.843643818273534	-120	0
2.843643818273534	-120	0
2.843643818273534	-120	0
2.843643818273534	-120	0
2.843643818273534	-120	0
2.843643818273534	-120	0
2.843643818273534	-120	0
2.843643818273534	-120	0
2.843643818273534	-120	0
2.843643818273534	-120	0
2.843643818273534	-120	0
2.843643818273534	-120	0
2.843643818273534	-120	0
2.843643818273534	-120	0
2.843643818273534	-120	0
2.843643818273534	-120	0
2.843643818273534	-120	0
2.843643818273534	-120	0
2.843643818273534	-120	0
2.843643818273534	-120	0
2.843643818273534	-120	0
2.843643818273534	-120	0
2.843643818273534	-120	0
2.843643818273534	-120	0
2.843643818273534	-120	0
2.843643818273534	-120	0
2.843643818273534	-120	0
2.843643818273534	-120	0
2.843643818273534	-120	0
2.843643818273534	-120	0
2.843643818273534	-120	0
1.551799327227951e-05	-18.577433724605942	1
2.843643818273534	-120	0
2.843643818273534	-120	0
2.843643818273534	-120	0
2.843643818273534	-120	0
2.843643818273534	-120	0
2.843643818273534	-120	0
2.843643818273534	-120	0
2.843643818273534	-120	0
2.843643818273534	-120	0
2.843643818273534	-120	0
2.843643818273534	-120	0
0.0004751838081935718	-20.875577909223225	1
2.843643818273534	-120	0
2.843643818273534	-120	0
2.843643818273534	-120	0
2.843643818273534	-120	0
2.843643818273534	-120	0
2.843643818273534	-120	0
0.00014966391257135168	-19.248109363994285	1
2.843643818273534	-120	0
2.843643818273534	-120	0
2.843643818273534	-120	0
2.843643818273534	-120	0
2.843643818273534	-120	0
2.843643818273534	-120	0
2.843643818273534	-120	0
2.843643818273534	-120	0
2.843643818273534	-120	0
2.843643818273534	-120	0
2.843643818273534	-120	0
2.843643818273534	-120	0
6.600130369265324e-06	-18.532847997095867	1
2.843643818273534	-120	0
2.843643818273534	-120	0
2.843643818273534	-120	0
2.843643818273534	-120	0
2.843643818273534	-120	0
2.843643818273534	-120	0
2.843643818273534	-120	0
2.843643818273534	-120	0
2.843643818273534	-120	0
2.843643818273534	-120	0
2.843643818273534	-120	0
2.843643818273534	-120	0
2.843643818273534	-120	0
2.32451163341522e-06	-18.5114716231858	1
2.843643818273534	-120	0
2.843643818273534	-120	0
1.3242148406117036e-05	-18.56605541568132	1
2.843643818273534	-120	0
2.843643818273534	-120	0
2.843643818273534	-120	0
2.0847278722739068e-05	-18.604078008275884	1
2.843643818273534	-120	0
2.843643818273534	-120	0
2.843643818273534	-120	0
2.843643818273534	-120	0
2.843643818273534	-120	0
2.843643818273534	-120	0
2.843643818273534	-120	0
2.843643818273534	-120	0
2.843643818273534	-120	0
2.843643818273534	-120	0
2.843643818273534	-120	0
2.843643818273534	-120	0
2.843643818273534	-120	0
2.843643818273534	-120	0
2.843643818273534	-120	0
2.843643818273534	-120	0
2.843643818273534	-120	0
2.843643818273534	-120	0
2.843643818273534	-120	0
2.843643818273534	-120	0
2.843643818273534	-120	0
2.843643818273534	-120	0
2.843643818273534	-120	0
2.843643818273534	-120	0
2.843643818273534	-120	0
2.843643818273534	-120	0
2.843643818273534	-120	0
2.843643818273534	-120	0
2.843643818273534	-120	0
2.843643818273534	-120	0
2.843643818273534	-120	0
2.843643818273534	-120	0
2.843643818273534	-120	0
2.843643818273534	-120	0
2.843643818273534	-120	0
2.843643818273534	-120	0
2.843643818273534	-120	0
2.843643818273534	-120	0
2.843643818273534	-120	0
2.843643818273534	-120	0
0.00016952380868508947	-19.347400856377085	1
2.843643818273534	-120	0
2.843643818273534	-120	0
2.843643818273534	-120	0
0.0002374464362552972	-19.686986673915257	1
2.843643818273534	-120	0
2.843643818273534	-120	0
2.843643818273534	-120	0
2.843643818273534	-120	0
2.843643818273534	-120	0
2.843643818273534	-120	0
2.843643818273534	-120	0
2.843643818273534	-120	0
2.843643818273534	-120	0
2.5696143924598736e-05	-18.628320383940814	1
2.843643818273534	-120	0
1.8539736109429616e-05	-18.592541223365217	1
2.843643818273534	-120	0
2.843643818273534	-120	0
2.843643818273534	-120	0
2.843643818273534	-120	0
2.843643818273534	-120	0
2.843643818273534	-120	0
2.843643818273534	-120	0
2.843643818273534	-120	0
6.423562013386999e-05	-18.821002263370325	1
2.843643818273534	-120	0
2.843643818273534	-120	0
2.843643818273534	-120	0
2.843643818273534	-120	0
2.843643818273534	-120	0
2.843643818273534	-120	0
2.843643818273534	-120	0
2.843643818273534	-120	0
2.843643818273534	-120	0
2.843643818273534	-120	0
2.843643818273534	-120	0
2.843643818273534	-120	0
2.843643818273534	-120	0
2.843643818273534	-120	0
2.843643818273534	-120	0
2.843643818273534	-120	0
2.843643818273534	-120	0
0.00015776051677524261	-18.50142599271074	1
2.843643818273534	-120	0
2.843643818273534	-120	0
2.843643818273534	-120	0
2.843643818273534	-120	0
2.843643818273534	-120	0
2.843643818273534	-120	0
2.58873233871812e-05	-18.629276204356188	1
2.843643818273534	-120	0
2.843643818273534	-120	0
2.843643818273534	-120	0
2.843643818273534	-120	0
2.843643818273534	-120	0
2.843643818273534	-120	0
5.798593384741952e-05	-18.789756345730467	1
2.843643818273534	-120	0
2.843643818273534	-120	0
2.843643818273534	-120	0
2.843643818273534	-120	0
2.843643818273534	-120	0
2.843643818273534	-120	0
2.843643818273534	-120	0
2.843643818273534	-120	0
2.843643818273534	-120	0
2.843643818273534	-120	0
2.843643818273534	-120	0
2.843643818273534	-120	0
2.843643818273534	-120	0
2.843643818273534	-120	0
2.843643818273534	-120	0
1.6883297471141687e-05	-18.584259696438078	1
2.843643818273534	-120	0
2.843643818273534	-120	0
0.0005017388542081688	-21.00834245814044	1
2.843643818273534	-120	0
2.843643818273534	-120	0
2.843643818273534	-120	0
2.843643818273534	-120	0
2.843643818273534	-120	0
2.843643818273534	-120	0
2.843643818273534	-120	0
2.843643818273534	-120	0
2.843643818273534	-120	0
2.843643818273534	-120	0
2.843643818273534	-120	0
2.843643818273534	-120	0
2.843643818273534	-120	0
2.843643818273534	-120	0
1.7168001040678708e-05	-18.585683099770307	1
2.843643818273534	-120	0
2.843643818273534	-120	0
2.843643818273534	-120	0
2.843643818273534	-120	0
2.843643818273534	-120	0
2.843643818273534	-120	0
0.00033023452609442393	-20.150889801238417	1
2.843643818273534	-120	0
2.843643818273534	-120	0
2.843643818273534	-120	0
2.9743865360552838e-05	-18.648557363017844	1
2.4232252334668356e-05	-18.621001514807844	1
2.843643818273534	-120	0
2.843643818273534	-120	0
2.843643818273534	-120	0
2.843643818273534	-120	0
2.843643818273534	-120	0
2.843643818273534	-120	0
2.843643818273534	-120	0
2.843643818273534	-120	0
2.843643818273534	-120	0
2.843643818273534	-120	0
2.843643818273534	-120	0
2.843643818273534	-120	0
2.843643818273534	-120	0
2.843643818273534	-120	0
2.843643818273534	-120	0
2.843643818273534	-120	0
2.843643818273534	-120	0
2.843643818273534	-120	0
2.843643818273534	-120	0
2.843643818273534	-120	0
2.843643818273534	-120	0
2.843643818273534	-120	0
2.843643818273534	-120	0
2.843643818273534	-120	0
2.843643818273534	-120	0
2.843643818273534	-120	0
8.194822599795637e-05	-18.607689447215304	1
2.843643818273534	-120	0
2.843643818273534	-120	0
2.843643818273534	-120	0
2.843643818273534	-120	0
2.843643818273534	-120	0
2.843643818273534	-120	0
2.843643818273534	-120	0
2.843643818273534	-120	0
2.843643818273534	-120	0
2.843643818273534	-120	0
2.843643818273534	-120	0
2.843643818273534	-120	0
2.843643818273534	-120	0
6.944439509534737e-05	-18.84704404306793	1
2.843643818273534	-120	0
2.843643818273534	-120	0
2.843643818273534	-120	0
2.843643818273534	-120	0
2.843643818273534	-120	0
2.843643818273534	-120	0
2.843643818273534	-120	0
2.843643818273534	-120	0
2.843643818273534	-120	0
2.843643818273534	-120	0
2.843643818273534	-120	0
2.843643818273534	-120	0
2.843643818273534	-120	0
2.843643818273534	-120	0
0.00023837710283554649	-19.691639632477305	1
2.843643818273534	-120	0
2.843643818273534	-120	0
2.843643818273534	-120	0
2.843643818273534	-120	0
2.843643818273534	-120	0
2.843643818273534	-120	0
2.843643818273534	-120	0
2.843643818273534	-120	0
2.843643818273534	-120	0
2.843643818273534	-120	0
2.843643818273534	-120	0
2.843643818273534	-120	0
2.843643818273534	-120	0
2.843643818273534	-120	0
2.843643818273534	-120	0
2.843643818273534	-120	0
2.843643818273534	-120	0
2.843643818273534	-120	0
2.843643818273534	-120	0
2.843643818273534	-120	0
2.843643818273534	-120	0
2.843643818273534	-120	0
2.843643818273534	-120	0
2.843643818273534	-120	0
2.843643818273534	-120	0
2.843643818273534	-120	0
2.843643818273534	-120	0
2.843643818273534	-120	0
2.843643818273534	-120	0
2.843643818273534	-120	0
2.843643818273534	-120	0
2.843643818273534	-120	0
2.843643818273534	-120	0
2.843643818273534	-120	0
2.843643818273534	-120	0
2.843643818273534	-120	0
2.843643818273534	-120	0
2.843643818273534	-120	0
2.843643818273534	-120	0
2.843643818273534	-120	0
2.843643818273534	-120	0
2.843643818273534	-120	0
2.843643818273534	-120	0
2.843643818273534	-120	0
0.00045282836687401615	-20.763809694586932	1
2.843643818273534	-120	0
2.843643818273534	-120	0
2.843643818273534	-120	0
2.843643818273534	-120	0
2.843643818273534	-120	0
2.843643818273534	-120	0
2.843643818273534	-120	0
2.843643818273534	-120	0
2.843643818273534	-120	0
2.843643818273534	-120	0
0.0003040602958992178	-18.54755875437179	2
2.843643818273534	-120	0
2.843643818273534	-120	0
2.843643818273534	-120	0
2.843643818273534	-120	0
2.843643818273534	-120	0
2.843643818273534	-120	0
2.843643818273534	-120	0
2.843643818273534	-120	0
2.843643818273534	-120	0
2.843643818273534	-120	0
2.843643818273534	-120	0
2.843643818273534	-120	0
2.843643818273534	-120	0
2.843643818273534	-120	0
2.843643818273534	-120	0
2.843643818273534	-120	0
2.843643818273534	-120	0
2.843643818273534	-120	0
6.206631741353214e-05	-18.8101566223207	1
2.843643818273534	-120	0
2.843643818273534	-120	0
2.843643818273534	-120	0
2.843643818273534	-120	0
2.843643818273534	-120	0
5.8653749895616505e-05	-18.793095157357826	1
2.843643818273534	-120	0
2.843643818273534	-120	0
2.843643818273534	-120	0
2.843643818273534	-120	0
2.843643818273534	-120	0
2.843643818273534	-120	0
2.843643818273534	-120	0
2.843643818273534	-120	0
2.843643818273534	-120	0
2.843643818273534	-120	0
2.843643818273534	-120	0
2.843643818273534	-120	0
2.843643818273534	-120	0
2.843643818273534	-120	0
2.843643818273534	-120	0
2.843643818273534	-120	0
2.843643818273534	-120	0
2.843643818273534	-120	0
2.843643818273534	-120	0
2.843643818273534	-120	0
2.843643818273534	-120	0
2.843643818273534	-120	0
2.843643818273534	-120	0
2.843643818273534	-120	0
2.843643818273534	-120	0
2.843643818273534	-120	0
2.843643818273534	-120	0
2.843643818273534	-120	0
2.843643818273534	-120	0
2.843643818273534	-120	0
2.843643818273534	-120	0
2.843643818273534	-120	0
2.843643818273534	-120	0
2.843643818273534	-120	0
2.3817307498272107e-06	-18.511757695752788	1
2.843643818273534	-120	0
2.843643818273534	-120	0
2.843643818273534	-120	0
2.843643818273534	-120	0
2.843643818273534	-120	0
2.843643818273534	-120	0
2.843643818273534	-120	0
2.843643818273534	-120	0
2.843643818273534	-120	0
2.843643818273534	-120	0
2.843643818273534	-120	0
2.843643818273534	-120	0
2.843643818273534	-120	0
