T	U	Steps
0.00011518038670760506	-19.511224512637394	8
0.00014906440506186423	-19.919863430070084	9
0.00019522310854813704	-20.47598701874074	1
0.00015344342913743554	-19.991859034262376	5
0.00013443360533424876	-19.80265134366568	11
0.00010664248444118443	-19.582274294359966	4
0.00010524866460463555	-19.575200568839705	6
0.00015636478634554628	-20.143872132405185	9
0.00010914573057477033	-19.679814948360015	13
0.00011920432924386995	-19.662546744890165	5
0.00015386316318487155	-19.8590452446938	6
0.00019816698970605938	-20.490705240421942	1
0.00018890020117614173	-20.012120811197846	5
0.00019490645711181718	-20.474403888924886	1
0.00019873232808458185	-20.493531704920212	1
0.0001965969267282175	-20.48285555705441	1
0.00018399613343493226	-20.377994356128823	2
0.00011918171393945986	-19.655279837613563	5
0.00012899649525621384	-19.784008177335853	14
0.00017950494874342197	-20.397402541984995	1
0.00019403540623451403	-20.47004898489853	1
0.00013466021420038593	-19.629541084388737	21
0.00010721389220792877	-19.591536360691414	11
0.00012322304775463417	-19.729179625734968	10
0.00014779163241978346	-19.86457513260621	7
0.0001769967432700412	-20.296147259028356	2
0.00010756994227387076	-19.50839490790261	8
0.00019808766743991454	-20.490308660996774	1
0.00017376122643781894	-20.193054449687303	26
0.00013280284519750094	-19.694614187850487	3
9.407320519033035e-05	-19.50500423017882	4
0.0001820543480745596	-20.41014851320351	1
0.0001605110966657482	-19.576101276465266	6
0.00014352901869750255	-19.953209846791545	29
0.00019935831052957244	-20.49666136535814	1
0.00019698560425101855	-20.484798788331833	1
0.0001779324059518386	-20.389540460546208	1
0.00016326744410806793	-20.14517864174471	7
0.00017340563372081013	-20.09770959055238	2
0.00017947786183905852	-20.317212554892986	3
0.0001294360020572988	-19.824361897996607	7
0.00010943054945486353	-19.505442715728755	4
0.00014331717512911432	-19.9832075801406	6
0.00012135500829287578	-19.64566383425682	9
0.00013268888849533425	-19.61204768314838	4
0.00013318499731311434	-19.625231392092516	43
0.00018350400071707773	-20.417396193326706	1
0.0001708967740129356	-20.12412758779268	25
0.00017920766971138985	-19.871079165435646	7
0.0001993682278056554	-20.49671094774956	1
0.00019919411453264084	-20.49352870981272	3
0.00011860169983280527	-19.668996341382773	2
0.0001305537829009104	-19.540696521129615	15
0.00013479336479444242	-19.8683927168773	17
0.00010752910286651695	-19.57232039384228	3
0.0001995560916896877	-20.4976501916058	1
0.00016891400277621916	-20.190338351120413	10
0.00013304329723912576	-19.508916090940424	7
0.00012065571798647922	-19.560213194311387	32
0.00013933525292316015	-19.89697181021276	5
0.00018947276445843182	-20.447237611235707	1
0.00014237888058622026	-19.707326282798228	13
0.00011144126148736779	-19.58642052310294	5
0.0001858271473467855	-20.375686236367056	2
0.0001446925536831665	-19.63513939116789	6
0.00010084044160774513	-19.580360121032744	13
0.00011169904456311995	-19.614911142780564	21
0.00013635435400066886	-19.862433152766584	13
0.00012203095504363639	-19.62924900515737	4
0.00011389621989331865	-19.51420211375371	3
0.00016180294471723517	-20.086568752090862	2
0.00017562398035190135	-20.361606466501435	3
0.00011141304687698393	-19.504722678216375	23
0.0001797235350248274	-20.398495385470724	1
0.00019689725135694404	-20.48435705939938	1
0.00019636220815525107	-20.48168205859972	1
0.00019192529016233127	-20.459499253283216	1
0.00012097558706741256	-19.695043069806232	6
0.00017112566863122339	-20.212696965678767	14
0.00011312266304699054	-19.64365385650267	12
0.00015320407914719674	-19.835579059724132	3
0.00019862505249907208	-20.492995370141795	1
0.0001019337216645233	-19.529934278148193	7
0.00011617421733531961	-19.636718887382678	4
0.0001727644260910662	-20.089435110213998	24
0.00012309673832104487	-19.803194926722103	8
0.00015791801953808903	-20.033174508477305	7
0.0001098373491061758	-19.52459248142692	5
0.00019068657555314233	-20.42717608456998	5
0.00015789007872045365	-20.143129913502534	7
0.00019577963243259545	-20.47876941431411	1
0.00011222940618954019	-19.575244048248457	13
0.00016919438654704102	-20.086619052119996	5
0.0001974787865123423	-20.487264501267244	1
0.00011460883695546772	-19.596196758207594	17
0.00019814605132701527	-20.490600556948703	1
0.00019981359813389053	-20.498937620250775	1
0.0001840978553497959	-20.420365227625947	1
0.00018074946341410246	-20.381008544191168	3
0.00018836473480147618	-19.728452927582776	11
0.00010142579390210694	-19.507837685994982	16
0.00017587926160035348	-19.907732211722976	7
0.00019764561243643998	-20.488098563785847	1
9.849231306333432e-05	-19.505821907606233	17
0.00017059759824344112	-20.2074346963974	3
0.0001989780355871702	-20.494760143602967	1
0.00012241495078730004	-19.501267409282526	23
0.00019308717108456282	-20.43387011027717	2
0.00010880032743826128	-19.553793146290396	5
0.00019887647137661728	-20.49425236340207	1
0.00010044342983839178	-19.534845712217965	19
0.00018489986002077685	-20.35014598920955	4
0.00019669537921175156	-20.48334777987184	1
0.0001271137556979009	-19.616431982046294	4
0.00015487784639016985	-19.56735921157116	12
0.00019484687378117595	-20.474105996237704	1
0.00019915149603000147	-20.495627376046656	1
0.00013141260220672583	-19.742433007131186	13
0.0001429460300420639	-19.936076571542053	10
0.00019815343863071818	-20.490637490495846	1
0.00017063902206641718	-20.214938547961744	4
0.0001506023047964521	-19.554309130724793	44
0.00010141635211344233	-19.52335214891749	24
0.00015803015580868353	-20.160116118940483	4
0.00019963790463310642	-20.49805922341552	1
0.00015253214966245494	-19.68594895080026	11
0.00015593925927560832	-20.059974644845298	9
0.00017414071734409085	-20.319979099441973	6
0.00019977307157491116	-20.497967424162347	2
0.0001228072794472657	-19.689497899516194	15
0.0001629811687127009	-19.75953772167831	12
0.0001317614289063124	-19.77511944795718	2
0.00019971277415993034	-20.498433540935096	1
0.0001986481062276523	-20.493110629511865	1
0.0001873289883175629	-20.436519592815948	1
0.00010384018439521831	-19.52727353422737	8
0.00018830922144110368	-20.44142036415745	1
0.00018684818161142846	-20.434115752678704	1
0.000103697466178442	-19.51855321602745	11
0.00012171805964466017	-19.583830526492108	5
0.00014010890942579705	-19.770475829702512	25
0.00018768880828671922	-20.438318547932433	1
0.0001205899727436375	-19.52732001474231	19
0.000170306148941122	-20.0600998787211	3
0.00019686625895602998	-20.48420210986079	1
0.00010429739674698854	-19.5267026252764	7
0.00019660552256635863	-20.48289853278764	1
0.0001986185610184046	-20.49296291534951	1
0.00013758503416188745	-19.718970919495906	10
0.00019668110836576792	-20.48327643138204	1
0.00014803520727719985	-19.812498318565243	2
0.00017319796892510154	-20.272469291048374	3
9.557010468754296e-05	-19.571516424619077	10
0.00012862992364190445	-19.662915596687395	14
0.0001142251746006624	-19.588494210584482	10
0.00012094700504538652	-19.671314900040166	8
0.00013075942769145879	-19.73345060154115	6
0.0001614099631293166	-19.88495604484201	4
0.00015728050396324292	-19.69715317263477	5
0.0001984598242063829	-20.492169295137625	1
0.00010356018851227353	-19.53749697778813	4
0.0001723238594917984	-20.22998846975966	4
0.0001243194552031836	-19.71160546136697	8
0.00014445591256920308	-19.95758972245659	19
0.0001989942524711209	-20.494841221499854	1
0.00011301961134797711	-19.626852259288892	6
0.0001816532923744676	-20.34760770022611	7
0.00012462066750687026	-19.646402209987762	8
0.00019961120825626955	-20.49792575226934	1
0.00016968538390561965	-20.288091326277257	2
0.00016054282585918994	-20.154825914509637	3
0.0001991351105061347	-20.49554545501802	1
0.0001999360846844652	-20.499550003736253	1
0.0001409657195744529	-19.824927839171202	11
0.00013217839578326152	-19.899681641151076	7
0.00019043327825121203	-20.452039793855054	1
0.00013657340218142368	-19.9608996560884	5
0.00014334064315521433	-19.74493490329706	2
0.00019853588697715875	-20.492549578397007	1
0.00012890201987127216	-19.789570955080777	2
0.00011992692896328725	-19.584047645059332	11
0.0001827448604020137	-20.383035136392646	4
0.0001419687309535367	-19.901934421561055	20
0.00011472169176127061	-19.609232090169833	24
0.00019784457274670545	-20.48909328530997	1
0.00017629164906781672	-20.306252217829005	19
0.000138688949341667	-19.601925774563043	5
0.00019227990538490738	-20.461272186760286	1
0.00012088550800739883	-19.590146985594743	12
0.00015232101616764336	-20.060926518249037	14
0.00016776242236877346	-19.816386498241258	8
0.00018430537635301904	-20.367204299057338	4
0.00016793177024108176	-20.184586454016525	7
0.00013014347496029979	-19.85652192116292	16
0.000138758612498887	-19.88269159702768	13
0.00019991811259528945	-20.499460150519237	1
0.00013632224541514095	-19.799328561949295	5
0.00019726580341078236	-20.486199671426995	1
0.00019707141467803678	-20.47513863347624	2
0.0001469067121682953	-19.609491481525417	17
0.00010520452011278417	-19.55270056652011	5
0.00019687019020204734	-20.484221764509623	1
0.00011438071932952986	-19.667464148464997	22
0.00019951225724732988	-20.497431037025407	1
0.00018303346032654523	-20.264091805548336	18
0.0001885611000765689	-20.442679656022396	1
0.0001628118787606976	-19.741784499702902	11
0.00019815467786480728	-20.49064368616784	1
0.00019120693414426094	-20.45590776213503	1
0.0001228471008469922	-19.524752629392943	6
0.00019433974658007236	-20.471570564212424	1
0.00019175430046861294	-19.601140467541065	15
0.00017948410560321039	-20.397298334667614	1
0.00019896987958238567	-20.49471936685961	1
9.871547179044659e-05	-19.54910735504322	11
0.00011198614034361341	-19.59908292322918	4
0.00017711812393370855	-20.277395422858586	37
0.00016357237190337494	-20.317746066296912	1
0.0001998234462738507	-20.49898685698939	1
0.0001423477141285645	-19.680635188350966	18
0.00019678379592213684	-20.48378982786018	1
0.00017607913367584897	-19.62641916882469	5
0.00019382773087604023	-20.46901069163879	1
0.00012972960739270805	-19.651822309607898	3
0.00017702009051668696	-20.309813461122395	8
0.0001985810304827527	-20.49277527776704	1
0.00010277671016188002	-19.512509549435144	9
0.0001177577381819031	-19.690114815258102	8
0.00014617097126185162	-19.582767513744233	11
0.00019923852893403014	-20.496062505559816	1
0.00010924452993710471	-19.50930924577539	3
0.0001654996250311872	-19.80794492337217	8
0.00018715074565062013	-20.374795483267896	26
0.00018297055564159368	-20.40964686013499	2
0.00018340232220564939	-20.347796060375867	4
0.00019881764223902106	-20.493958241376752	1
0.00015297113091879822	-20.06101663086427	5
0.0002000165015996828	-20.49995205596649	1
0.00013088888653062697	-19.664070406882168	6
0.00017928992318146024	-20.255041188259455	2
0.0001883735329315044	-20.44174189574164	1
0.00018258325375577092	-20.346318374218757	5
0.0001521672283309462	-20.009930626517555	6
0.0001200342583491064	-19.626632829866026	16
0.00015068121912160628	-19.894019508984897	8
0.00019310820074447787	-20.465413330395407	1
0.0001024626549315302	-19.521117516189193	7
0.00010301449478991385	-19.572359824734484	7
0.00011449109468209897	-19.539842688303764	23
0.00015961315627128383	-20.297951580639772	1
0.00019402273781548353	-20.469985647898955	1
0.00011295098823155575	-19.545110714918607	9
0.00019321848300664563	-20.465964697347744	1
0.00017228358299497181	-19.655978545236465	6
0.00019127559032130906	-20.45071840397223	2
0.00014741664122847127	-19.983950417097653	9
0.0001905096213926495	-20.45242147885497	1
0.00019653035558353567	-20.482522728107714	1
0.00019881337211030817	-20.49393689245075	1
0.000168568176551618	-20.281176917145363	7
0.00010206389686578745	-19.521815785611047	26
0.00015087235140448876	-19.79187792973663	16
0.00013764388044175432	-19.803811758771854	27
0.00019901633876642815	-20.494951644092687	1
0.00018809873731315954	-20.386512211909725	3
0.00011976158024376046	-19.580756583735567	21
0.00014383405605120916	-20.039593532293832	6
0.00019606979299926277	-20.480220100437045	1
0.00015680671750505375	-19.85206515964077	16
0.0001253190305840749	-19.79470417224296	4
0.0001790355088825343	-20.369179081369378	2
0.0001923782537666495	-20.461763889110628	1
0.0001073497416228203	-19.545112116291	5
0.00014474370905922168	-19.578745554805508	24
0.00017362627013631275	-20.36801151351255	1
0.0001418169086568686	-19.946394158610584	15
0.00019929157762399167	-20.49632772767201	1
0.0001335320731913568	-19.709063942200398	2
0.0001384067226227672	-19.736367164096357	12
0.00012640099980295235	-19.70803840258666	14
0.0001501115629422051	-20.00360979835067	3
0.00016372533088412827	-19.742943527517074	12
0.00013239980364542327	-19.587604899518915	6
0.00016001847926213104	-20.15434135531756	7
0.0001597985578998223	-19.5056199409529	4
0.0001920276804073241	-20.46001116332406	1
0.00013421590864881833	-19.528424174728784	7
0.0001950648269530373	-20.475195674430367	1
0.00017843262102598223	-20.203031325569015	28
0.00012035877756846467	-19.566882081267874	8
0.00012510497012641433	-19.758786881199647	6
0.0001549453670693102	-19.538029019701117	5
0.00019269910212364646	-20.463368001841747	1
0.00019541129606843975	-20.476927880648155	1
0.00013326964155891167	-19.70035239123994	32
0.00019127303066724522	-20.424596292106678	3
0.00018505601141439827	-20.379127120253962	8
0.00011581279043661572	-19.688503775876857	4
0.00014251788619906502	-19.53589479132155	13
0.00013929815043709255	-19.747886739790808	9
0.00010363426370819793	-19.503378133836794	13
0.00018884866593394563	-20.444117369642537	1
0.00012841389470130682	-19.650620627394638	17
0.00019289562643783786	-20.464350544365324	1
0.00015925774636975636	-19.623322336810237	3
0.0001450326794105325	-19.910406511401412	5
0.000167637331592506	-19.67683483501694	8
0.0001229691293160238	-19.64617118536472	7
0.00010460230975965403	-19.528982143302272	8
0.00019846084684179997	-20.49217440790338	1
0.00016229371066822266	-19.506152453937307	7
0.00012939423757094977	-19.503017594252295	9
0.00017619688940808122	-19.846985401859214	11
0.0001987436306533247	-20.493588213217727	1
0.00013730852736784175	-19.566781738550826	7
0.00019959618260797688	-20.497850630071596	1
0.0001863771374620223	-19.945973115686495	14
0.0001905093237214022	-20.452419990618466	1
0.00019986051418507882	-20.499172181635817	1
0.00013162009998870006	-19.55264133357946	27
0.00018969562203774781	-20.44835180949296	1
0.00013010740707570704	-19.606575463752748	5
0.00012406237620949051	-19.703322213060147	9
0.00010612233580390935	-19.55024109762208	4
0.000197399711832349	-20.486869159673248	1
0.00018965204904412166	-20.44813396205106	1
0.00011198675923205801	-19.535480324187663	3
0.00014858918210463202	-19.589905892001934	28
0.00019613048569484912	-20.480523539502734	1
0.00019013888657172151	-20.311639502267155	18
0.00015317645773165283	-20.265770676955384	1
0.00018556046384118194	-20.039919319878003	14
0.00014395520658443638	-19.959662681194608	20
0.0001712253292175671	-20.128222329312255	11
0.00011453842200337088	-19.660427356852562	6
0.000187918458114431	-20.439466704699637	1
0.00019908795028240862	-20.495309672868505	1
0.00018054699866247703	-20.339753695909092	20
0.00019844635790137855	-20.492101969029115	1
0.00011288758882820988	-19.521176285826364	8
0.00011219745153917703	-19.552398825828472	4
0.0001951316660153956	-20.475529842857682	1
0.0001067507100424545	-19.509224416279896	16
0.00017624670478675667	-20.262973943521057	15
0.00013594422640420494	-19.818690868169988	6
0.00013997672653078214	-19.889660746855633	29
0.00018921016856529832	-20.396504907418475	4
0.00019744657301092267	-20.487103446717285	1
0.00010729112236150431	-19.56679422064929	15
0.0001270029495985012	-19.75191335650765	11
0.00019360135111914548	-20.467878883910362	1
0.00019809507889998468	-20.490345715316035	1
0.00018922253735750928	-20.34034636816648	2
0.00011684346807679083	-19.552936855968248	4
0.00010876683720864331	-19.513023846891507	8
0.00011865861747249166	-19.63149472713282	14
0.0001737052905852704	-20.368406583973183	1
0.0001992786035921893	-20.496262862731506	1
0.00019930955523173017	-20.496417608479625	1
0.0001669796775849358	-19.918529156265283	7
0.0001019642685004793	-19.50060570286951	5
0.00011740583365859401	-19.608993549869258	5
0.00011436471488854775	-19.553191799263384	17
0.0001863623875885216	-20.371067580453616	4
0.00019321980294598488	-20.465971296513526	1
0.00010970929483829897	-19.576777344973426	4
0.00019198689613042426	-20.459807258344096	1
0.00010730893130102626	-19.523072185022333	24
0.00018068066192273823	-20.307517032833925	5
0.0001837841392304982	-19.68353994829755	16
0.0001986197074857036	-20.492968647224863	1
0.00010852453305152628	-19.545380487421543	32
0.00014621631271305918	-20.123516597463357	3
0.00015627048968122641	-19.820995586589188	3
0.00019952894399860105	-20.4975144640699	1
0.00011056854581199673	-19.610770930763888	10
0.00014623996993941925	-19.688438156327734	7
0.00018815905019660224	-20.38920759659384	2
0.0001717843674265487	-20.019777444299688	8
0.00012099058141305411	-19.630061032733558	3
0.00011026889836204346	-19.53875635531175	5
0.00019992534675470293	-20.49949631840653	1
0.00016218338494121786	-20.125387492552274	7
0.000189011954812345	-20.062669869574385	6
0.00016378506559118936	-20.14474017821754	3
0.00017838522851192388	-20.391804391209185	1
0.0001940542932286521	-20.47014341227236	1
0.00014802943367852936	-20.031057407881207	8
0.0001039993344923817	-19.589626414602947	5
0.000198851667428935	-20.494128353640473	1
0.00018745106532109634	-20.390327298535144	3
0.00019951880121729448	-20.497463754243068	1
0.00019329170873730284	-20.436626122371827	5
0.00010592888692414924	-19.581960127541873	10
0.00011262741987020439	-19.576515544245634	12
0.00017777335848919183	-20.291146184062477	7
0.00018039559070233562	-20.324885251409277	2
0.00013871392341605586	-19.712806201385806	11
0.00014011133634047996	-19.91568638728478	5
0.0001801236532291735	-20.400495815554123	1
0.00014766014408512077	-19.732526704979847	19
0.0001050617167936943	-19.53505356457353	24
0.00017306584258202607	-20.232226929168736	6
0.00011692676054409482	-19.535851400787706	15
0.00018989248643973318	-20.19574575376231	4
0.00018440038000473133	-20.421877729217048	1
0.00011552899669341454	-19.662236821615476	12
0.0001929872169915358	-20.210667657021283	2
0.00018486655161026753	-20.424208399737935	1
0.00012298909218057388	-19.57435486506181	7
0.00013007479049011135	-19.534289328659476	6
0.0001431051913690121	-19.972147980463603	2
0.00019210755532239504	-20.427655257447437	2
0.00010585158833780352	-19.523475031823317	6
0.0001863026284846558	-20.385828288421003	7
0.00017416841773270966	-20.282834434016728	23
9.991078996525786e-05	-19.507456704035494	11
0.00015693919666514243	-19.984967121145942	6
0.00019914882067992586	-20.495614000372374	1
0.00019672735041483216	-20.48350762302756	1
0.00014974800664188694	-19.72301568536172	4
0.00018854359607219226	-20.442592143041097	1
0.00019455145314187767	-20.46668582663744	2
0.0001959158094098398	-20.479450244426282	1
0.00017467392988727729	-20.373249390870363	1
0.00015960160614345676	-20.230740377627317	4
0.00011542014931648137	-19.699863061368816	11
0.00010362200646926667	-19.52384406989424	23
0.00018545436273306582	-20.379421200079864	6
0.00016938026713828733	-20.204715461292118	5
0.00014741745656511818	-19.920357345316933	15
0.0001825696773228272	-20.412724952165526	1
0.00019618103861033026	-20.480776283746394	1
0.00010498700638417786	-19.500331726829234	8
0.00019673256349027088	-20.483533686307915	1
0.00016524973967940894	-20.188376530203968	8
0.00019946862841064197	-20.49721291039066	1
0.00012203253189479913	-19.645917807131354	14
0.00017944064089705757	-20.056950006829428	3
0.00010677471516881289	-19.501244264314824	7
0.00014888207688228496	-19.79680965558759	4
0.00010589754709153423	-19.58413627575762	5
0.00019553216066124844	-20.47559720449237	3
0.00019762603342998573	-20.48800067662878	1
0.00014994868414184656	-19.878345814794162	7
0.00012408860144767748	-19.65413174743718	10
0.00012406003676672695	-19.655791446980366	15
0.00018975693897803922	-20.341625470108813	13
0.00012704210390405223	-19.758278323940935	7
0.0001297702448401858	-19.704192594797554	5
0.00019877836671394332	-20.49376187954904	1
0.00017016290923130265	-19.77654102478114	14
0.00011552778819084748	-19.612828560919066	20
0.00013216641602268065	-19.793982476855824	29
0.0001468851835962879	-19.946372725786066	4
0.00014886211613846285	-20.016877492720273	19
0.00017701669840932148	-19.976427744447427	10
0.00013720118563390966	-20.000088054327474	16
0.00014882030952418623	-19.898056232107884	3
0.00018488561873978025	-20.273707475919625	2
0.00016810517096603827	-19.80882202124296	3
0.00017134888927686012	-20.356625525239295	1
0.0001983392399266495	-20.49156642224121	1
0.0001953594591522324	-20.45770348890794	2
0.00018155441035546928	-20.407649025696493	1
0.00019452937850972918	-20.47251864758563	1
0.00019168633073892113	-20.45830455228209	1
0.00012612193645148757	-19.545709101224	5
9.842644285564562e-05	-19.510124793667355	8
0.00012965779929713944	-19.614327067987027	4
0.00012780553585684773	-19.722247351900766	5
0.00019317608771882784	-20.465752737961182	1
0.00018442281462392377	-20.4219898932892	1
0.0001357885721266455	-19.670666658665567	9
0.00011514477884704711	-19.671373759240325	12
0.00016170387600383628	-20.187522100398734	4
0.00012511927356474245	-19.719311700779475	6
0.00017809176254369584	-19.893202079867727	12
0.00017992974853243176	-20.399526370064113	1
0.00012592619775912293	-19.8329865464193	11
0.00019547031319739271	-20.47722294255464	1
0.00012251938882853683	-19.66397890204428	6
0.0001908848682637032	-20.454297562275826	1
0.00011028666460401305	-19.592601189803847	17
0.00011148898228802792	-19.525507924681985	11
0.00019867317490744325	-20.493235962827523	1
0.00019416318295478142	-20.470687817104622	1
0.00012345573202658067	-19.795398317497117	5
0.00019555447207312017	-20.477643703082308	1
0.00019791113482782403	-20.4894260689425	1
0.0001983772139516031	-20.4917562770918	1
0.0001165949600629212	-19.656076557325868	16
0.00017469641563900835	-20.280420441867523	13
0.0001865605461982392	-20.43267769130748	1
0.00011377091247121111	-19.611608602936478	12
0.00014634013080309187	-19.625953509449783	10
0.00019911152090461306	-20.495427516498786	1
0.00014818330731801758	-20.034217822987028	22
0.00011458849435609742	-19.6511877157862	8
0.00013829565721492517	-19.763022341224776	11
0.00012345596136657135	-19.58338578804181	13
0.00018215039223781946	-20.410628695388258	1
0.00015846360820023455	-19.722329154076363	12
0.0001699043577651793	-20.214830434097255	6
0.00019508043955797824	-20.47527373117526	1
0.00018837532347406588	-20.25116093569327	3
0.00014648635876941457	-19.999149492522633	3
0.0001256547830263908	-19.72021503536484	10
0.00012427629389595107	-19.585060193552074	12
0.00014913969838734135	-20.043157736756772	5
0.0001498421048124317	-20.047284173482012	9
0.00010588815050929039	-19.509609803735753	7
0.00018745859185148548	-20.188597567901173	11
0.0001170833769228793	-19.558312314654504	4
0.00019434458694745304	-20.471594764102402	1
0.00019633360360343184	-20.481539047346146	1
0.0001787040243907063	-20.321761042488607	9
0.00015704223467768232	-19.949541087917538	20
0.00019740063177591864	-20.48687375902107	1
0.0001170490246189837	-19.672779090834176	35
0.00019437815911309294	-20.47176261142697	1
0.00013815250601959285	-19.76248300962725	10
0.00011331412560368553	-19.575784172645168	13
0.00012630462161917878	-19.572131250660114	16
0.00019218168575132745	-20.430699383020837	2
0.00017976927826429006	-20.343630393585634	3
0.00011744934551493431	-19.662057865501648	12
0.0001352158466411216	-19.735535782011357	4
0.00014947960578598344	-19.996418544892542	2
0.00019338554705561616	-20.46679995039493	1
0.00012724520009546676	-19.593418197932685	13
0.00018679201433328732	-20.43383493887999	1
0.0001293006147040167	-19.76399468461497	20
0.00019592276809130688	-20.479485035034646	1
0.00011988390212509312	-19.5296119609285	5
0.00013080515509059312	-19.79636702233331	2
0.00013754310666238867	-19.75626262733715	18
0.00012179680444762329	-19.603251714590968	29
0.0001991020724237328	-20.49538027789482	1
0.00019699677721951624	-20.484854648680255	1
9.558958984933284e-05	-19.52737322332735	3
0.00017428679083682835	-20.27062498995569	11
0.0001654635393382946	-20.16872235070838	14
9.578052360750503e-05	-19.50501278494548	6
0.00015142816665081717	-19.979337667552024	4
0.00016691571135355875	-20.212519861106532	21
0.00010279654134976658	-19.556850525314047	8
0.0001993346786790899	-20.496543215611094	1
0.00018263176921745662	-20.339446786993534	9
0.00015861307271299187	-20.158149611566632	2
0.00010194509875337141	-19.54309108918359	37
0.00019623551084193327	-20.48104862299421	1
0.00012362839334808924	-19.66434049635672	18
0.00016753392050443256	-20.23738739459207	3
0.00018790960821540685	-20.439422458764184	1
0.00017472286715784383	-20.249261699855186	9
0.0001905675311001968	-20.45271100409986	1
0.0001951417051393481	-20.47558003443944	1
0.0001990150384222627	-20.494945142894892	1
0.0001986408840074816	-20.493074521315982	1
0.00018725481023917995	-19.93259737087399	8
0.00015142080038372616	-19.800060042967697	13
0.00019576995358173963	-20.47872102395293	1
0.00019253912707036078	-20.4625681909216	1
0.00017094982290251782	-20.235795184584898	7
0.0001946384747946773	-20.473064085128904	1
0.00010907858087265407	-19.554243973148086	9
0.00019194629791003255	-20.437161065449015	2
0.0001507884751231659	-19.935593247852605	12
0.0001187687242127206	-19.698945392305504	5
0.000162632779203751	-19.78689493094226	9
0.00013442949680272153	-19.79028675460655	3
0.0001853583589625337	-20.426667238681084	1
0.00016441497863942505	-20.03758344967793	11
0.00011125501028766711	-19.514654907482196	6
0.00011300262411913636	-19.625645917867075	12
0.00010570982189660851	-19.503173864416375	22
0.00012016040768325422	-19.5231040147381	5
0.00012041264495588221	-19.682098887380565	13
0.00017712995020411577	-20.27889169486179	11
0.0001726676305378431	-19.65999626273225	3
0.00012209414961378542	-19.70678564680906	6
0.0001973721900341112	-20.48673156175207	1
0.00018346248670519542	-19.85675922161331	6
0.00013418714244537577	-19.638248993395226	4
0.0001134125583715627	-19.52857412361117	8
0.00014754244099203425	-19.767415757469685	9
0.00011510700212697966	-19.5886656260638	33
0.00017220320721713858	-20.259937453366515	20
0.00014839844855491828	-20.07579924802075	6
0.00014355063276046373	-19.8161206591036	13
0.00019120614776700504	-20.414734737978968	2
0.00019615202844008853	-20.48063124456386	1
0.00018239235931154628	-20.339555891570377	2
0.00019063511354871937	-20.093012782320486	10
0.00016589575632126852	-19.95535737006348	6
0.0001996690395784452	-20.4982148856189	1
0.000140811250791379	-19.95041107247744	2
0.000161130772573517	-20.092114707690904	13
0.00015935439693492292	-20.12836675421239	3
0.00014024661231066993	-19.974770042532146	11
0.000197344701919103	-20.48659413223349	1
0.0001949496079389446	-20.45539960976537	2
0.00010315519910929368	-19.512186160072364	7
0.00017704108777100077	-20.041823283195576	22
0.00019829332863689848	-20.491336884259212	1
0.00019651866674851335	-20.482464288634166	1
0.00016244444886045288	-20.31210690476337	1
0.00018081387864844666	-20.3814446330134	2
0.00019313915938590096	-20.46556811115012	1
0.0001857689598220062	-20.428720077823705	1
0.00019701481027267138	-20.48494480669265	1
0.00017024101593831578	-20.14492003808157	24
0.0001242337402158653	-19.680101242897827	8
0.0001337133308428027	-19.601156336449876	40
0.00014048503505373393	-19.90829226959217	9
0.0001241688986594185	-19.739085938631604	4
0.00019406042241863885	-20.349874687994706	9
0.00019641092682029282	-20.48192563232897	1
9.450220169167412e-05	-19.512360259249924	9
0.00013767983307683086	-19.709806137777342	26
0.0001907302560538203	-20.387941167253086	4
0.00017168201623017412	-20.129824371242137	6
0.0001941934287737877	-20.47083903403397	1
0.00010991718594678078	-19.555322835152474	3
0.00015278814758535366	-19.811785757665454	3
0.00018951497307241355	-20.447448637328172	1
0.00012559073089657676	-19.79369244674275	3
0.000152196046060287	-20.02864181552501	10
0.00017443980747779985	-20.372078872993324	1
0.00015209551768558324	-19.66655377541075	22
0.00019050387719728488	-20.232497553804784	12
0.00016980856595220255	-19.518292427792915	6
0.00014238079172515232	-19.567183780132925	9
0.0001533612833474765	-20.095701725569324	5
0.00014657625171345676	-19.971392072517574	2
0.0001923662872116204	-20.46170406114875	1
0.0001805653156378644	-20.315830925900507	4
0.00017592557436524613	-20.374694054420523	2
0.0001928279323922603	-20.464012101365807	1
0.00012205264691980843	-19.634492108819156	7
0.00017446108465207698	-20.152857904982074	7
0.00011172747434751377	-19.550262194074286	25
0.00013668545324628197	-19.883394574273915	13
0.00017278039907807206	-20.318660902613374	4
0.0001299264027723214	-19.631361351780576	3
0.0001452293326898827	-19.954627124284276	25
0.0001176180453588105	-19.59932261756964	5
0.000178599145996705	-20.313129128306464	3
0.0001080194964669315	-19.587740366217815	11
0.00019679163147199463	-20.4838290024578	1
0.00012984912117266782	-19.608816337827605	16
0.0001316894803197262	-19.714953150673033	10
0.00013501410627804133	-19.684767199303987	5
0.00019893296870726005	-20.494534827330533	1
0.0001878582300293348	-20.439165588499517	1
9.919280430339782e-05	-19.532977874579025	9
0.00019741229168434118	-20.00472092872535	6
0.00012885520782943407	-19.631226991173726	16
0.00019722285295083257	-20.485984936403078	1
0.00015391201966724426	-19.92812693948977	10
0.00011702722235104432	-19.67128812587805	4
0.00011761878928313276	-19.587228237782718	17
0.00010142444056502685	-19.596375447631992	6
0.00011733123774969689	-19.71055861117957	9
0.00019055318957439878	-20.35261013510695	4
0.00019998021613699466	-20.49977064324804	1
0.00019688521368995448	-20.484296875906306	1
0.00018961319188780815	-20.410225458003545	9
0.0001706075548463211	-20.256728669993873	10
0.00016120112227792097	-20.068823385107756	3
0.0001875876723332916	-20.437812908844904	1
0.00011110196329472354	-19.579491329192305	3
0.00011519582934282315	-19.660715304218918	6
0.00016179591048303898	-20.140590102107893	4
0.00014474518781904352	-19.73219003647837	7
0.00014014292359181544	-19.80345415407188	19
0.0001953445832442756	-20.476594343361032	1
0.0001857247698043886	-20.32331351011081	2
0.00018803734796081145	-20.440061106110836	1
0.000171962776905237	-20.22488813403258	6
0.0001930839012500929	-20.29221448050353	23
0.00019465374604349603	-20.447754388044764	2
0.0001978127708952627	-20.48893428884432	1
0.00018885629668139107	-20.44415552031047	1
0.0001920324568818842	-20.060722082262675	17
0.00012496509763338683	-19.722400332778324	7
0.00018047732895285198	-20.375241935236286	2
0.0001880672846270199	-20.440210777400544	1
0.0001690804079854226	-20.196994479245443	15
0.0001990280709226759	-20.495010300154934	1
0.00012828181198939288	-19.585996615884344	6
0.0001893079602830086	-20.040598535955674	7
0.00018833693860658538	-20.44155893883627	1
0.00013217339461659092	-19.60775675081186	8
0.00018600103263739998	-19.50779600927836	5
0.00019096226753329882	-20.18186810917357	2
0.00015128494548513312	-19.689021280079576	8
0.00017030963122556495	-20.037566958078653	11
0.00014349424938337103	-19.911707757687623	30
0.0001863408918795584	-20.03927556515682	11
0.00011812950606557491	-19.55757276189367	9
0.00015601026905480954	-20.12626670293264	4
0.00011641324522710217	-19.55124392623319	16
9.08772080989931e-05	-19.55480806647901	4
0.00019462353261008272	-20.47298938021608	1
0.00010058234572752325	-19.50307486184982	14
0.00019916153758213685	-20.49567757976835	1
0.0001612458842810768	-20.119389885285912	11
0.00016490017910864463	-19.673290619892775	8
0.0001146404321981852	-19.58645792176416	10
0.00019116232671393508	-20.452264441479667	3
0.00010685550085589881	-19.61881259658285	9
0.0001999473084130863	-20.499606117864875	1
0.00013226086047144462	-19.535925946219777	27
0.00013857410789435163	-19.69929174809821	2
0.00013107883551987873	-19.652237952911566	21
0.0001395017186794076	-19.712255370959365	9
0.00018778411569045117	-20.438795046615887	1
0.00016430244248468167	-20.160642334003434	6
0.0001975419318652525	-20.487580202633033	1
0.0001121417703450772	-19.650237367869725	15
0.0001988323554964417	-20.494031801745788	1
0.00018252504029845365	-19.683179357585374	15
0.00018212070478698542	-20.340263682392	9
0.00014480259706114822	-20.00300408411493	9
0.00014126068572229883	-19.600789482510358	9
0.00018730408404878126	-20.376468153553905	2
0.00013732339904006088	-19.88489234880489	2
0.00015134287078816556	-19.65369170011144	14
0.00018470514393835374	-20.423401426300885	1
0.00015632591167058732	-19.840735364423008	11
0.00018969296330723233	-20.11441833922649	9
0.00019634990238035996	-20.48162053467498	1
0.00014536445147930664	-19.906774135985476	6
0.00017178351321170792	-20.066968179763993	4
0.00013139177239237653	-19.736473311282882	13
0.0001499698736810076	-19.97539830177734	6
0.0001346298017085582	-19.722358172431047	11
0.00014100995285472418	-19.504442694552285	30
0.0001130444543325144	-19.620852556713515	15
0.00019430980177093945	-20.47142085221137	1
0.00018029300390899012	-20.303280003211192	2
0.00019922292372658292	-20.49598448579942	1
0.00011014364470525804	-19.50862441775149	28
0.00018189011256457144	-20.232245620616506	3
0.00010418590219008499	-19.50651036676698	5
0.00010825307456727996	-19.606064244856938	9
0.00019624860656519713	-20.471157580435378	2
0.00019937905288342918	-20.49676506878429	1
0.00013735100082443803	-19.5253982557001	43
0.00014392848636164872	-19.616761960244173	18
0.00019275766879814975	-20.461703231286748	2
0.00011549470498911787	-19.53284984222145	27
0.0001988636348820489	-20.494188186092412	1
0.00010878725246933784	-19.517568845238447	5
0.00010178866051488264	-19.514156706165558	5
0.0001994527357372955	-20.49713345341639	1
0.0001918315975180523	-20.358319130512797	12
0.00017410837968645756	-20.28024330045192	2
0.00019212283684796975	-20.4604869072528	1
0.0001973640962703379	-20.486691096188732	1
0.00018232562965771703	-20.411504812002526	1
0.00011560664187214891	-19.576702890547363	9
0.00019802596569634397	-20.490000177097027	1
0.00011093712905679768	-19.648489569496206	3
0.00013059372695904334	-19.839324881494846	16
0.00015391913167812438	-20.04029415484471	4
0.00012689457691619194	-19.54156048640158	6
0.00018253193562613298	-19.718367426227196	9
0.0001737814643065544	-20.293169374947716	6
0.0001769872703725225	-19.66342565439331	2
0.00013578898261718686	-19.56284146949046	8
0.0001347460548833308	-19.600433146558835	10
0.00019409289212992653	-20.470336391253213	1
0.00012210510158877316	-19.621669864485337	11
0.00011451464634969574	-19.60470164985861	6
0.00017646122960118135	-20.309377123945094	7
0.00017771040922261476	-20.281216272982718	2
0.00017886384242541426	-20.326281087141876	35
0.00019958533640230928	-20.497796403405896	1
0.00019726515394354765	-20.486196424352052	1
0.00018933690557982423	-20.446558371488774	1
9.585049404781556e-05	-19.52648358311835	5
0.00019657480453686644	-20.4827449549958	1
0.00019456651747868698	-20.472704327492124	1
0.00019713832099202522	-20.485562310610074	1
0.0001958375062168756	-20.479058759957116	1
0.00012755414374093508	-19.765571850335718	6
0.0001356715978161221	-19.817309508230988	20
0.00019830968263548387	-20.483963103392217	2
0.00010215314790054714	-19.525631752534597	27
0.00010750628602368531	-19.51323752495199	7
0.00017504614713788696	-20.251285159181656	59
0.00018776154526351394	-20.39000297212444	3
0.00012557131899247072	-19.692557232638904	7
0.0001978083372775552	-20.4889121225391	1
0.0001114656296484927	-19.56813614380972	8
0.00017756372884612779	-20.29179914394468	6
0.00014490435689955487	-19.78558108128531	7
0.00019718113757826252	-20.485776376319276	1
0.0001463269899135336	-19.53887000174457	7
0.00017078081997078416	-20.279671087979658	3
0.00018343183455901392	-20.417035391563562	1
0.00010633452335243698	-19.50592136952201	19
0.00019439727445056017	-20.471858180425603	1
0.0001999911216799134	-20.499825166576134	1
0.00019644221729007294	-20.482082072092	1
0.000120478548677989	-19.67112000074595	12
0.00012850160132412853	-19.7958584692327	10
0.00017457279289572955	-20.050672180047258	2
0.00012856848410187766	-19.6057836729035	4
0.0001203225677192249	-19.517547739255395	5
0.0001966383892062115	-20.483062852767056	1
0.00017972299784209354	-19.75287895205817	6
0.00013613586165679337	-19.733887416486784	6
0.00014790020532064294	-19.69778298472353	16
0.00014742017539023125	-19.863351659988624	7
0.00019643110474999053	-20.48202651386135	1
0.00012869978622156598	-19.53799060100628	7
0.00017275905875732299	-20.26248215399892	9
0.0001406357465250037	-19.795273091369715	6
0.00016236610201017946	-20.10682279844691	8
9.469464805331607e-05	-19.508523091869193	4
0.00018428143735253825	-20.421283063798025	1
0.000157955955046858	-20.073517601339258	5
0.00015478544029192697	-20.01891114450487	8
0.00018753503595146832	-20.43754974810756	1
0.00013665676366754446	-19.57079059765221	7
0.00018907331951737737	-20.445240547197965	1
0.00015136039166668984	-19.550926160025107	15
0.00015619583828044905	-20.03859700568106	13
0.00018808304366366645	-20.382432946288176	22
0.00016631667114899165	-19.755578416769584	3
0.00012039822793461465	-19.501818599920604	17
0.00019850985358091936	-20.492419421887146	1
0.0001432319102766239	-19.599183679769922	19
0.00017795057044829867	-20.352225917223958	4
0.00016448096980306188	-19.953105391681618	9
0.00019995066824189978	-20.49962291565753	1
0.00015987775644424738	-19.72638275433391	16
0.0001752902220574047	-19.80376506583663	12
0.0001820271041482471	-19.777702144724604	4
0.00018199617193072324	-20.373669352335007	5
0.00019775714475103772	-20.48865618049753	1
0.00014815578868058408	-19.873416828196735	36
0.000199831544440103	-20.49902734456335	1
0.00014724078092555554	-19.885762360604364	5
9.377840362403896e-05	-19.531697551728413	5
0.00010706350450689835	-19.50795378174917	3
0.00017636541922943236	-20.3817061572185	1
0.0001993141939480127	-20.49644080019522	1
0.000138669782845971	-19.877619046096395	12
0.000142525492133342	-19.79151429629939	9
0.0001367240730266482	-19.903079039463826	17
0.00013674174459607364	-19.848811022974807	4
0.00012182742098600853	-19.75951508232119	12
0.00017598229485271287	-20.073168982679466	5
0.00016914196054634332	-20.2146006004705	9
0.00011578713027712877	-19.60489669929467	11
0.0001087409290872297	-19.533055726675922	8
0.0001753268452361296	-20.272004290326112	9
0.00012737950623013683	-19.510325008618285	3
0.00019634524593071338	-20.481597254299697	1
0.00012495649100702997	-19.659542216849967	5
0.00010890481113343165	-19.574091884587027	16
0.00018409870695726175	-20.356877763325972	12
0.00013551971736284926	-19.510735360577723	2
0.00018116009651983068	-20.313012314976607	17
0.00014477878026686108	-19.77788717991345	17
0.00011169724418604237	-19.508804104609197	5
0.00019524914102870408	-20.454060355847243	3
0.00019583832859812887	-20.479062871532598	1
0.00019857345732896025	-20.492737415044207	1
0.0001761648488978342	-20.303262272993916	5
0.00013918381459614626	-19.816632474201104	7
0.0001685335325285868	-20.34254987391035	1
0.00010843118935309464	-19.605335808931642	12
0.00019955160058382346	-20.497627737882922	1
0.00016764069843838115	-20.19621207635411	5
0.00019708291637441315	-20.485285309807246	1
0.0001647702166120213	-20.168041432967964	3
9.136393849062424e-05	-19.51462650761338	7
0.0001255515185369281	-19.627187981979542	7
0.0001960494148241844	-20.138396045444658	13
0.0001971743152270532	-20.485742267307362	1
0.00018264829554476446	-20.41311801165284	1
0.00019649243539282213	-20.48233314240667	1
0.00016483929142709265	-20.15773395068161	7
9.920078984806933e-05	-19.56080691546139	5
0.0001072594014712713	-19.506034075972874	7
0.00012744814588622872	-19.78135426585427	5
0.0001976821530350433	-20.48828125208125	1
0.00017551428404211577	-20.37745082363145	1
0.00019830345889630468	-20.491387531481582	1
0.00019576589642585123	-20.478700739805383	1
0.0001725741473946159	-20.081621499519933	15
0.0001885584840122767	-20.407678016163068	2
0.00010331216909034678	-19.52438140411492	8
0.00015659768950592468	-20.08233814237852	31
0.00010800373385902477	-19.585514451341076	5
0.00019834801033128877	-20.491610270736714	1
0.00010000804419804976	-19.521521743371036	8
0.00019952195442533965	-20.497479519014988	1
0.00017011939559764916	-20.277663874445945	4
0.00018807256132075633	-20.397451171288207	3
0.00018538074786662216	-20.426779174196103	1
0.0001177210237639321	-19.651819665878385	5
0.0001604345867775205	-19.67926342603182	4
0.00010937715551950833	-19.600240673325708	8
9.959273144596017e-05	-19.521652419871785	12
0.00011125359301750469	-19.527689677492177	3
0.0001014269973430308	-19.625311741432956	9
0.00011656929424202139	-19.613709228811278	49
0.00012717657398568873	-19.695457559951045	12
0.00019927839744407938	-20.496261832073873	1
0.00012844613950412404	-19.74960071977514	10
0.00017587143467501289	-20.297246644745474	4
0.00012613284062077066	-19.56201210119694	7
0.0001370035808105209	-19.76654237031099	10
0.00015883188151694867	-19.961732769391773	4
0.0001729459587878382	-19.870040721046895	5
0.00019510720863475433	-20.475407565791894	1
0.00011412705743523743	-19.650272319780665	4
0.00019596289988397443	-20.479685677855894	1
0.00017011550912924062	-20.22093596095988	3
0.00010218892411727865	-19.507289111353217	9
0.00019646902691001833	-20.482216109408174	1
0.0001725634790122161	-20.258729103004786	9
0.0001297542361353724	-19.821386171468436	14
0.00012030855781321095	-19.676495927022714	15
0.00011023249393282289	-19.56940211555387	4
0.00020000160120048078	-20.499877559963824	1
0.00010800302359958854	-19.533463689436786	7
0.00019982957622912605	-20.499017504300134	1
0.00018934356969993127	-20.428200672772967	2
0.00012300203965980936	-19.749107743086288	13
0.00011335785774133932	-19.548224040792668	6
0.00016561438405227456	-20.218438496123348	6
0.000162117742694621	-20.16818298424023	2
0.0001311774210272799	-19.5808688362496	11
9.572955964062494e-05	-19.509656065871955	36
0.00019729580145434587	-20.486349649578788	1
0.00012870157905674995	-19.79620709425465	4
0.0001661300430554958	-20.33053339329319	1
0.00015002134167463126	-19.74042412588018	2
0.00016943559621941667	-19.68248975370324	6
0.00010440599954552422	-19.60298714752337	7
9.996951139221523e-05	-19.550077990016526	12
0.00011363350766231075	-19.6039450033704	8
0.00014603203849106964	-19.774233681017563	7
0.0001965609080580398	-20.102723565879135	10
0.00018924612010156296	-20.446104480613837	1
0.0001293873132013894	-19.726602538636808	5
0.00011582307152721267	-19.665799042369144	5
0.00019943064626379197	-20.497023014933855	1
0.00012707141472642077	-19.722215570338992	3
0.00016534673813767636	-20.12741829946882	2
0.00013867832194022788	-19.64317500165138	2
0.00018262489080490314	-20.327121931808275	2
0.00019069405450297149	-20.426911445526958	3
0.00018924539134749949	-20.446100837136644	1
0.00018369241322695366	-20.418338180091492	1
0.00012744811239049337	-19.644561857692025	20
0.00017981697992475748	-20.33334686067787	4
0.00012189476260512427	-19.68207121511464	13
0.00017502036972920026	-20.013499046033445	6
0.0001844373265440868	-20.37479218599714	5
0.00011503898721550469	-19.61566578860084	20
0.0001507715805119928	-19.556220095070525	3
0.0001495814658681804	-20.24779716364072	1
0.00019527333359221346	-20.476238123759252	1
0.00016105843988180178	-20.015535229813338	13
0.0001891102979843289	-20.445425424658985	1
0.00017963485791785966	-20.316655805580485	4
0.00019246841248020215	-20.46221464641412	1
0.00011619219648908074	-19.57328408087084	5
0.00012909287302054898	-19.63025596264759	33
0.00015484875491258776	-19.570068337548257	24
0.00011393306914142624	-19.534398775053212	15
0.000122453542403387	-19.75853768617667	6
0.00011580850084375323	-19.631820507382134	7
9.2172480655775e-05	-19.5008726754318	6
0.00019930505645437656	-20.496395116402386	1
0.00010763395399134202	-19.57065035931071	22
0.0001282966818611384	-19.625740176386014	9
0.00019275864793382333	-20.4636657069417	1
0.00010489185345612798	-19.536447603505565	12
0.00019837831863551023	-20.491761800067003	1
0.00019764704420441616	-20.488105722049834	1
0.00019792814094612648	-20.483634785502705	2
0.0001994115052363854	-20.49692731749586	1
0.00016532325932710148	-20.148200009020048	5
0.00010555989567083867	-19.55924279956581	15
0.00017160846798077809	-19.9518344244946	9
0.0001589463871038408	-19.653112571966865	6
0.00016849470248933742	-19.988550212420073	8
9.565770261737461e-05	-19.503818891186537	6
0.00012714991705851277	-19.723749394087	28
0.00018578251477949098	-20.367735857255038	22
