T	U	Steps
0.00031842624928029857	-21.385806637448418	3
0.0003146463741734314	-21.369882441697342	3
0.0005324981660819897	-19.87138874459482	3
0.0003946674822777109	-20.923124941573484	3
0.0003110987606750939	-21.409679135698035	3
0.0004319309537318594	-20.850795735206265	3
0.00032935259231882196	-21.11469843743845	3
0.0005035498914929908	-21.368487044018043	1
0.00029327734290245875	-21.438425325807057	5
0.0004583608249719451	-20.855171074751965	3
0.00044605244469104186	-20.894699431882433	3
0.00032102906579893365	-21.333645730346873	3
0.0002969793580197833	-21.470274017317706	3
0.000440776983792507	-20.426495383611588	3
0.0003256056420052152	-21.372897765443767	3
0.0004343490582270366	-20.088343351186982	3
0.00046430248724269616	-20.343012132483736	3
0.0004941566243306649	-21.17105194238567	1
0.00040159122562484885	-21.123617984166625	9
0.00043248890554141217	-21.427901019440213	1
0.00035221417308104694	-20.87659755197563	3
0.00036473328085328904	-21.33173810733378	3
0.00039141282904802413	-21.120476973895617	3
0.0003000058108414366	-21.483326990653868	3
0.00037221220199732703	-21.236812108911785	17
0.0003566977624428448	-21.468463704090738	1
0.0004687647431834215	-20.684840508509403	6
0.0003530856079416236	-21.41559800572568	3
0.00041028495368296595	-21.401127432987483	3
0.00034305232546068346	-21.21183584689902	3
0.0004742090805285754	-21.243189778191734	5
0.0002992567309618511	-21.37121021468717	3
0.0003559238234717271	-21.488376279875446	3
0.0003461348983944513	-21.282357943995443	3
0.00042791884876740744	-20.844609441310844	8
0.0003421346687798835	-21.0569234205542	3
0.00034713207492728486	-21.41024724636752	3
0.00037152536614792805	-20.758522359904028	6
0.0003468269845495062	-21.22393333621005	3
0.0004129802395488237	-21.12566978900673	11
0.0002872035208090306	-21.455016195067564	4
0.00042106519498272846	-21.244045286484287	7
0.00039342627833260593	-20.56316203121432	3
0.0003466680027260905	-21.389367990334748	5
0.0005578202164451196	-18.868304880958043	3
0.0003038312265985226	-21.46920931871156	3
0.0003361779003571455	-21.32675659590822	3
0.00026388956918371417	-21.456979387824756	4
0.00029846510792745347	-21.448996623551373	4
0.0003632710975644309	-21.45447579042299	3
0.0003192124639383083	-21.465942264964447	4
0.000311418042975532	-21.330533055932058	3
0.0004474679257102222	-20.60601426849438	3
0.0004138087414857297	-21.196373681039056	4
0.0004412375740383308	-21.339492188704707	1
0.0003147978290382886	-21.376448084158636	3
0.0004674745712886463	-21.336608720142006	3
0.000331997493730443	-21.244662706456783	4
0.00029811409324874904	-21.391673755411613	4
0.00031278829807353535	-21.351908144923563	3
0.0004171550504632672	-20.361157180640003	4
0.0005475279345203004	-19.96318537090151	3
0.0003278361713529048	-21.284406056736408	3
0.0004220564685326697	-21.464010233294665	8
0.0005435400783280925	-20.829781111787405	4
0.0003545335345178821	-21.44146136853938	3
0.00039299804159839094	-20.82665071546638	4
0.00034345575344009357	-21.424024539538724	6
0.0005702123127696173	-21.48610120899066	3
0.00037323398647502796	-21.49310239217877	4
0.0004570941733864808	-20.988609814734872	5
0.00035342850650646766	-21.122721237313236	3
0.00031917903092046796	-21.28701300942592	7
0.00028956704481875945	-21.454816775443742	4
0.0003550212090556496	-21.199449924391836	3
0.00029742521783933525	-21.49887759805803	4
0.0002591183523942893	-21.469260058065785	6
0.00033592327231468064	-21.383905286288698	4
0.0004225392789315613	-20.877742732290876	5
0.00040494729130171914	-21.33489939734473	3
0.0005441326561455327	-18.978472046883706	4
0.00035087994252681876	-21.012521211972306	3
0.0003315871353078477	-21.322149906318543	5
0.00029713499099625045	-21.352741582349633	3
0.0004513950033236907	-20.543421180619873	3
0.00037295114103630373	-21.04484225631581	4
0.00035630464507223954	-21.4492320471483	3
0.0004891245868460647	-21.23261671337395	3
0.0003069922704126696	-21.332205405585412	5
0.00041849095391799585	-21.266170059057256	1
0.00029522103986881774	-21.471517329450208	3
0.0003767251078140308	-20.977690304692654	3
0.00045621113616476006	-21.420963993361834	3
0.0003866865059378104	-20.722863851203495	3
0.0005685061803909638	-18.657847766565066	2
0.00032714279414095194	-21.404059069806323	3
0.00035511428270564754	-21.420632624848004	5
0.0003623988595226127	-21.258207177484913	3
0.0004574695412203815	-19.716025481555743	5
0.0003491942500397738	-21.496884381038807	3
0.00042426837788914396	-21.18996002190402	3
0.00035880966361416706	-21.32980411954116	4
0.00037868191979884377	-21.332783497707258	7
0.00030322347481893594	-21.455550479615198	3
0.0003577680831797519	-21.455366905637767	3
0.0003414150698898136	-21.059281310987068	4
0.0005186273736413873	-20.889675749496206	5
0.0004352286791504191	-21.218729695851227	3
0.00039586301890937216	-21.3720663849636	5
0.00037553433385751895	-20.569552489710684	4
0.00029961846984372955	-21.490798258614536	7
0.0004025396604755219	-21.291544660635466	1
0.0005972064765950623	-18.514357829577833	2
0.0003719978204983926	-21.23953747557158	3
0.00033226380078090053	-21.090044472812423	4
0.000365456776215383	-20.922334392485208	3
0.00041608042830340103	-21.2617963797342	5
0.0003986761775087153	-21.492936292947178	1
0.00033911387088415027	-21.380389885716145	3
0.00042076303390804396	-20.187564928253373	3
0.00035958209101346754	-21.388341601802804	3
0.00032498961687185175	-21.41073930231437	3
0.00036493895373393805	-21.494576353528952	3
0.0003761353336019448	-21.34095367327148	3
0.0004859429832681445	-21.129632001081504	4
0.0005689186564218897	-18.694516281938515	3
0.00032611889602635063	-21.280966034641903	4
0.00040369982414973184	-21.425605259381623	3
0.0004472621708491956	-20.20219806151182	4
0.0004442568697755367	-20.640272780564604	3
0.00034261389876825613	-21.218453483767732	5
0.00035957198316617753	-21.197596974084053	4
0.000316217580720689	-21.36144752073379	8
0.0003653247927538795	-20.589815379058848	4
0.00047685244904366	-21.339526317872775	1
0.0003178715508463085	-21.461052066714558	3
0.0003148913278547975	-21.32156973630929	3
0.0005212687228263352	-20.655831963190302	4
0.0003160054212572928	-21.42377032111278	10
0.0004598257054748546	-21.25366246207429	1
0.0003470566894140909	-21.388671391903152	6
0.0003202173838864309	-21.47371103901135	7
0.0003548558330178911	-21.483408778816568	3
0.0005624020445867358	-21.25501537996372	1
0.00032768711842997563	-21.493681137802742	3
0.0003252453459688801	-21.433164264248127	6
0.0003005696036082252	-21.41933087064544	3
0.00031110318765632843	-21.418631914171357	3
0.00038008700324853006	-21.149424215980247	3
0.00035035403541372543	-21.467779686151253	3
0.0004648462426651132	-21.22439556874576	3
0.00033711331531136165	-21.116547195908588	4
0.0003578755008057387	-21.463645706183232	3
0.00031882004019142944	-21.28008759068972	4
0.0005596324749655044	-19.221594562883865	5
0.00033167013761258707	-21.19118083724937	3
0.0005743656865641348	-20.150331269753	3
0.00034253338187175607	-21.4638922916184	4
0.00048473370380969173	-21.23832028362139	3
0.0004509432702493662	-21.4212265380279	1
0.0005726120064804024	-20.749781734165545	4
0.00036916862723381584	-20.839709030865595	6
0.00036050620310301815	-21.390667322054416	3
0.00040086178624008337	-20.669434630922165	3
0.0003418614897360089	-21.375776647668374	3
0.00031646616810557964	-21.29718229732093	3
0.0003011179465293925	-21.436409105064737	4
0.0005762624436035879	-18.619069570280217	2
0.00038230744609590677	-21.458092385037293	1
0.0003262761573601735	-21.32615416650228	7
0.0004009665616605602	-20.426274139354184	3
0.0003013348120631165	-21.443869309396284	7
0.00033641997556159084	-21.38550022637355	3
0.00038718454459306265	-21.49894555590048	1
0.00043353389679784106	-20.978913554465187	3
0.00035369552172064846	-21.401248355260144	3
0.0005103446312614915	-20.588123528302393	3
0.0003849953994571738	-21.312431254247574	3
0.00039971671336751414	-21.165864802518023	5
0.0004553937935954095	-19.916992861545058	3
0.00039716574931382203	-20.39925481628053	5
0.0003073403498766323	-21.421869591820677	5
0.00036168407349288986	-21.259391429385662	4
0.0003237527755718067	-21.38256482783945	3
0.0005364158707713582	-20.172372931765146	7
0.0003560386016709955	-21.22067306547805	3
0.0005062861052070846	-20.714646731590605	3
0.0003185266435120472	-21.315933082238942	3
0.000556117974494513	-21.302361232663934	3
0.0003392547125631645	-21.10653704327014	3
0.0004132009446310198	-21.040370461999668	5
0.000398178825592313	-20.983506527095013	3
0.00031306480312662754	-21.311940358090787	3
0.0004597609944672143	-19.762836600269093	3
0.0002821901516798048	-21.491379786865355	3
0.0003525489052917823	-21.41990483115849	5
0.0003204534799790422	-21.460959725719793	6
0.0002855333893360156	-21.475414211413298	3
0.00031393179450378463	-21.22157994268317	4
0.0003460743319249675	-21.14512557739684	9
0.00029811972633124044	-21.375615428157687	3
0.00038776078395856816	-20.92227296723474	3
0.0005287248347918699	-18.979002596174592	3
0.0003024832766021591	-21.482955221221324	3
0.00037919209073009036	-21.261881015788937	4
0.0003044213001849931	-21.42396476409409	3
0.0003558284548356726	-20.92967923448043	4
0.0004112537611786839	-20.889144204501402	8
0.00042012317095417546	-21.473053877746437	3
0.0002853704605007421	-21.385413438162747	3
0.00035686652193065924	-20.90567559071658	4
0.0003210667687254034	-21.243956475847913	4
0.0004165388980696916	-20.974482522045513	7
0.00038603857582212084	-21.168499349534038	4
0.0003146947547820312	-21.403816245666516	4
0.0003094872963207869	-21.460041493016696	3
0.00035217114045715174	-21.46752910013442	3
0.0002815052467126759	-21.34717634526202	3
0.0003859010667573179	-21.261145103057153	3
0.0003013371146929821	-21.34885547151242	3
0.000496487981369152	-19.612820066522808	4
0.00037263099837609365	-21.494279685892323	5
0.0003135349609710971	-21.1531157828121	3
0.00029791499991325125	-21.474478697124628	3
0.00033885578747426965	-21.0668235898733	5
0.00030126269706967835	-21.48204518264701	3
0.0005444109507847599	-21.047101445653677	10
0.0003390711228795506	-21.31490478890365	3
0.0004901541774923624	-21.140778386053036	3
0.00042621744807420665	-21.382044255757524	1
0.0003508760955268439	-21.35668868247819	3
0.0004363200721892718	-20.83729093137893	3
0.00038276557584996686	-21.25909119674295	4
0.0003148003165199108	-21.072366881126413	4
0.00034336813653975626	-21.459014850601072	5
0.00033946549527681517	-21.15550570367077	3
0.0003788438716668899	-21.34435707392639	3
0.0004649009306892414	-21.422392581808843	3
0.0003545802028616325	-21.362039844828853	8
0.0003793023862419831	-21.394045114449124	1
0.000446294282733936	-21.45417497356013	1
0.0005875798674301538	-18.562487003320513	2
0.0004216310790390389	-21.347904989525404	7
0.00030471081355716145	-21.47111137440488	1
0.0003288307037211707	-21.409118099016993	3
0.00032577728443555483	-21.400631144195515	4
0.00037669771850116303	-21.310690869431188	3
0.0004316194483093082	-20.993481997766985	3
0.0004131523682187846	-21.372954523397926	10
0.00036115914268232744	-21.071952510588105	4
0.00036847554713026915	-21.25549963375286	3
0.000358473879059607	-21.47895458463316	4
0.0004948809492208049	-19.977648436799207	4
0.00031555776669074355	-21.457216551411435	3
0.00039054929765339435	-20.760255835288255	6
0.000342708590073121	-21.055336693540053	6
0.00040918335523893015	-20.613614546790252	3
0.000343611856547655	-21.05473984125995	9
0.0005025851719414362	-21.263188738088246	3
0.00037842233398846335	-20.744110431472613	4
0.000541456886420702	-19.466093820387602	3
0.0003499071437104436	-20.901956856525757	4
0.00042329553598103225	-20.903321453172413	5
0.00043611427528062114	-20.719211914541976	4
0.00035518144380192293	-21.40376610393263	3
0.0003418846277166584	-21.294915057496198	11
0.0004165009775703174	-21.18190885798349	4
0.0003972157323500937	-21.28931664597383	3
0.0004454391550156031	-21.03709923822794	3
0.00034120720475926575	-21.373357738043378	3
0.00048347301319819487	-20.950955898758178	1
0.0003075187382120625	-21.377256985774892	3
0.0003395863990234751	-21.32342311107017	4
0.0004964181505862818	-20.29572451857905	3
0.0005045015924578573	-21.480735323775754	3
0.00030597174501787594	-21.44995306131634	4
0.0003172431867135013	-21.443614377297777	4
0.00041510453238706793	-21.034961072376902	6
0.00048039771737646734	-21.396107401365246	1
0.0004456053350471653	-21.051713444781498	3
0.0003643150099915344	-21.498780803453066	1
0.0004032221683719954	-20.58521154649901	5
0.0003070846706955833	-21.274150152100596	5
0.0003012101275702226	-21.495923102164895	6
0.0003044669372268649	-21.474435669284336	4
0.00035136432233590185	-21.296433788419343	3
0.0004523768029716335	-20.295911202199914	3
0.0003171496512808917	-21.395923488639912	3
0.000462844120609253	-21.033239354688206	4
0.0003327102166681169	-21.17289761299814	4
0.0003230127055374858	-21.462719985247325	3
0.0003611257020481094	-21.363283271991147	3
0.0005926726133858828	-20.955749897561294	1
0.00031181283842123957	-21.272799581020706	3
0.00035120980292434133	-21.26438009685431	3
0.00037301835739265754	-21.01972410228679	5
0.0004455973919590209	-21.360588849062356	1
0.00036702683608215046	-21.16463684230351	3
0.00031069813631111256	-21.439443794108026	3
0.0004336074566954275	-20.03642577776	3
0.0003228774974431508	-21.491122854225672	3
0.0002810447446587124	-21.413078887621015	3
0.00038341242478955436	-21.247098043935452	5
0.0004883272997018382	-19.46104701926755	4
0.00048689078188086834	-20.247110498593184	5
0.0003009630071207895	-21.465979563137275	10
0.0003555238438553414	-20.90515058396516	4
0.0003639774323156541	-21.40404747970845	1
0.0003382529476972891	-21.379559192147276	4
0.00041768397984298216	-20.30673972051209	8
0.0003057749178373605	-21.3709516305707	3
0.0002892022162019438	-21.487908013485125	3
0.0005015282678893665	-21.051116844303777	3
0.00037576807430424387	-20.59553495421474	6
0.00031945439375257134	-21.465409957409694	5
0.0003367819612419737	-21.04751205144972	5
0.0003285419664495966	-21.448923668783387	3
0.00042794348313074463	-21.19075856644939	3
0.0003287336186815379	-21.37641572624923	5
0.0005795152483646114	-20.35679220780502	6
0.0005321537969525506	-21.467608858012305	1
0.0003450395007584743	-21.4545992831782	3
0.000289378566879259	-21.110954053570122	3
0.0003615419082465143	-21.466427652770317	3
0.00043817196817175284	-21.23580683169602	3
0.000544833425136493	-20.91412236339147	3
0.0004927033819263088	-19.996422722123402	6
0.0003346839031411812	-21.198946394450612	3
0.0005948387376759075	-21.281468163144098	5
0.0003492394728254603	-21.106916253192274	3
0.0003993765236993868	-21.331389277758397	3
0.00033740630770065245	-21.341111141481846	3
0.000527508718542749	-20.163592234349824	4
0.00043755862892188815	-19.97196591469064	8
0.00031483790922429584	-21.44050692693523	3
0.0003133545794675684	-21.37063509647356	4
0.0003150853097059186	-21.35241701641816	3
0.0004771558502463585	-19.964016682379164	4
0.0004747579350459391	-21.252312565042434	4
0.000310246827298205	-21.40938709250867	7
0.0003137972510965622	-21.49071612286522	3
0.0003611495282856065	-21.210868269807335	3
0.0003687842892280424	-21.021842778749146	9
0.0003002163981457405	-21.442417538756605	4
0.00043107312359484884	-20.886881067253906	7
0.0003470732407717023	-21.447588575423477	4
0.0003212446829192581	-21.19787876787865	8
0.0005344125142952134	-19.10135021156932	3
0.00035591438696023266	-21.4153496636489	3
0.0003811189114313046	-21.461596111016334	3
0.0003318162521609401	-21.28001486668096	3
0.00032289064328193656	-21.444341898498056	4
0.000440685067955793	-21.39225255971904	1
0.00041497598912394095	-21.323990269710375	3
0.0004999293540144775	-21.34701721184473	5
0.00036343473578853225	-21.361786926650566	3
0.00037234025866904406	-21.431049953729	4
0.0004935368894035066	-19.46142501449556	10
0.0003842124360457797	-21.074896459010514	9
0.00035789292302120017	-20.707490558179185	5
0.000311700349217707	-21.420403707350694	3
0.0004271509951264513	-20.899887220955005	5
0.0003194892503470511	-21.492071560286778	1
0.0003267765310419306	-21.47263713022591	1
0.00040393127428843767	-20.997031039235193	12
0.00032128116903279175	-21.32045922862533	8
0.000380846609559962	-21.409185345252325	4
0.0003650014502183339	-21.473875626029052	4
0.00030427966827321884	-21.48513269184266	5
0.0003527238288642806	-20.830834395515183	3
0.0003115372749716686	-21.45514362312117	3
0.0004224995046540069	-20.179815538949317	3
0.0003842937305301719	-20.387449536077607	6
0.0005372159711957865	-19.0635746050696	3
0.0002937268907444464	-21.48310705841874	8
0.0003845165587694871	-21.277101761073748	3
0.0004813818681550407	-20.259785562862934	5
0.00041723743267922707	-20.622906704351095	4
0.0003055083788359154	-21.43336501942248	3
0.0005246235469448183	-20.40567060037495	3
0.0003645989267694961	-21.36003743880638	10
0.0004188753396874307	-20.273664669585077	6
0.00040051299727786993	-20.544626824308434	3
0.00045765631615024896	-20.248623364334392	4
0.0003577812311199403	-21.006686963018726	4
0.0003222317905862675	-21.455406537525196	5
0.00041007849203694973	-21.470011969245334	7
0.00030174332494382894	-21.492506792214023	3
0.00036529542962430306	-21.488003218653418	3
0.00046928941943671405	-20.92483264235601	3
0.0003239163194614227	-21.307498535118146	3
0.0003866356977750878	-20.571748360258407	4
0.0003215768545661707	-21.476246157609786	3
0.00043482539777303897	-21.334422867542465	3
0.0003354860029646964	-21.13973493459178	3
0.0003314419545064534	-21.431923417491998	3
0.00027388196760369326	-21.482698114936202	3
0.0003559544838122018	-21.325965250094725	3
0.0003267118073560837	-21.393788863472253	3
0.0004318864392572239	-21.200793668528686	3
0.0003275664339433009	-21.364400145097324	3
0.0003060283254832482	-21.471373355044975	3
0.0003262460207716537	-21.291335154909977	3
0.0003126070642793521	-21.399089153383628	3
0.0005183538203485785	-21.392017469553593	1
0.0002754150836397918	-21.38722784076652	4
0.0003626928669035389	-21.06184914662635	3
0.0003178243474848833	-21.4890224661399	3
0.00038761026483798513	-21.242793315615806	3
0.0004545936437900262	-21.228776136636185	3
0.0003272303412674079	-21.301601143010057	3
0.000516929663477152	-18.915709605667868	2
0.0003267042825211971	-21.497331739620417	3
0.0002753011656852272	-21.49303726335694	3
0.0005924886805657021	-18.537944912099817	2
0.00032550237167491115	-21.3918530119566	5
0.00031637923359491423	-21.168090225362047	3
0.00032627399770478687	-21.31518785573406	3
0.00036348264061462394	-21.492043785276756	1
0.00044501276167879946	-20.230791763940687	3
0.0004237561092051989	-21.289832643790636	1
0.00030938871097852027	-21.41553942194625	3
0.00036374837736039445	-21.366257050967214	3
0.0005071857691600486	-20.01106040616651	6
0.00041514236399620684	-20.180021706068818	4
0.0004872564455455687	-19.60235568879917	5
0.0005566342692352958	-20.150192949187865	3
0.00044041249499499627	-20.340323853990782	5
0.0005179044737019669	-21.45070131598674	1
0.0003599887333972016	-21.346464302790075	4
0.0003355397628108858	-21.23249679081978	3
0.00037283929208095466	-21.22562674152624	4
0.00029143139184556677	-21.426824149428292	3
0.0003914555389044084	-21.491108430498205	4
0.00043243900656821815	-20.824989464978323	3
0.0005590070318094931	-18.705339688658643	2
0.0005714015592323768	-21.456768847348897	1
0.00030577539066923323	-21.482518760545094	3
0.00032373042478531656	-21.44692557850763	3
0.00030510956578134026	-21.402152673588247	3
0.0005390113892507123	-21.365915059805925	1
0.0003519002859273021	-21.102017450416678	5
0.0003642981796795412	-21.20718165845275	7
0.00033491053835193644	-21.440770542093958	3
0.0003068716668170002	-21.415857939678887	4
0.00032809641547059483	-21.275131324412307	3
0.0003042629358703247	-21.449286926183063	3
0.00046248287841030446	-21.27178575187351	3
0.0003634290488795843	-21.02394146877155	5
0.00028228880227917696	-21.4460903385516	3
0.0004172388982910249	-20.264147149561392	4
0.0004711148505540105	-21.29673191020679	3
0.000445503765237913	-21.13751977499186	3
0.0003067813715319691	-21.435451137219562	5
0.0005198281142597335	-19.293700382406453	4
0.0003244966201460738	-21.36930057763141	3
0.0004361141597251427	-21.388200171017008	3
0.000425776958083372	-20.593614591402055	7
0.0004029135942613142	-20.771903873754777	7
0.000338284779628866	-21.472210757940815	6
0.0003917053922942005	-21.333485088749033	3
0.00033255793023108756	-20.956713586922685	3
0.0004256447618437639	-21.233858124134283	6
0.00040418515979457405	-21.388212378761697	3
0.0003111873015386355	-21.45324828725898	3
0.000344956019065361	-21.489529225431426	4
0.00031742039322480765	-21.321944795254552	5
0.00043695780791272476	-21.04893618441741	3
0.0004259486292193042	-21.37752912634045	3
0.00030922013155661556	-21.407945315363943	3
0.0004842870878294088	-21.47401335944128	1
0.0005556639490193495	-20.66184323203967	5
0.0003207003485037518	-21.331233128264298	5
0.00029810378515202285	-21.460398012256768	3
0.0003716742224999974	-21.339262905934895	3
0.0004722725457471621	-20.43450810656239	3
0.00041173758511754677	-21.42390246632425	5
0.00029947866666320787	-21.48062922843995	3
0.00038785489510158116	-21.34141411765604	4
0.0003377998536908113	-21.35176258484558	3
0.0005090072437240738	-19.375890996011265	3
0.0003250122245251275	-21.454770640366412	3
0.0003428294484434952	-21.488563093116937	1
0.0003439961031735778	-21.37489204733701	3
0.0003494342052811696	-21.211937270907214	5
0.0002861300723328529	-21.497998849648205	3
0.0003428489762589296	-21.240794441748726	5
0.0003101847315143432	-21.324110638109566	3
0.0004266452832011929	-21.00865635985862	4
0.00033730331861351427	-21.430065094535312	10
0.0003188296380774445	-21.185413188129022	3
0.0004744009648033538	-20.441214458424007	3
0.00029971687078665654	-21.39737238386763	3
0.0004461870420368393	-20.615219904951783	11
0.00035721479745624125	-21.374988751345796	1
0.0003463063301676656	-21.267877711571202	3
0.00033251417638956984	-21.456614865596123	5
0.0005070897589398794	-19.838273060693712	5
0.00031724244740698155	-21.435875575126488	9
0.0005797064751722444	-21.26968524281293	1
0.0003220836902488568	-21.283405738609297	4
0.0003961101400435802	-21.430104175605535	1
0.0004814144445608253	-20.254155432122865	4
0.0004825959343030613	-21.400978929855913	1
0.0003995373150270652	-20.517966562709937	10
0.00046410173687228885	-21.295112811067387	1
0.0003630186621967562	-21.47778663408342	1
0.00038947878016094476	-21.49269214426927	4
0.0005025531063246474	-21.433828201118324	3
0.0003122641146882635	-21.369059879155326	10
0.0003596155880238511	-21.409375775441788	3
0.00034757789847744247	-21.381805037197168	3
0.0003771570846026747	-20.547696756535014	3
0.0003339572341319345	-21.43592580298135	3
0.0003297555822344847	-21.36323557511012	3
0.00034925471565355537	-21.43945042022267	5
0.00030005750766884983	-21.438993079139376	3
0.0003864563496244288	-20.7765550267687	6
0.0003185837611032415	-21.39356740488816	7
0.0003779069820913492	-21.44558473851313	1
0.0004150493788248284	-20.40025875255892	3
0.00033271367946401174	-21.34555018550615	3
0.0005062279085372635	-20.34109111349038	6
0.0003859264844995291	-20.54493957725653	4
0.0003669478408171738	-21.027649230723334	3
0.00030782425431704003	-21.44903551426638	3
0.0003963101984499056	-21.40746837440794	3
0.0003469873299368843	-21.481561814238603	1
0.0005888865728340738	-18.754120355380135	3
0.00048622195471587976	-19.733077043351347	5
0.0003619395095673811	-20.975936395620803	6
0.0005678181770317225	-18.661287506627765	2
0.0003060594389582008	-21.480185044093236	5
0.000474750519025392	-19.74533873212022	4
0.000379698588051023	-21.020667768401943	3
0.0003539520274614865	-21.069914023922653	3
0.00030363620312796045	-21.43823355907333	3
0.00031170443031718444	-21.391567177483683	3
0.0002984441071027444	-21.340870480792358	3
0.0005129604648815714	-19.681257585378916	5
0.00034764866147095303	-21.185947838720082	4
0.0003870046496677006	-21.354184042398487	4
0.000377144769100476	-21.013697316660128	3
0.0004072128843954862	-21.37674981514234	3
0.00034222665109125025	-21.210639690720832	3
0.00046447343740690857	-21.40949122114861	1
0.00035272264651574776	-21.378963091467696	4
0.00034600294282491383	-21.119631714767895	7
0.0005412973026244866	-20.259503782963126	5
0.0003526993477103108	-21.058715369748178	3
0.0003155490986887862	-21.46303188052461	8
0.0004104125240615386	-21.071980271037845	4
0.0003138987291618808	-21.46550104528917	3
0.0003438624615890786	-21.48995762841239	4
0.0003850270100316387	-21.22939237107979	1
0.0003758583301306722	-21.350757548526293	3
0.00035578554591461956	-21.3017020591444	3
0.0004253560312023229	-20.198209542276988	3
0.00032895877582910015	-21.41972969130624	3
0.0005491747919969667	-19.107890947125103	4
0.0003203814783427218	-21.291510252982118	3
0.0004279939896070211	-21.160448405798498	3
0.0004094003210300314	-21.216335747269092	3
0.00035086166541787727	-21.36789427541668	7
0.0003836361066586538	-21.392375097971627	3
0.00029452058372421376	-21.43242498739296	6
0.0003169799150587422	-21.35059882560753	3
0.00041685698495223274	-20.88646183893703	6
0.000591010112048461	-18.545337159965886	2
0.0003696705722328314	-21.309971431710004	4
0.0004983731701603211	-20.941494895062757	3
0.00034151518955881447	-21.090858874815385	3
0.00032658580672879076	-21.303321302974346	3
0.0003154523395250891	-21.321276892724633	3
0.00031022948506448004	-21.34908959461982	8
0.0002915244264802416	-21.477961202783973	7
0.00031926135188632844	-21.445534330255413	3
0.0003872539829805696	-20.66440134944385	5
0.00032608209052984523	-21.485904519729132	4
0.0005594739677644621	-19.45144105303199	6
0.0003109382657408618	-21.418410290668458	3
0.00033806263430384245	-21.023722733993452	5
0.00031658652638703264	-21.497109323218005	5
0.00036314072579720947	-21.240140202049734	9
0.0005080349469310258	-20.94173878181175	3
0.0003346136817254785	-21.27783954202491	10
0.00056045337235519	-20.926511689717152	7
0.0004024030944881734	-20.94370597083161	3
0.00033520805831567676	-21.197580075699555	4
0.0005536013951117132	-18.732365697854657	2
0.0003774279131699569	-21.297144641290767	3
0.0003164495039423538	-21.465755084357134	7
0.0004412948203824883	-21.492862265950087	5
0.00042514307671262785	-21.29374507974731	3
0.00030043752412463705	-21.466414840418764	3
0.0003290212050813827	-21.445790588387567	3
0.00031558309356897703	-21.37911847497955	3
0.0004524850285397531	-21.440521657041383	3
0.0003875695264968323	-20.78619109875165	4
0.0003081041189020134	-21.418601638948413	4
0.00030361609753575024	-21.35636992996428	3
0.0003138750660509272	-21.30141181316703	3
0.0003092655130922573	-21.442536294267022	3
0.0004214230265539312	-20.831744483533175	7
0.0002790210186693109	-21.494828074945122	3
0.000550471010890852	-21.426701921743188	1
0.0005418039014648214	-19.13907000176722	4
0.0004195966237599361	-21.0520556238319	5
0.0003836308649198737	-21.401788341961417	1
0.00043252904714911265	-20.428861028982112	4
0.0003547704777703047	-21.49130164258097	3
0.0005038869095401412	-20.34201075977082	3
0.00037311123290451655	-21.13715991463183	7
0.0003133857691237319	-21.196307609552072	3
0.0003928864738370466	-20.923905128687995	3
0.00033544921260642095	-21.21896055517653	11
0.00044249634681898793	-20.97646644188358	4
0.00037471440472854035	-21.3286309574016	3
0.0003060682001455573	-21.452033700266185	3
0.00034527652432951963	-20.91502900662211	3
0.0003797111553340593	-21.236890565537813	5
0.0003710279491790451	-21.255061254972897	7
0.00033057579780793766	-21.322677988283115	7
0.0003638292388858617	-21.350812116770797	3
0.0003925070801567533	-21.412380516631586	3
0.0005251633316283895	-20.17121140541979	4
0.0003035255963360658	-21.47402800966515	3
0.0005601532198240419	-19.552199180268456	5
0.0002863149296168327	-21.476083652485183	3
0.0003698612059531427	-21.37066344950872	3
0.00041028674115881823	-21.49953375256075	3
0.00048003467941729814	-20.6831654415196	5
0.00041923801309543343	-21.337939229632983	6
0.0003805826128475868	-21.09898321134629	4
0.0003087176641287592	-21.431831998389164	6
0.00041050531263711485	-21.401008624039804	4
0.00032461190111062637	-21.432298054952934	9
0.0003434907568583845	-21.369551572197917	3
0.00042648270811098245	-20.91586180284876	4
0.00037269210874468257	-21.40648510581225	3
0.00035949025690356	-21.24551529528136	5
0.0004523041452093616	-20.909819662118547	3
0.0004227015929250932	-20.35438978355081	3
0.000539601106096459	-18.90340046135708	3
0.0003831865475498209	-21.287157734159678	3
0.00035104702233499475	-21.210915595506314	3
0.0003279916007171656	-21.34659740706055	4
0.0003704465086181931	-21.426047515545175	1
0.000384065884934363	-21.205530106386348	3
0.0005412817607914148	-21.147638165682558	4
0.0005249971302882045	-21.359747934035365	4
0.00033615570843359313	-21.413250760821587	3
0.0003479961735711855	-21.38559517625918	3
0.00039582005188909595	-21.215515845602905	3
0.00043822380724150406	-20.15350094403407	3
0.0003479216764159708	-21.12064252055463	3
0.0005927968145637315	-18.536404366049474	2
0.0003695166869057953	-21.291895489544242	3
0.0003176803356548864	-21.277607847179446	3
0.0003897702203324692	-21.01122843357481	3
0.0003081617757334931	-21.410770665174184	3
0.0004594586230236345	-21.36929761137963	3
0.00040551749917337124	-20.735874780370487	4
0.00035341547292373456	-21.271518591275758	6
0.0004891047188266752	-21.122430465400377	3
0.0003706611074956139	-21.205135416893512	6
0.0003377412628810985	-21.491943186991186	3
0.0003842252120886535	-21.391275703901204	1
0.00041676137325763045	-21.35337340738716	1
0.0003608129645105494	-21.355278196408438	3
0.0003348259344988719	-21.38305014038844	4
0.00032655239081742516	-21.485155818478884	4
0.00030407647604007706	-21.458669118098825	3
0.0005971454257947409	-18.51466305902316	2
0.0003155222437813661	-21.38860855468367	4
0.00041629737508783995	-21.450410682660312	3
0.00034827419623984017	-21.040942597786444	4
0.0004115970052829708	-21.24592198825843	3
0.00036900874370961135	-21.02477938222618	9
0.00038870044582538037	-21.443990029841395	4
0.0003127844549830696	-21.310582451294724	3
0.00028986768196463095	-21.481350737619156	3
0.0004572915835059533	-20.799764719769612	8
0.0003810762049293064	-21.093170205862727	4
0.0003965043057200406	-20.79933620978083	7
0.0003638264803326304	-20.98985999795042	7
0.0003998295374592518	-20.69274520148059	3
0.00035271110464561706	-21.17331964502832	5
0.0003634696110419273	-21.055473467379333	3
0.00029420459554676745	-21.49950209341645	10
0.00033597635365753683	-21.431779928259186	3
0.0003292680640110207	-21.29907665122622	3
0.0005049411150059207	-20.504695717252915	4
0.0003468890556963187	-21.030184525375137	3
0.00031278901633538167	-21.471025914165075	5
0.00038833622065824545	-21.374580641646787	6
0.0003545438998667511	-20.847772158427414	4
0.00045736598906264	-21.415901344407757	3
0.0002944584795293326	-21.456339246197608	3
0.0003508097444777023	-20.823115065511573	6
0.0004222912513855598	-21.45850170182861	3
0.00034194260226061917	-21.063893879390267	3
0.0003944972714831677	-21.005374662856966	3
0.0004556513438852074	-21.481624307968058	3
0.0003089067275119831	-21.17328403531734	4
0.0004642226012419043	-21.067930141446702	3
0.00036110708678094495	-21.17217845046099	3
0.00032079527560115005	-21.4278315230014	5
0.0003255548779900492	-21.342534917617527	3
0.0005290119796326268	-19.80766131332487	5
0.0003449113694477743	-21.045109141955873	10
0.0003422956934579427	-21.37176842289461	3
0.0004792031000881466	-19.803904584162396	3
0.0003816581768867745	-21.188146940866172	3
0.00059297117902752	-19.65271838820515	3
0.0004085818117521185	-21.302995695756792	1
0.0005838717188755898	-18.581026254575963	2
0.0004099664295560939	-21.328629353784912	3
0.00045934161745384613	-20.17253831698289	5
0.00032923348685711193	-21.490528245918675	4
0.00043520960624420624	-20.735682879368074	3
0.0003184503959743264	-21.298686053651608	7
0.0003163611250744042	-21.381938864200162	4
0.00027482159653219573	-21.251229000908417	3
0.000489212111382878	-20.877896279107226	1
0.0003016523296792169	-21.366810442026246	4
0.0003538509833860947	-21.30394653176665	3
0.0003737406330854568	-21.390983918656538	4
0.0003008384097027592	-21.412887678772798	3
0.0005251288560087845	-20.826209711366477	5
0.00036024380964225726	-20.971037318767085	5
0.00048433430959804143	-21.452677303616873	1
0.0003136366179544586	-21.359356980926147	3
0.0003033872871461058	-21.449454761834488	3
0.0004886427824672521	-21.373133949981238	3
0.0003153226221656722	-21.48048441141704	3
0.0003217952036920449	-21.472725010560424	3
0.00030077093463676036	-21.47962237463657	3
0.0003913751164753516	-21.01881656469502	5
0.00032336772459489816	-21.49879993884744	3
0.00032639228491379953	-21.303517133800877	4
0.00028760993693457217	-21.321301258330163	4
0.000349985596054151	-21.012250177241555	3
0.0005603699225792288	-19.03427030782254	3
0.00031572420933167583	-21.342873047604137	5
0.0003561497412594249	-20.933333548484885	8
0.00029789182708088365	-21.498384708720856	3
0.00048240890081436264	-20.125150333267108	3
0.00033870617622018203	-21.248901594919783	3
0.00033558402919867347	-21.101661456463454	3
0.0005094051985500216	-20.932538432783033	4
0.0003718620520380228	-21.46874189987801	3
0.0004772661516201296	-21.336646266654476	1
0.0003589908747585525	-21.279984346206895	4
0.00033443009553683244	-21.218357406412387	5
0.0003386630367545826	-21.322424406889855	3
0.00037552547891227375	-20.75790603392808	3
0.0004149490906037227	-21.394725863457175	4
0.00047405050037690864	-20.729693034961127	6
0.0003927888153673596	-20.949254641536495	3
0.0003597159989962682	-21.3877515204533	3
0.0005158788122033702	-20.33067070860412	7
0.0004336716592562125	-21.386180457865663	5
0.00034947678573838705	-21.31611030252018	7
0.0003878062949860153	-21.00526238265828	4
0.00030949369218452843	-21.39427480179821	4
0.00032241437627396574	-21.273951671813226	3
0.00032796387942010056	-21.399001195001336	11
0.0003908509331225304	-21.197373454309602	3
0.0005555913265891456	-21.24547539447615	5
0.00030784485468089007	-21.490942451680755	3
0.00032477736276488426	-21.2075333943798	4
0.00043908796035303213	-21.178893659210377	3
0.0002972188448934119	-21.206921413713943	8
0.00030504669835687423	-21.482233536249126	3
0.0004750017266533146	-19.712612362445764	6
0.0002901831339734385	-21.373788790877217	4
0.00033115718234726923	-21.1255794149633	5
0.0003764835365468505	-21.054455658205466	4
0.00039320746957148436	-21.32256085238378	3
0.00038365976621002485	-21.235577490119887	4
0.0003314300987204244	-21.187962808879135	9
0.0003600189206935098	-21.374301170208163	5
0.0005568814958307367	-19.089376509944085	3
0.00033992384446369093	-21.388215835394714	5
0.0005285313100088777	-20.77623274194643	3
0.00045303096500128335	-20.87812250993568	3
0.000378054376381194	-20.723485996137576	6
0.00033191080559624286	-21.31373778561541	3
0.0003380751942136286	-21.495205557967992	3
0.00040313146832068143	-21.130991066335532	4
0.0003498077990126226	-20.985731090593323	4
0.0003189036422384864	-21.398841262188412	13
0.0003939208583106032	-21.304585501877263	5
0.00029881681689015907	-21.48408556918836	3
0.00031926253454627064	-21.491880569235477	3
0.00041974063209042583	-21.248585990667376	3
0.00030796437981421614	-21.34111067816119	3
0.00032428867934073514	-21.472034925475615	3
0.0003148472017029365	-21.401251523808845	4
0.00038750029246404884	-21.379904816343128	3
0.0003294561609703275	-21.386703741691722	3
0.00039271487026607265	-21.059144664464284	4
0.0003224699474044048	-21.49744492525096	4
0.0003095734409661792	-21.362998635722388	3
0.00039445625995926294	-21.04205067033579	3
0.0004783680480607187	-19.921786376046168	3
0.00042958851767024495	-21.046901237677496	3
0.00034164511829493105	-21.005844695576076	3
0.0003682629379284599	-20.82804172173809	4
0.0003936426881843621	-20.50857712967452	9
0.00041434697277094616	-20.685362225593668	3
0.00038732681813890315	-21.07991868901068	3
0.0003121760988126088	-21.360689875390378	3
0.000463568577547468	-21.49566464302543	1
0.0003540625373970621	-21.11863321604639	3
0.0004645416692986017	-21.242603657182677	3
0.0004299139984228988	-21.324991494655833	4
0.00042154991219898986	-20.71483156287988	6
0.0004621871538132057	-20.680324716890613	4
0.0003356111694432652	-21.46075273013004	1
0.00033936179467959203	-21.421206973543217	3
0.00045506429393816155	-21.330101030398446	5
0.0004958330265237591	-20.44314156359441	7
0.0003417338925256893	-21.16960934870101	3
0.0003540752046457463	-21.468038012030313	3
0.00039279767363999536	-20.72851552733305	4
0.00036901166580117405	-21.310407978938372	3
0.00035149053944057986	-21.384739568719695	5
0.00029850799371850103	-21.369414216991427	9
0.0005793885623399035	-19.558561116823206	3
0.0003655936193180018	-21.49290814762039	3
0.0005837061060491787	-19.26840360238107	3
0.0003055675903221785	-21.46412900103101	4
0.0003104444940527485	-21.336449023136403	3
0.00034471689595199164	-21.36641698917533	4
0.00048238711424934244	-20.009836667259307	7
0.00032552588196493176	-21.256275499252123	3
0.0003409593335781693	-21.323901775007755	3
0.000572325917706739	-21.098873550689817	5
0.0003609654074903126	-21.209613479746494	5
0.00038089510448914663	-21.32185666143987	3
0.00032893087656007416	-21.25779768352504	3
0.0002929341673205768	-21.450473752892677	8
0.0003622483949337456	-21.082517624301495	3
0.00038512391663336824	-21.419323038573715	4
0.00040843021010496906	-20.995293292525307	4
0.00029753686681895715	-21.46424059995804	4
0.00035836287814630755	-20.697586072845077	7
0.00027994136200513927	-21.4921138601928	3
0.00036257472940209786	-21.44550185468284	4
0.00036872704655550875	-21.49576597895058	3
0.000328058065014455	-21.481034730195997	3
0.00037336894225567345	-21.40027455543813	3
0.0002964728705788223	-21.48007774749489	3
0.00040716101323241995	-20.426349384803878	6
0.0004820773302184372	-19.649656786310956	4
0.0005194925960382703	-21.214131059869924	1
0.0003473725939571641	-21.433399652219926	4
0.0003232956539258678	-21.269180893999877	3
0.00033571645491306144	-21.131381371198376	5
0.00036613198560377666	-20.8760134463892	4
0.000332977238721029	-21.454583048646846	4
0.00040815430943720734	-20.945964135877407	8
0.0003179825193005164	-21.49139061765681	4
0.00036183589154377047	-21.35291389623519	1
0.00032271801692632606	-21.24012513501632	14
0.00038806536537553234	-20.765771285122643	3
0.0005322539773630657	-21.231521177677934	3
0.00036913738613941847	-21.41247242791745	3
0.0003253059903162463	-21.22774218289883	3
0.0003233317832425272	-21.36360867997814	3
0.0003055068361324729	-21.41253997145941	4
0.00029946326876976185	-21.48597479152923	3
0.00033087159556879876	-21.260874123833535	6
0.0005379751430527409	-21.201294917600805	1
0.00033449170440761765	-21.37445905829378	4
0.0004979825784561497	-21.307110659714112	3
0.00032394935749832556	-21.209188473162047	3
0.00034496313445856385	-21.30582981134407	4
0.00038316152306044394	-21.47514804583051	5
0.0003526151374504924	-21.089470993009925	5
0.00036698138724246596	-21.48891139486037	3
0.0005308183662553133	-19.113017077119807	3
0.00033159998410293984	-21.476991640910324	3
0.00034057898313582586	-20.91673346637809	4
0.00037967884317442405	-20.685728745877636	5
0.0003504827989465853	-21.27095648338282	3
0.0003325923982377812	-21.482184529219683	4
0.0004711004432365509	-21.04927007494926	7
0.0003976173684211327	-21.30330661136347	4
0.0002924152477615928	-21.39009780951356	4
0.0003884567328316409	-21.41674397078814	3
0.0002692605446924371	-21.47594252218257	3
0.0004557156449640823	-21.0286909368022	4
0.0004419341019607528	-20.3315802509722	4
0.00044755480467019665	-20.262452423493688	4
0.00031891759429365806	-21.476436009354213	5
0.0003159593926931728	-21.464184439658965	4
0.0003399566764722659	-21.416007876873998	3
0.00030708564608516585	-21.361722709481207	4
0.00032603222292247776	-21.418181893480938	3
0.0005548980939204313	-20.85851792622457	3
0.0003548371661627407	-20.918318460746644	3
0.0004384538632428598	-20.570207033804607	3
0.0004926081791337712	-21.383526207612306	3
0.000304370875097295	-21.408622327058968	3
0.00030965765558938873	-21.38957823393484	3
0.00032687304224665126	-21.424087016328635	3
0.0004037218971865221	-21.428938626717294	3
0.000323845998956251	-21.44620773204053	3
0.0004539232218156018	-20.364574648474584	3
0.0004734725902143232	-20.365737550295147	3
0.0003222777256791587	-21.37632565731517	5
0.00033146779623903635	-21.4960284907456	6
0.00036325820607437467	-21.484873500751462	3
0.0003674370694557147	-21.334608035770934	1
0.0003173396217307378	-21.414272732598118	4
0.0003058060391454263	-21.470177172201165	6
0.0004112922234150253	-21.01975732777307	3
0.0003121367813452594	-21.459885803738004	7
0.00038482679792125273	-21.464548841550705	1
0.0004359956729879622	-21.389642882893074	3
0.0003244572256525007	-21.48107222915779	1
0.00034352450974603976	-21.427437820190445	1
0.0003545405545657573	-21.216600314035126	3
0.0005046241507415688	-20.161882627563543	6
0.0002861966511226038	-21.497022487424662	3
0.00046237520328205975	-20.74441133126045	3
0.00034105601090333505	-21.452397986004314	1
0.00043618974787622565	-21.29830768565284	3
0.00029893162043118153	-21.448593458464195	3
0.00030556471443379384	-21.439521708219175	3
0.0005207541476378398	-19.80595845213951	5
0.000391227794445054	-21.476732082299296	4
0.0004974130716027968	-19.907538948667554	3
0.0003584183670043312	-21.038334738360078	3
0.0003282315289734971	-21.180048834846936	3
0.0004455306938865452	-20.65966130293204	4
0.000321454230445581	-21.22155418196867	5
0.00037016573550677787	-20.90966009125137	4
0.0005423473399781083	-18.788631446838156	2
0.0003549978293476846	-21.385736034421193	3
0.00038946654602619387	-20.816387235045333	3
0.0005039977497633259	-21.490682298315697	1
0.0003069166958342839	-21.43204528628952	6
0.0003655021336805356	-20.907764532528518	3
0.0004125521311734444	-21.473509558075566	1
0.0004900079177413854	-21.386117244602882	1
0.00039649741817123516	-21.229740345897948	3
0.00034032406118312685	-21.490376289207614	3
0.0003123153229526053	-21.489513758077926	3
0.0003567114795974349	-21.289829883604426	3
0.00031131159185162575	-21.404511353106944	3
0.0004078600156920183	-20.611881228455452	8
0.0003330365719693016	-21.448323539579974	4
0.000497329626247925	-19.056479183659306	2
0.00031218953717011936	-21.440641976927388	3
0.000524145729550011	-18.896723388028843	2
0.0003993313952747034	-21.041717977215256	3
0.0005756960728387406	-18.78621274028724	4
0.00031242102416094805	-21.45542651982762	3
0.00031117203531688155	-21.25093292385811	3
0.00036668128706175197	-21.293287919922495	4
0.0004238074070776967	-20.847775911327332	8
0.00039909392143030716	-21.327927517088373	3
0.0003872977626030213	-21.170992266551995	5
0.00044318676943352165	-20.985764857357413	9
0.0003780145766441909	-20.966205914627714	3
0.0005973651098928487	-18.51356472689549	2
0.0005645282543210996	-19.64739644161309	3
0.00036407864882749265	-21.263094383207736	4
0.0004435478560773969	-21.48993341402711	1
0.00044550805549023063	-21.20151106788743	3
0.00042562210002534403	-21.16027798619283	4
0.0005982165721238801	-18.50930775822141	2
0.00030226269910644003	-21.448395955019574	3
0.0003908869105692303	-20.478610292277285	3
0.0005026633218121912	-20.747870044918876	6
0.00040940502989731255	-20.870798118758653	6
0.0004980066505758129	-21.143068318859726	12
0.00041851838050091235	-20.646255844245292	6
