T	U	Steps
2.843643818273534	-120	0
2.843643818273534	-120	0
0.0005925780542985352	-21.46250192061582	1
2.843643818273534	-120	0
0.00045380163358969464	-20.7686756366912	1
0.00024286007335076745	-19.71405268188175	1
2.843643818273534	-120	0
0.00048206478871640646	-20.909980044121433	1
2.843643818273534	-120	0
0.00028185011903084876	-19.908987227434118	1
0.0003145666652570685	-20.07255679908787	1
2.843643818273534	-120	0
0.0005266568384552827	-21.02293930852055	1
0.0005671175707404408	-21.335209743718575	1
0.0001640090399718858	-19.31982923099979	1
0.00031199611480362113	-18.762560791817403	2
2.843643818273534	-120	0
0.0005542617412390015	-21.27093576717276	1
2.843643818273534	-120	0
2.843643818273534	-120	0
1.1826288343522858e-05	-18.558976684865456	1
2.843643818273534	-120	0
0.0005905344364560411	-21.45228465340157	1
0.00015872565274434	-19.29341441998291	1
7.630364187488738e-05	-18.88133751799156	1
0.00015678000389973703	-19.28368695835234	1
0.0003910824005625437	-20.455104698922675	1
0.00026106992096939754	-19.80509459548302	1
0.0005041969742012889	-21.020632069383883	1
0.0002650900492735466	-19.825193619999727	1
2.843643818273534	-120	0
0.0005005480410186149	-20.78799524829554	1
0.000492522835189598	-20.96226606997902	1
0.0001255548526109005	-19.127573761506234	1
0.0002236861525375009	-19.61819079008354	1
0.00017309429336498968	-19.36525184363134	1
0.000593802167804451	-21.46862199577393	1
2.843643818273534	-120	0
0.00018065637904676892	-19.403059230365407	1
0.00033145001306967436	-20.156966747213023	1
0.0005039465553872974	-21.019380076039123	1
2.843643818273534	-120	0
2.843643818273534	-120	0
0.000378315703092607	-19.352556226830682	2
0.0004867046750683944	-20.933177609593933	1
0.0002062364396885806	-19.53094924458411	1
0.00026240913186048424	-19.811790111271712	1
0.0003876292013399708	-20.43784009177968	1
0.00031037226829940776	-18.749783363489843	2
0.00012705264764382266	-19.135062134217282	1
0.0003395106812964449	-20.197266846128695	1
2.843643818273534	-120	0
0.00044110352054242376	-20.705190178978416	1
0.00015416670587626934	-19.270621519373954	1
2.843643818273534	-120	0
0.00030478789818272903	-20.02366689700005	1
0.0004259918925207083	-20.04293346698104	2
0.00021413591293545074	-19.57044343343725	1
0.00037855093664003047	-20.392452419802904	1
0.00022164755947652164	-18.779638721337342	1
0.0005945878154874852	-21.472549918180412	1
2.843643818273534	-120	0
0.0005949899309852467	-21.47456033392752	1
0.0005879556050929553	-21.439391533861674	1
2.843643818273534	-120	0
0.0003983472347124901	-20.49142594756016	1
2.843643818273534	-120	0
2.843643818273534	-120	0
0.0004002411380743284	-20.500894702590337	1
2.843643818273534	-120	0
0.00015123308019577292	-19.25595457095485	1
2.843643818273534	-120	0
0.00014420795469255871	-19.220831769133742	1
0.0003905444943209	-20.452415384074854	1
2.843643818273534	-120	0
0.00014710885896780955	-19.235335123688053	1
0.00027282513968817274	-19.863865960810855	1
0.0002605557155723117	-19.194885203186157	1
5.1429179422423e-05	-18.75697521090897	1
8.28909404058509e-05	-18.91427136105723	1
0.00033057702992508674	-20.15260218262745	1
2.843643818273534	-120	0
2.843643818273534	-120	0
0.00022132826854713873	-19.60640231853627	1
1.1777206657521839e-05	-18.558731296177427	1
0.0005400533037121968	-21.19989929455555	1
2.843643818273534	-120	0
0.0004885076397261053	-20.942191707681474	1
0.00025823156027434546	-19.79090393367299	1
0.0004205055678619197	-20.602208700628044	1
0.0002728996811757722	-19.864238638266258	1
0.00031077488543170624	-20.05359942511718	1
0.00029383300512143416	-19.96889683804705	1
0.00039546282548949264	-20.47700506163236	1
0.00017642496493348007	-19.38190386178785	1
2.843643818273534	-120	0
0.0005270403929333747	-21.134839974805146	1
2.843643818273534	-120	0
2.843643818273534	-120	0
2.843643818273534	-120	0
2.843643818273534	-120	0
2.843643818273534	-120	0
2.843643818273534	-120	0
2.843643818273534	-120	0
2.843643818273534	-120	0
0.0004448709845418594	-20.724025983599955	1
0.0005472682419365916	-21.235971083634762	1
0.00022950357274154548	-19.275300596224024	2
0.0005021308669326142	-21.010302364084577	1
0.0003175580764675023	-20.087512651913766	1
2.843643818273534	-120	0
0.0003347838348156487	-19.933107844191586	2
2.843643818273534	-120	0
2.843643818273534	-120	0
2.843643818273534	-120	0
2.843643818273534	-120	0
2.843643818273534	-120	0
9.904167904698959e-05	-18.995018558000215	1
0.00021289776116223107	-19.564253172589193	1
2.843643818273534	-120	0
0.00047471170862750363	-20.873217601284065	1
0.00016855914865315205	-19.34257794422968	1
2.843643818273534	-120	0
2.843643818273534	-120	0
0.0005013646365904827	-21.006471520572433	1
2.843643818273534	-120	0
2.843643818273534	-120	0
2.843643818273534	-120	0
0.00021627679574351465	-19.58114698635676	1
2.843643818273534	-120	0
0.00023162624605335574	-19.657888063943037	1
0.0003338213341443358	-20.128494438545502	1
0.0004906218626526776	-20.952761971916846	1
2.843643818273534	-120	0
0.0005702243356136941	-21.350742318460213	1
0.0005969258811602549	-21.484239306111185	1
0.0004129364125868242	-20.56436596877098	1
6.506715569041423e-05	-18.825159606687016	1
0.00010204734957680985	-19.01004570168756	1
0.000322251108507816	-20.110975924451264	1
0.0004584756146199628	-20.7920436618413	1
2.843643818273534	-120	0
2.843643818273534	-120	0
0.00056329674428259	-21.31610714826878	1
2.843643818273534	-120	0
2.843643818273534	-120	0
0.0005840857543701719	-21.420043836806098	1
2.843643818273534	-120	0
2.843643818273534	-120	0
0.00034064202050578787	-20.202923087120265	1
0.0005102331983991817	-21.05081076244116	1
1.6526655202274174e-05	-18.58247662854488	1
0.0005164641881454937	-21.081963204900575	1
2.843643818273534	-120	0
2.843643818273534	-120	0
0.0005562502982577351	-21.280877752415158	1
0.0002577530776363431	-19.7885117129416	1
0.000400646222608808	-20.502919962326807	1
2.843643818273534	-120	0
0.0005938321437514005	-21.468771863451543	1
0.0001975074454127284	-19.487307784241793	1
0.0005463904655362117	-21.231582554698207	1
0.0005150342522533994	-21.07481410059889	1
0.000262083933811093	-19.81016425182818	1
0.00012761491129565814	-19.137873226318852	1
2.843643818273534	-120	0
5.841899119428401e-05	-18.791921458277447	1
0.0004234972728090648	-19.962711711119603	2
0.0004401724856245612	-20.70053537887646	1
0.00037482379338308453	-20.37381820267572	1
0.00045308682750163027	-20.765101893765166	1
0.00048014662433795675	-20.900389993766638	1
0.0002579370141761459	-19.789431321656377	1
0.00041618710378258923	-20.580618117234124	1
0.00023626391144861391	-19.681074525525215	1
0.0005593363093230441	-21.296306566464814	1
2.843643818273534	-120	0
0.00039144109352326327	-20.45689801945029	1
2.843643818273534	-120	0
0.00016159561369380766	-19.307763070354547	1
2.843643818273534	-120	0
2.843643818273534	-120	0
0.0001361301381987638	-19.18044593578044	1
1.577312075999021e-05	-18.578709259425338	1
2.843643818273534	-120	0
0.0005985225915618383	-21.49222221587911	1
2.843643818273534	-120	0
0.0002472366952664576	-19.735934031064815	1
0.00026092246422719485	-19.804357371083086	1
0.0005759035614401777	-21.379136163254817	1
2.843643818273534	-120	0
0.0002967318941276134	-19.983390117066598	1
0.0005834741448074931	-21.416986034998565	1
2.843643818273534	-120	0
2.843643818273534	-120	0
0.0005697821100711199	-21.348531368622382	1
0.00031464685901680167	-20.072957735630442	1
2.843643818273534	-120	0
5.7420280154509416e-05	-18.78692830478709	1
2.843643818273534	-120	0
0.0003278480670554141	-20.138958465941563	1
0.0005413676434268501	-21.20647046446593	1
0.00024113322781056374	-19.705419148764584	1
0.0003267049912332226	-20.133243546606533	1
0.0005125866490194492	-21.06257706892118	1
0.00019189623626762395	-19.45925399549594	1
0.00038031542453270586	-20.401274149541656	1
0.00011815057663828852	-19.090555359842682	1
0.00016897573827631132	-18.99840135296824	1
2.843643818273534	-120	0
0.00039208320259561655	-18.525510988742777	2
2.843643818273534	-120	0
5.716245619609441e-06	-18.528428928869875	1
0.0003616834217285463	-20.30812162981494	1
0.000322097806107403	-20.11020947411156	1
2.843643818273534	-120	0
2.843643818273534	-120	0
0.0004635181317972077	-20.817254219491105	1
0.00026554582290470695	-19.82747230483108	1
0.0004555141518196839	-20.59669401601195	2
0.00010150777985489385	-19.007348070107476	1
0.0004766433064442871	-20.88287481342724	1
2.843643818273534	-120	0
0.00033754231957563313	-20.187425829252813	1
0.0005319104364067412	-21.159188233309138	1
2.843643818273534	-120	0
0.00032541933878231847	-20.126815801476106	1
0.00031715017075920125	-20.085473287442937	1
0.00028019252834153276	-19.90069994071522	1
0.0003141647559970683	-20.070547414446615	1
2.843643818273534	-120	0
2.843643818273534	-120	0
0.0003311307347426851	-20.155370484000432	1
2.843643818273534	-120	0
2.843643818273534	-120	0
5.715691620085859e-05	-18.78561159095092	1
2.843643818273534	-120	0
0.0005450721753079826	-21.22499163380895	1
0.0003472305964586589	-20.23586331678166	1
0.0005236304567733443	-20.91738100679599	2
2.843643818273534	-120	0
0.0003855056632624923	-20.42722325553658	1
2.843643818273534	-120	0
0.00020627966272448742	-19.531165342378173	1
0.0003601413093448909	-20.300411688175863	1
2.843643818273534	-120	0
2.843643818273534	-120	0
0.0005168643085722928	-21.08396364609534	1
2.843643818273534	-120	0
0.00036135022022172316	-20.30645575630346	1
2.843643818273534	-120	0
0.00010919469242317831	-19.045779541065325	1
2.843643818273534	-120	0
0.00032971502668774333	-20.148292513161685	1
0.00047310267228367744	-20.86517306676275	1
0.00029283435393059995	-19.96390398377732	1
0.00028982735074912906	-18.851893217782123	1
0.00038504511088083575	-20.424920678874887	1
0.00023988323783006638	-19.699169701641782	1
0.0004829208040426844	-20.91425977644037	1
0.00048372844868244363	-20.918297674782707	1
2.843643818273534	-120	0
0.0005461245486219917	-21.23025307708606	1
2.843643818273534	-120	0
0.00030203862420145357	-19.673250413532703	2
4.941998856700399e-05	-18.746930064782628	1
0.0003551502488660486	-20.275458393320797	1
0.0004296017145974917	-20.64768577559034	1
0.0005462155173763511	-21.230707884267773	1
2.843643818273534	-120	0
0.0002933375971173624	-19.96641999729315	1
0.00041920629221389537	-20.595712844991635	1
0.00011497155597179319	-19.074661535198064	1
0.00039865571913870186	-20.49296824561046	1
0.0004860287442323081	-20.929798227291116	1
0.00030975435957539217	-19.51566645155572	1
0.0003588375009292421	-20.29389317052453	1
2.843643818273534	-120	0
0.0002256914869190047	-19.62821665539148	1
0.00021127637546151202	-19.55614689625066	1
0.0004958059421404841	-20.97868028417928	1
0.0002831812241213051	-19.915642217480027	1
0.00017674888112367672	-19.383523312451004	1
0.00022001574845136442	-19.599840245988382	1
0.00034851052304750966	-20.242262434904916	1
0.0005619233958693855	-21.309240958600533	1
0.00032136612001650077	-20.10655133796093	1
2.843643818273534	-120	0
2.843643818273534	-120	0
0.0005381402989678357	-21.190335040295853	1
0.0004555065408178832	-20.77719948707247	1
0.0005724284621418631	-21.361762064541917	1
0.00038982275624216357	-20.448806983983694	1
2.843643818273534	-120	0
0.0004258186583384007	-20.62877201594215	1
2.843643818273534	-120	0
0.0005376497934252213	-21.18788270987734	1
0.0005539956205052577	-21.26960527054498	1
0.0005706256162059807	-21.352748560015765	1
2.843643818273534	-120	0
0.00022755668814363	-19.637541911280366	1
0.0002867231045568175	-19.933350195017745	1
0.00045990757530575064	-20.799202889297028	1
5.0198232600848694e-05	-18.75082097192111	1
0.0005428585475048056	-21.213924385173872	1
0.00027648640131319973	-19.882170796277812	1
0.0005954132333302656	-21.476676675388994	1
0.0003775408969820901	-20.387402627778396	1
6.074511157122571e-05	-18.803551124533797	1
0.0004334477908442693	-20.666914609828623	1
0.0005918308616949458	-21.458766258138894	1
2.843643818273534	-120	0
0.0005989126928476	-21.49417256539866	1
2.843643818273534	-120	0
2.843643818273534	-120	0
0.00019632156801187243	-19.48137887422939	1
0.0005992422659277537	-21.495820298236247	1
2.843643818273534	-120	0
0.0003501076026613969	-20.250247190585856	1
0.0004716443999830369	-20.857882291816	1
0.00021365653032006	-19.568046713180916	1
0.00036441428106229336	-20.321774828058395	1
0.00045748237599567643	-20.787077868227232	1
0.0004908496348140407	-20.953900741107553	1
2.843643818273534	-120	0
2.843643818273534	-120	0
0.0004504226645882353	-20.751782150796377	1
0.0001219890947440771	-19.109746406416107	1
0.00021643646335573562	-18.703123976452083	2
2.843643818273534	-120	0
0.0004674476523891412	-20.836900241891602	1
0.0004662344642746521	-20.830834789296137	1
0.0004264271929893126	-20.63181444442766	1
0.0003555332955912366	-20.277373472875013	1
2.843643818273534	-120	0
2.843643818273534	-120	0
0.0005069293765152375	-21.03429298190771	1
6.642242689436648e-05	-18.831935417580144	1
0.0005219352950248464	-21.109316538670583	1
2.843643818273534	-120	0
2.843643818273534	-120	0
2.843643818273534	-120	0
0.000237034923545026	-19.684929275885413	1
0.0003018130067324554	-20.008793636330264	1
0.00047976859992737166	-20.898500023765322	1
2.843643818273534	-120	0
0.0004671572690523204	-20.835448442007507	1
0.0002656217703930465	-19.82785201172465	1
0.0002758951567053826	-18.785666309290626	2
0.0005285726565814778	-21.142500676727895	1
0.0004017776292183845	-20.508576540292434	1
0.0001920864656186575	-19.460205065735728	1
0.00016487481074606278	-19.324157736634316	1
2.843643818273534	-120	0
0.00024279019048916304	-19.7137032956825	1
0.0005080252518050205	-21.039771917566025	1
0.0005572219811783167	-21.285735776180985	1
6.547109506787796e-05	-18.65537822818468	2
0.0001882409759969545	-19.440979164386864	1
0.0005451070774843198	-21.22516613065204	1
7.979851164313519e-05	-18.898810461101913	1
0.0005338812020797509	-21.169041268979075	1
0.00013263569959764458	-19.162975148332304	1
2.843643818273534	-120	0
0.000488314870153369	-20.94122793735491	1
0.0003115801918902988	-20.057625633494165	1
0.0005547636903981176	-21.273445311070848	1
2.843643818273534	-120	0
2.843643818273534	-120	0
0.00036890146614079267	-20.344208948584022	1
0.00047029820001627136	-20.85115183346011	1
6.701639734005041e-05	-18.83490503089763	1
2.843643818273534	-120	0
0.000485687540070237	-20.928092343722277	1
0.00019027647872157951	-19.45115585927589	1
2.843643818273534	-120	0
0.00022963092048194472	-19.647912238659746	1
0.0004247740384743523	-20.623549336796195	1
0.0004341415606932016	-20.670383180020337	1
0.00046632345838610467	-20.83127972405757	1
0.00028375736679951366	-19.918522699130946	1
0.0005026499453044868	-21.01289754715662	1
2.843643818273534	-120	0
0.0003151528378584698	-20.075487426320446	1
2.843643818273534	-120	0
6.987461190984586e-05	-18.849194954095616	1
0.00011710339891637226	-19.085319892436225	1
8.600330437899443e-05	-18.929831929046212	1
9.51149104405872e-05	-18.975386294420453	1
2.843643818273534	-120	0
2.843643818273534	-120	0
2.843643818273534	-120	0
0.000533856559330983	-21.168918065147214	1
0.000425861045201085	-20.628983933206435	1
0.00026850837152475344	-19.84228385631435	1
0.00032663983680427115	-20.132917800668643	1
0.00020527516586319703	-19.526143262107453	1
0.0004530400803749959	-20.76486817693495	1
0.00038694064397908984	-20.434397581931616	1
0.00013024846209723403	-19.151039921041566	1
0.0002119409524529461	-19.55946951389704	1
6.115086978239245e-05	-18.805579752382734	1
0.00022056369682947873	-19.602579767479337	1
0.00037820670694829154	-20.17065406705963	2
0.0004667969175319877	-20.833646829348947	1
0.00015289434718889378	-19.264260237714062	1
2.843643818273534	-120	0
0.00015021374571074468	-19.25085830853353	1
2.843643818273534	-120	0
0.0005389452136042209	-21.1943592897194	1
0.000488804930643639	-20.943678042690713	1
0.00045189423870380406	-20.759139429467417	1
2.843643818273534	-120	0
0.0005682828811628979	-21.341035827111575	1
0.0005629398911182976	-21.204518948948216	1
0.0004106785283784944	-20.55307745591126	1
0.0005367920507231015	-21.18359434137399	1
0.00043161903524240145	-20.657771567394114	1
2.843643818273534	-120	0
2.2718116025031364e-05	-18.613431442286124	1
2.843643818273534	-120	0
0.0005018465989042701	-21.008881138283126	1
0.00019761069340074264	-19.48782398265274	1
0.0005112363934916919	-21.055826334391586	1
0.00028280580422249704	-19.913765268989998	1
0.00036237404887372066	-20.31157448775195	1
0.00021431069085061326	-19.571317252712674	1
0.0003824694657625496	-20.412043489277394	1
0.00041324410971313864	-20.565904330638467	1
0.00037418028973034356	-20.370600943246544	1
0.0005973617580718717	-21.486418515347818	1
0.0004416628657913861	-20.70798668023948	1
8.726151270344829e-05	-18.936122464583157	1
2.843643818273534	-120	0
0.0005630558767750324	-21.3149029076144	1
0.0003447525125357059	-20.22347389391909	1
0.00037020245956179056	-20.350713392394365	1
0.0005799176985634929	-21.399205234277172	1
0.0003022949328615365	-20.011203073131984	1
0.0005246398630111216	-21.122838290751766	1
2.843643818273534	-120	0
2.843643818273534	-120	0
5.001252534716229e-05	-18.749892510349145	1
2.843643818273534	-120	0
0.00047040811079226416	-20.851701343130998	1
0.0005532866939135225	-21.266060922735697	1
0.00022436800051817797	-19.621599755729275	1
0.00027324947275964197	-19.865987455489996	1
0.00044510281074180405	-20.725185021352928	1
0.00026268501907490336	-19.40681568559068	2
2.843643818273534	-120	0
0.00035905812039353747	-20.294996179106906	1
4.0022624323979603e-05	-18.699947023440878	1
0.00047924071722229357	-20.895860822568597	1
2.843643818273534	-120	0
0.00022165527852640476	-19.608037236900365	1
4.036225704780958e-05	-18.701645050450587	1
0.0003857093699652306	-20.42824170711394	1
0.00030302469942094324	-20.014851612397223	1
2.843643818273534	-120	0
0.00035589715770582267	-20.279192637092788	1
0.0002805261509209973	-19.902367919420545	1
3.836077587980045e-05	-18.69163844966025	1
0.0003362903934701667	-20.181166702283928	1
0.0004984012985758875	-20.991656022433933	1
0.00039553144339166336	-20.477348123543244	1
9.91286175019784e-05	-18.99545321530617	1
2.843643818273534	-120	0
9.296733403470825e-05	-18.964649276204213	1
7.592064018268087e-05	-18.87942266358414	1
0.0003351950132543315	-20.17569024179622	1
0.00019460119994999244	-19.47277772589843	1
2.843643818273534	-120	0
8.888448265041978e-05	-18.944236661515724	1
0.0002157016231889014	-19.57827135493361	1
2.843643818273534	-120	0
2.843643818273534	-120	0
0.00017295013330446938	-19.364531101313805	1
0.00045191247973762414	-20.75923062729948	1
2.843643818273534	-120	0
0.0005867917839144931	-21.433572896089633	1
0.00024304874703472468	-19.71499597441189	1
0.00012415006524339747	-19.120550389712086	1
0.00017511323020273222	-19.3753457157492	1
0.0005528853480894944	-21.264054355047676	1
0.0003645540595607858	-20.322473664328175	1
0.00043561437095808274	-20.67774663894073	1
2.843643818273534	-120	0
0.0002977135764619384	-19.458177632925143	2
0.0004346182106143017	-20.672766237904384	1
0.00026802286846924555	-19.839856536319235	1
0.0003870716194641739	-20.435052406675165	1
0.00045967568106918065	-20.798043511388293	1
0.0001517183804149085	-19.25838087684969	1
0.000461249636098274	-19.07030842345125	2
0.00037446659707106956	-20.37203236478964	1
0.0004953810007124457	-20.976555747961992	1
0.000417806821084061	-20.5887160522475	1
0.00039308189031563007	-20.465101343439393	1
0.00054589387200633	-21.229099786792112	1
2.843643818273534	-120	0
0.0005170785184278594	-21.085034609212194	1
2.843643818273534	-120	0
1.7224809161500783e-05	-18.58596711752466	1
0.00016762882201745523	-19.337926685253663	1
0.00021805007900795755	-19.120649917292823	1
0.0004455092481353705	-20.72721704484068	1
0.0004948171172251449	-20.973736557334636	1
0.0005215650511902084	-21.10746546841945	1
0.0005897967693732795	-21.448596614697358	1
0.0004067025462355374	-20.533199144443735	1
0.0001585651604210037	-19.292612022920572	1
6.858450911980241e-05	-18.842744959059537	1
0.00030279818947649565	-20.013719153783395	1
2.843643818273534	-120	0
0.0004922247352356843	-20.960775690113294	1
0.00047847273192581246	-20.89202120499059	1
0.00017730137325789003	-19.386285550894833	1
0.0004109074129064508	-20.55422178648751	1
0.00019036382064911312	-19.45159253378228	1
0.00032907441604384315	-19.792614720514365	2
0.0004992164051278653	-20.995731227335984	1
0.0005792059392109673	-21.395646723803353	1
0.00041126269841819217	-20.555998071140802	1
0.0001177279466290064	-19.08844237978946	1
2.843643818273534	-120	0
0.0004199331712884372	-20.599346947993972	1
2.843643818273534	-120	0
0.0005393587687073835	-21.196426898892195	1
0.0002997023298566317	-19.998241100922318	1
0.0005819514743016427	-21.40937329492846	1
0.0001860078262901415	-19.429814314085846	1
0.00018741285857548588	-19.436838910370685	1
0.00012110540319325966	-19.105328304106596	1
2.843643818273534	-120	0
2.843643818273534	-120	0
0.0004772353000514793	-20.885834543347404	1
0.00025494968333930824	-19.774495869057226	1
0.00047815208658645803	-20.890418107266026	1
0.00021045450162568034	-19.552037857651328	1
0.000480432536956352	-20.42007417588773	3
5.9976528309491535e-05	-18.799708517370043	1
0.00042590897108619807	-20.629223543354914	1
0.0005876255834180437	-21.437741558230734	1
0.00037351384543377774	-20.138784379364555	1
2.843643818273534	-120	0
2.843643818273534	-120	0
7.712655217499124e-05	-18.885451738495362	1
0.00010929171993578385	-19.046264639601272	1
2.843643818273534	-120	0
0.0003853988001076913	-20.426688982745816	1
0.000511517450755073	-21.05723150765968	1
0.0005652667548004956	-21.32595640846694	1
0.0001801180919242921	-19.40036801126662	1
0.0003650624828997835	-20.325015576521583	1
2.843643818273534	-120	0
0.00045043625641537745	-20.75185010446509	1
0.00027120519732775174	-19.855766900593263	1
0.0005565438832062507	-21.282345559069952	1
0.0005714202078318076	-21.356721198538718	1
0.0004741645176240163	-20.870481866361608	1
0.00034071230408885345	-20.20327447676564	1
0.000400449391536927	-20.501935886138167	1
0.0005797247537081499	-21.398240587608083	1
2.843643818273534	-120	0
0.00021127142813865573	-19.515795928854352	2
2.843643818273534	-120	0
0.0005751514330140734	-21.375375823650636	1
0.00046633153667652717	-20.831320112260375	1
2.843643818273534	-120	0
1.5755023538193405e-05	-18.578618780595544	1
0.0004072867646607575	-20.536120001581427	1
0.00023615888634052779	-19.680549442228717	1
0.00038409897133827905	-20.42019036172495	1
1.5696649767553412e-05	-18.57832693522185	1
0.0005788384552798299	-21.393809451959616	1
0.0005843659344595798	-21.421444624557147	1
0.0004283121730554698	-20.641238586568623	1
2.843643818273534	-120	0
0.0001448639198976898	-19.2241113313125	1
2.843643818273534	-120	0
0.0001816634661665572	-19.408094260886745	1
5.6651907237254875e-05	-18.78308674926113	1
2.843643818273534	-120	0
0.0001711166023189728	-19.35536418388194	1
2.843643818273534	-120	0
0.0002938313165513763	-19.968888395875947	1
9.589271980893093e-05	-18.979275028406263	1
0.0005648041110827641	-21.323643375966064	1
2.843643818273534	-120	0
0.0003381164056193138	-20.190296028558326	1
0.00012599480164182943	-19.12977332970151	1
0.00011490257940722256	-19.074316680119445	1
0.00030998905502853705	-20.04967058918352	1
2.843643818273534	-120	0
8.954884414735589e-05	-18.947558201776292	1
0.0005482319566291685	-21.141608173305016	2
2.843643818273534	-120	0
0.00044034407576854157	-20.701393260578175	1
0.00022458409609700004	-19.622680146703917	1
0.0004905183263208473	-20.952244331902797	1
2.843643818273534	-120	0
0.0003140559704205523	-20.07000353032053	1
0.00039617994880005445	-20.480590389738833	1
0.00025338129427100996	-19.766654554564123	1
0.0005875611969901315	-21.43741965198913	1
0.0005353058964050612	-21.17616416755514	1
6.662096123859069e-06	-18.53315780094454	1
0.0005505370693166029	-21.25231390572428	1
0.000356851707775294	-20.28396500349436	1
0.00030437860253891693	-19.483456097721326	2
0.0005198984577280191	-21.099133171457346	1
0.00029891153020144586	-19.99428742072734	1
0.0004238562967011903	-20.618960997070882	1
0.00030032235054928735	-20.00134095499655	1
2.843643818273534	-120	0
0.0004250548613253403	-20.62495333809661	1
0.00025448691260774914	-19.772182201538303	1
2.843643818273534	-120	0
0.0002666955899173726	-19.833220677427104	1
0.00042383552286317345	-20.618857136236592	1
0.00033628363859378906	-19.28129751074982	1
2.843643818273534	-120	0
0.0001219691420025006	-19.109646650733755	1
2.843643818273534	-120	0
2.843643818273534	-120	0
0.0004376177872788367	-20.68776291471642	1
0.0004414419457382698	-20.706882168833904	1
2.2332403842771746e-06	-18.511015303651867	1
2.843643818273534	-120	0
0.0003267106096075772	-20.133271636218442	1
2.843643818273534	-120	0
0.00025086067223220246	-19.754052458232255	1
0.0004457358510031935	-20.728349968034006	1
2.843643818273534	-120	0
0.00031146238868111207	-20.05703666483186	1
0.0004955100602978238	-20.977200993977636	1
0.0005411911131023674	-21.205587883848775	1
2.843643818273534	-120	0
2.843643818273534	-120	0
0.000302384764339561	-18.58177326428595	1
0.0005949445695464002	-21.474333544978883	1
2.843643818273534	-120	0
0.0005618233175081874	-21.308740607048758	1
0.0004338187379643951	-19.998090214677106	2
2.843643818273534	-120	0
0.0005877999972303858	-21.438613557138506	1
0.00028619889682639807	-19.930729367216138	1
2.843643818273534	-120	0
0.0005974248853783752	-21.48673412648883	1
0.0004330597682354864	-20.664974652857868	1
0.0005504605702563651	-21.251931441193076	1
0.00015540682764390688	-19.276821629401717	1
8.334129267010664e-05	-18.916522941234682	1
0.0005750308921291049	-21.37477316771059	1
0.0003714830039216836	-20.35711559912435	1
7.183327388576012e-05	-18.858987476148506	1
0.000514427506059596	-21.023147503418702	2
2.843643818273534	-120	0
2.843643818273534	-120	0
0.0004243493982090112	-20.621426306271257	1
0.0001994280596639474	-19.49691008297503	1
0.0005154191493569905	-21.07673843130085	1
0.0005748739785623914	-21.37398866299189	1
2.843643818273534	-120	0
0.00028203658498914376	-19.909919482223955	1
2.843643818273534	-120	0
0.00036938741379138505	-20.34663849137573	1
9.3506355894712e-05	-18.967344168695103	1
0.0005662522928481976	-21.330883702295466	1
0.0003819673129008892	-20.40953292694852	1
2.843643818273534	-120	0
0.00013351651123278343	-19.08165800551698	1
2.843643818273534	-120	0
2.843643818273534	-120	0
2.843643818273534	-120	0
0.00042523065056849254	-20.625832213605197	1
0.0005400965391276799	-21.200115454242514	1
2.843643818273534	-120	0
0.0005939233490138502	-21.469227853078575	1
0.00014346269068771665	-19.217105748874815	1
0.00042816080470301177	-20.640481805690765	1
0.00043750741587384443	-20.68721110208581	1
2.843643818273534	-120	0
0.0005045964052675367	-21.02262906405317	1
0.00030718463585025104	-20.035649621305126	1
0.0005245402179608167	-21.122340105580165	1
0.00026230441807317096	-19.811266584453854	1
0.0005684055874421514	-21.341649309152068	1
0.0003687693391822256	-20.343548366936215	1
0.00048563231187341175	-20.927816224952423	1
0.0004103207415790113	-20.551288665825346	1
2.843643818273534	-120	0
0.000141012529929496	-19.204855930604456	1
2.843643818273534	-120	0
2.843643818273534	-120	0
0.0003828128954678437	-20.413760499667173	1
2.843643818273534	-120	0
0.00048313174215817826	-20.91531438217284	1
0.0005842240584101368	-21.420735301376304	1
0.0003669530370111387	-20.334467586646504	1
2.177194489882836e-05	-18.608700967230657	1
2.843643818273534	-120	0
0.000593278385399683	-21.466003294429502	1
0.0005238058121832471	-21.11866837209013	1
0.0001659943033181601	-19.329754749204696	1
2.843643818273534	-120	0
2.843643818273534	-120	0
0.00033632719227067365	-20.143798508321055	2
2.843643818273534	-120	0
0.0005800100693708638	-21.399667051159994	1
2.843643818273534	-120	0
9.093927833106416e-05	-18.9545098134247	1
0.0004570727264186648	-20.785029785114286	1
0.00017274879855086738	-19.363524508528062	1
0.0001903201356444309	-19.451374126330155	1
2.843643818273534	-120	0
0.00038256446437485997	-20.41251844412794	1
0.0003213658938646362	-19.743607715815614	2
0.0003633829251467541	-20.316618463319866	1
0.0002995161279620392	-19.736693065639276	1
2.843643818273534	-120	0
0.0005555426344510057	-21.277339718022983	1
0.00048013968223340375	-20.900355286036174	1
0.00020315807004838446	-19.515558634586434	1
0.0002530241063081011	-19.091040889954296	2
0.0004920869264953341	-20.960086701841934	1
2.843643818273534	-120	0
0.0005187975192653871	-21.09362892197133	1
0.00014238486742049512	-19.2117170660683	1
2.843643818273534	-120	0
2.843643818273534	-120	0
0.0005643237145011697	-21.321241586286558	1
0.00038251490500323254	-20.41227066720392	1
0.0003146898849858157	-20.07317284816931	1
0.00025793729663148003	-19.789432733819435	1
0.0005208361891383071	-21.10382145132792	1
0.00022355838090681965	-19.61755198332333	1
2.843643818273534	-120	0
2.843643818273534	-120	0
2.843643818273534	-120	0
0.00047204147256164344	-20.859867494995733	1
0.0003401697348532942	-20.200561848823828	1
0.0005972449621942314	-21.485834582938068	1
0.0005786886898077178	-21.39306068483877	1
2.843643818273534	-120	0
0.000362119852270619	-20.310303606981172	1
2.843643818273534	-120	0
0.000588577195494609	-21.442499235849517	1
0.0004615777692598518	-20.807553187270475	1
0.00017318605870431095	-19.365710633417454	1
2.843643818273534	-120	0
2.843643818273534	-120	0
2.843643818273534	-120	0
0.0005786002699059799	-21.392618620894947	1
2.843643818273534	-120	0
2.843643818273534	-120	0
0.0004912725871041605	-20.95601533243533	1
2.843643818273534	-120	0
2.843643818273534	-120	0
0.0005554717619045547	-21.276985383797577	1
0.00045122633075869186	-20.755800158392447	1
2.843643818273534	-120	0
0.0005583378222603282	-21.291314532769665	1
0.0005149067856464062	-21.07417681883443	1
2.843643818273534	-120	0
0.0005623624660894855	-21.311436133095146	1
0.00044034539887760485	-20.701399875591303	1
2.843643818273534	-120	0
0.00016595802797038757	-19.329573387056755	1
0.0004682630171078658	-20.840976737523544	1
2.843643818273534	-120	0
0.000163797988352385	-19.31877405779294	1
0.0004716020962266696	-20.857670790049877	1
0.0004239882130267826	-20.61962052563854	1
0.0004980115564734138	-20.98970746868635	1
0.0005341220768853334	-21.170245546120643	1
0.0003857018725674983	-19.793555907767043	3
0.0003028945513218979	-20.01420092425107	1
2.843643818273534	-120	0
4.2225383645321745e-05	-18.710959934038375	1
0.0002774109834174665	-19.886793334907285	1
0.000362359678154276	-20.311502639935018	1
2.843643818273534	-120	0
0.00034990452807808533	-20.249231899351372	1
0.00023199686819696288	-18.54605201658889	2
0.0005955820681807909	-21.47752078173169	1
0.0004653138804238326	-20.826232240325695	1
0.0005264647715318368	-21.13196209932791	1
0.000427158165669419	-20.635469013811264	1
0.00039872721220730894	-20.493325682197057	1
2.843643818273534	-120	0
2.843643818273534	-120	0
0.00010023400157181348	-19.000979691040055	1
2.843643818273534	-120	0
0.00019191649597010473	-19.459355285859342	1
2.843643818273534	-120	0
0.00031202259139138624	-20.05983745305459	1
2.843643818273534	-120	0
0.0005546820355471201	-21.273037069659644	1
2.843643818273534	-120	0
0.00035477925506394945	-20.273603573534015	1
0.0005527937459139753	-21.263596381014946	1
0.00044261885145618413	-20.71276622404025	1
0.0003452832249660698	-20.226127242604054	1
0.00021706318110000072	-19.585078596833792	1
0.0005606116492752288	-21.30268275324961	1
2.843643818273534	-120	0
5.1438348875434094e-05	-18.757021054485822	1
2.843643818273534	-120	0
0.0004939989758250612	-18.784676948798698	2
0.0005452807130403588	-21.226034238591332	1
0.00024056792753674643	-19.702592874774517	1
2.843643818273534	-120	0
0.00041640338839081384	-20.581699453279747	1
2.843643818273534	-120	0
2.843643818273534	-120	0
2.843643818273534	-120	0
2.843643818273534	-120	0
2.843643818273534	-120	0
0.0005371233640856846	-21.185250774923734	1
2.843643818273534	-120	0
2.843643818273534	-120	0
0.00015535526762593116	-19.171030279821302	2
2.843643818273534	-120	0
0.0005574186782228627	-21.28671918228686	1
0.00033830396475081583	-20.191233748774494	1
0.0005670586865013367	-21.334915346207882	1
2.843643818273534	-120	0
2.843643818273534	-120	0
0.00046753754926018087	-20.837349690087855	1
2.843643818273534	-120	0
2.843643818273534	-120	0
2.843643818273534	-120	0
0.0003774223856460417	-20.38681011876661	1
0.0004245882572546941	-20.62262050542412	1
2.843643818273534	-120	0
0.00028551482297831343	-19.927309273128667	1
0.0003011604487682281	-18.780247943828982	2
0.00021888531714537581	-19.594188544148402	1
0.0005756106644085673	-21.37767179590785	1
2.843643818273534	-120	0
2.843643818273534	-120	0
0.00014002699926096436	-19.199928673668815	1
0.0005295625493214689	-21.14744974226629	1
0.0002858303890096485	-19.92888697635617	1
2.0360270768142335e-05	-18.601643164390637	1
2.843643818273534	-120	0
0.00037602573332733635	-20.379827418944316	1
2.843643818273534	-120	0
0.0005205327425023353	-21.102304340202483	1
0.0005927600566845419	-21.463411859339587	1
0.0003435703926917615	-20.217563770179854	1
0.0003958957575296764	-20.479169547696337	1
0.0004715667848657772	-20.36758601703611	1
0.00022650618858889747	-19.63228983604596	1
0.0004831887409634879	-20.91559935327293	1
0.00015082908923229495	-19.25393477863352	1
0.00047347376372423064	-20.867028374702528	1
0.0005328987450476774	-21.164129378989426	1
0.000362967266096048	-20.314540335255618	1
0.0005327085379806143	-21.163178420160524	1
0.0005241870362093072	-21.12057433888185	1
0.0004107926456499126	-20.553647996367307	1
0.00040153409266779525	-20.507358955496457	1
2.843643818273534	-120	0
0.00013940846419799473	-19.196836247145455	1
0.00028241718968168743	-19.9118223525972	1
6.471900033984828e-05	-18.82341896997166	1
2.843643818273534	-120	0
0.0003769740000295715	-20.384568371037048	1
2.843643818273534	-120	0
0.0002936327070974634	-19.96789542849246	1
2.843643818273534	-120	0
0.00039233720478485144	-20.461378215318106	1
2.843643818273534	-120	0
0.00022843892021181975	-19.641952716763782	1
0.000452158626083714	-20.76046126002323	1
2.843643818273534	-120	0
2.843643818273534	-120	0
0.00032221655245644095	-20.110803158093766	1
0.0005979570883497345	-21.489394927279236	1
0.0005608554088946853	-21.3039014533002	1
0.00012572015972516485	-19.128400230586575	1
0.0005977411594209275	-21.48831536948764	1
2.843643818273534	-120	0
0.0005642178313736172	-21.320712213237844	1
0.0004041762014158333	-20.520568436509244	1
0.0003857000115098302	-20.42819491860116	1
0.0005283041145557057	-21.14115807461388	1
2.843643818273534	-120	0
0.00046567840760238557	-20.8280547295958	1
0.0005928294934917617	-21.46375901544633	1
0.0004217762439457687	-20.608561569947096	1
0.0005896066436541877	-21.447646062575593	1
0.0003481075147170729	-20.240247555353555	1
2.843643818273534	-120	0
0.0004070627964427401	-20.535000250577397	1
0.00029208494759299156	-19.960157253520723	1
0.000535599900135752	-21.177634067952365	1
0.0004963046721879126	-20.981173733813744	1
0.0004844186948628684	-20.9217486280492	1
0.000322878287619524	-20.11411156774145	1
2.843643818273534	-120	0
0.0005234259971124513	-21.11676944950802	1
0.0005929212065469981	-21.464217543833048	1
2.843643818273534	-120	0
0.00033915013106142937	-20.195464239976648	1
2.843643818273534	-120	0
0.00036318760586430594	-20.31564194547031	1
0.0004057118799171346	-20.249193410890534	1
2.843643818273534	-120	0
0.0003043162304642093	-20.02130874812493	1
0.00046527041038033637	-20.82601490759304	1
0.0005016576082242291	-21.00793626090007	1
0.0005067158738131961	-21.03322555427405	1
8.824262176240887e-05	-18.941027615249432	1
0.0005558784449502236	-21.27901863544703	1
2.843643818273534	-120	0
2.843643818273534	-120	0
0.0003411148451310038	-20.20528702006353	1
0.0005674836295908996	-21.337039890732125	1
0.000542943461007226	-21.214348918531474	1
2.843643818273534	-120	0
0.00016168248006143097	-19.308197367252664	1
0.00040413628123572756	-20.52036885166569	1
0.00018386076430637195	-19.419079867773238	1
0.00019935588998204305	-19.4965492635941	1
2.843643818273534	-120	0
0.000362263912745037	-20.31102385140825	1
0.00036956100588583026	-20.347506382024534	1
0.0003624848619623065	-19.297879695719903	2
2.843643818273534	-120	0
0.00015032646072491134	-19.251421838267348	1
2.843643818273534	-120	0
0.0002983192888940881	-19.730994605819735	1
0.00014569913360275814	-19.22828706389236	1
0.0002645948865242624	-19.82271800542112	1
0.0002014795178158952	-19.50716654858297	1
0.00043275763199971176	-20.663464093206336	1
0.0005476784401379617	-21.238021909648833	1
2.843643818273534	-120	0
0.0005238246015293911	-21.118762311263268	1
0.0004187757260733624	-20.593560187474285	1
0.00032528891998054825	-20.126163759925213	1
2.843643818273534	-120	0
2.851312924263107e-05	-18.642404177463497	1
5.264458646501499e-05	-18.534467848489136	2
2.843643818273534	-120	0
0.00022157782449873538	-19.607649997916116	1
2.843643818273534	-120	0
0.0005331931474451859	-21.16560127256038	1
2.843643818273534	-120	0
0.00034247926359532414	-20.21210856357922	1
2.843643818273534	-120	0
0.00022699569315078386	-19.634737161963454	1
2.843643818273534	-120	0
2.843643818273534	-120	0
0.0002732342675431573	-19.45812451313935	2
0.0002891636159812997	-19.945551770500636	1
0.00028327999313248407	-19.916136022808363	1
0.0004306856242536879	-20.653104887893623	1
4.513305632190063e-05	-18.725497127876892	1
2.843643818273534	-120	0
0.00044727580149449964	-20.736049101080912	1
0.0005952205504599848	-21.47571333853984	1
2.843643818273534	-120	0
0.00030358544887192844	-20.017655134103595	1
6.370485488579488e-05	-18.81834865061805	1
0.00046131052854374966	-20.806217091181388	1
2.843643818273534	-120	0
0.0001663121174883792	-19.331343692222358	1
0.00038254775460404663	-20.412434901994995	1
0.000314280037409755	-20.071123775140755	1
0.000524723183602666	-21.123254860195697	1
0.00031529918131966187	-20.07621908476312	1
0.0003973598756105837	-20.486489549193088	1
0.0004958596677286777	-20.978948890510367	1
2.843643818273534	-120	0
2.843643818273534	-120	0
2.298812894944135e-05	-18.61478139830169	1
0.0004854718340750601	-20.927013900509163	1
0.0003668668111766416	-20.334036492156372	1
2.843643818273534	-120	0
0.0003378883405502591	-20.189155794946974	1
0.00035446785240875894	-20.27204668551261	1
0.00012487342126536112	-19.124166878868603	1
2.843643818273534	-120	0
0.0002960012059932676	-19.979736970297342	1
0.00039303483358154125	-20.46486607869644	1
0.0005364736375022421	-21.18200240334408	1
0.0002036766781163419	-19.518151466328067	1
7.870674777782908e-05	-18.89335208091226	1
0.0005460315955649085	-21.229788349188873	1
0.00018656096191160414	-19.42355565501079	1
2.843643818273534	-120	0
0.0004410651764756817	-20.70499847406772	1
0.00046726011871374586	-20.835962648945728	1
2.843643818273534	-120	0
0.0003367515360798286	-20.183472229848242	1
